0 679 -1
1 677 -1
2 85 1
2 739 1
2 1340 1
2 1423 1
3 85 -1
3 214 -1
3 471 -1
3 679 1
3 851 -1
3 1423 -1
4 85 1
4 1042 1
4 1340 -1
4 1423 1
5 217 1
6 217 -1
6 679 1
6 1142 1
7 1353 1
8 337 1
8 471 -1
8 679 -1
8 911 -1
9 864 1
9 1418 1
10 538 -1
10 946 -1
10 1321 -1
11 466 -1
11 471 -1
12 149 1
12 405 -1
12 558 -1
12 608 1
12 610 1
12 1200 -1
12 1448 -1
13 1161 -1
14 21 1
14 85 1
14 214 1
14 1423 1
15 1340 -1
16 864 1
16 1418 1
17 214 1
17 471 -1
17 679 1
17 864 1
17 1418 1
18 819 -1
18 851 -1
19 851 1
20 69 1
20 471 -1
21 67 1
21 82 1
21 85 1
21 181 1
21 222 1
21 239 1
21 380 1
21 479 1
21 549 1
21 679 1
21 740 1
21 745 1
21 852 1
21 901 1
21 954 1
21 993 1
21 998 1
21 1020 1
21 1089 1
21 1119 1
21 1167 1
21 1218 1
21 1274 1
21 1295 1
21 1311 1
21 1328 1
21 1379 1
21 1384 1
21 1407 1
21 1423 1
21 1425 1
22 679 1
23 85 1
23 631 -1
23 1423 1
24 610 1
24 819 -1
24 851 1
24 929 -1
25 862 -1
25 881 -1
26 170 -1
26 234 -1
26 273 -1
26 300 -1
26 610 1
26 738 -1
26 747 -1
26 1139 -1
26 1348 -1
27 610 -1
28 1448 1
29 309 -1
29 610 1
29 1317 -1
30 85 1
30 1198 1
30 1423 1
31 610 1
32 466 -1
32 471 -1
33 85 1
33 752 1
33 1423 1
34 679 1
34 739 1
34 819 -1
35 114 1
36 214 1
36 679 -1
37 208 -1
37 1340 -1
38 610 1
38 1366 -1
39 864 1
39 1418 1
40 333 1
40 636 1
40 723 1
40 844 1
40 1238 1
40 1340 -1
40 1442 1
41 294 -1
41 425 -1
42 864 1
42 1418 1
43 555 1
43 610 1
43 945 -1
44 748 1
45 85 1
45 610 1
45 1030 -1
45 1423 1
46 85 1
46 610 1
46 1030 -1
46 1423 1
47 1340 1
48 214 1
48 471 -1
48 679 1
48 864 1
48 1338 -1
48 1418 1
49 819 -1
50 85 -1
50 466 1
50 610 1
50 679 1
50 1341 1
50 1423 -1
51 542 -1
52 217 1
52 1142 1
53 1071 1
54 610 1
54 921 1
55 851 1
56 851 1
57 864 1
57 1418 1
58 851 1
59 543 1
60 85 -1
60 374 -1
60 610 1
60 1423 -1
61 85 1
61 610 -1
61 679 -1
61 739 1
61 881 -1
61 1081 1
61 1102 -1
61 1423 1
62 679 1
63 411 -1
64 85 1
64 610 -1
64 679 -1
64 739 1
64 881 -1
64 1081 1
64 1102 -1
64 1423 1
65 610 1
66 466 -1
66 552 -1
66 610 1
67 85 1
67 214 1
67 1423 1
68 85 1
68 631 -1
68 1423 1
69 275 1
69 391 1
69 412 1
69 534 1
69 571 1
69 681 1
69 1013 1
69 1214 1
69 1286 -1
69 1320 -1
70 679 1
71 466 -1
71 610 1
71 864 -1
71 1418 -1
72 610 1
72 898 1
73 343 1
73 367 1
73 1353 1
74 85 1
74 610 1
74 1030 -1
74 1423 1
75 610 1
75 1340 1
76 610 -1
76 851 1
76 1102 -1
77 85 1
77 739 1
77 1340 1
77 1423 1
78 466 1
78 471 1
78 679 -1
79 85 1
79 1035 -1
79 1231 1
79 1338 1
79 1423 1
80 85 1
80 1198 1
80 1423 1
81 610 1
81 679 1
82 85 1
82 214 1
82 1423 1
83 900 1
84 606 -1
85 108 -1
85 121 1
85 127 1
85 131 -1
85 134 1
85 144 -1
85 145 1
85 146 1
85 159 -1
85 179 -1
85 198 1
85 215 -1
85 233 -1
85 249 -1
85 259 -1
85 269 1
85 283 1
85 287 -1
85 288 -1
85 298 1
85 307 1
85 311 -1
85 336 1
85 344 -1
85 355 1
85 359 1
85 384 1
85 386 -1
85 398 -1
85 401 1
85 410 -1
85 415 1
85 427 -1
85 430 -1
85 433 1
85 467 1
85 469 -1
85 472 1
85 473 1
85 474 -1
85 479 1
85 490 -1
85 502 1
85 544 -1
85 547 1
85 549 1
85 557 -1
85 567 -1
85 570 -1
85 596 -1
85 600 1
85 608 -1
85 623 -1
85 626 -1
85 629 1
85 631 -1
85 641 1
85 642 1
85 648 1
85 653 1
85 665 1
85 669 1
85 675 1
85 687 -1
85 694 1
85 712 1
85 733 1
85 740 1
85 754 1
85 761 1
85 768 1
85 791 1
85 798 1
85 802 1
85 804 1
85 813 1
85 816 1
85 826 1
85 829 1
85 834 -1
85 841 -1
85 851 1
85 852 1
85 855 1
85 864 -1
85 869 1
85 870 1
85 886 1
85 893 -1
85 899 -1
85 926 -1
85 938 1
85 951 1
85 952 1
85 954 1
85 956 1
85 960 1
85 966 1
85 977 1
85 978 1
85 988 1
85 993 1
85 995 1
85 1021 -1
85 1023 1
85 1029 1
85 1037 1
85 1047 -1
85 1067 1
85 1076 -1
85 1089 1
85 1094 -1
85 1109 -1
85 1112 -1
85 1114 1
85 1117 1
85 1126 1
85 1131 1
85 1132 1
85 1136 -1
85 1149 -1
85 1156 -1
85 1167 1
85 1178 -1
85 1180 1
85 1186 -1
85 1191 1
85 1196 -1
85 1201 1
85 1208 -1
85 1211 -1
85 1222 1
85 1236 -1
85 1252 1
85 1254 -1
85 1260 1
85 1263 1
85 1270 1
85 1272 1
85 1276 1
85 1284 -1
85 1287 1
85 1288 1
85 1293 1
85 1305 1
85 1310 -1
85 1313 1
85 1314 -1
85 1326 1
85 1328 1
85 1344 1
85 1346 1
85 1347 1
85 1374 1
85 1379 1
85 1389 -1
85 1390 1
85 1407 1
85 1409 1
85 1414 1
85 1418 -1
85 1423 -1
85 1424 1
85 1441 1
85 1449 1
85 1450 -1
86 606 -1
87 606 -1
88 309 -1
88 610 1
88 942 -1
89 819 -1
90 350 1
90 368 -1
90 1250 -1
90 1355 -1
90 1457 1
91 606 -1
92 392 1
93 610 -1
94 699 -1
94 739 1
94 830 -1
94 1340 -1
94 1356 -1
95 367 1
96 466 -1
96 552 -1
96 610 1
96 679 -1
96 1035 -1
96 1081 1
97 296 1
98 217 1
98 1142 1
99 851 -1
100 533 1
100 610 1
101 466 1
101 471 1
101 679 1
102 606 -1
103 864 1
103 1418 1
104 606 -1
105 610 1
105 1035 -1
106 628 -1
106 679 -1
107 610 -1
107 851 -1
107 1081 1
107 1157 -1
107 1320 1
108 610 1
108 1423 -1
109 610 1
109 851 -1
109 1024 1
110 610 1
111 864 1
111 1418 1
112 606 -1
113 497 -1
113 610 1
113 822 -1
113 1062 -1
113 1363 -1
113 1372 -1
114 382 1
114 439 1
114 593 1
114 1150 1
115 679 -1
116 236 -1
117 1035 -1
117 1162 -1
118 1087 -1
119 435 -1
119 610 1
119 679 1
120 677 1
121 471 1
121 679 1
121 851 -1
121 1200 1
121 1423 1
122 853 1
123 610 1
123 898 1
124 466 1
124 679 1
125 214 1
125 471 -1
125 679 1
125 864 1
125 1338 -1
125 1418 1
126 1439 1
127 752 1
127 1423 1
128 1448 -1
129 213 -1
129 406 -1
129 507 -1
129 519 -1
129 540 -1
129 582 -1
129 698 -1
129 780 -1
129 814 -1
129 837 -1
129 875 -1
129 984 -1
129 1035 -1
129 1334 -1
130 224 1
130 610 1
131 343 1
131 367 1
131 466 -1
131 610 1
131 679 -1
131 1035 -1
131 1353 1
131 1423 -1
132 853 1
133 606 -1
134 302 -1
134 466 -1
134 610 -1
134 677 1
134 1423 1
135 389 -1
135 610 1
135 677 -1
135 851 -1
135 1099 -1
136 343 1
136 361 -1
136 367 1
136 654 -1
136 748 -1
136 902 -1
136 1353 1
137 851 1
138 679 1
139 739 -1
140 1200 1
140 1439 1
141 471 -1
141 679 1
141 1339 -1
142 610 1
142 851 -1
142 1024 1
143 851 1
144 466 -1
144 471 1
144 679 -1
144 851 1
144 1423 -1
145 748 -1
145 1423 1
146 631 -1
146 1423 1
147 864 1
147 1418 1
148 895 1
149 169 -1
149 223 1
149 237 1
149 362 1
149 387 1
149 405 -1
149 558 -1
149 608 1
149 610 1
149 635 1
149 1100 1
149 1200 -1
149 1431 1
149 1448 -1
150 1439 -1
151 864 1
151 1296 1
151 1418 1
152 610 1
152 881 1
152 1331 -1
153 610 1
154 610 1
155 610 1
155 1058 -1
156 610 1
156 851 -1
156 1317 -1
157 679 1
157 739 1
157 819 -1
158 610 1
158 679 -1
158 1035 1
159 466 1
159 610 1
159 679 1
159 1341 1
159 1423 -1
160 610 -1
160 851 1
160 1102 -1
161 533 1
161 610 1
162 576 1
162 610 1
163 174 -1
164 610 1
164 970 -1
165 679 1
166 612 1
167 1102 -1
168 610 1
168 881 -1
170 610 1
171 1448 -1
172 1035 -1
173 501 -1
174 186 -1
174 220 -1
174 295 -1
174 459 -1
174 990 -1
174 1133 -1
174 1172 -1
174 1197 -1
174 1215 -1
175 199 -1
176 679 1
177 367 1
177 1353 1
178 517 1
178 1340 1
179 466 -1
179 471 1
179 679 -1
179 851 1
179 1423 -1
180 610 -1
180 853 1
180 1081 1
180 1157 1
180 1320 1
180 1396 1
181 677 -1
181 864 1
181 1418 1
182 1448 1
183 357 1
184 214 -1
184 466 -1
184 739 -1
185 543 1
187 819 -1
187 881 1
188 543 1
189 1353 1
190 610 1
191 466 1
191 471 1
191 679 1
192 1439 1
193 1304 1
194 610 1
194 898 1
195 466 1
195 748 1
195 940 1
195 1019 -1
196 214 1
196 482 1
196 679 1
196 1336 -1
197 1231 1
198 610 1
198 1030 -1
198 1423 1
199 417 -1
199 760 -1
199 928 -1
199 1082 -1
200 1439 1
201 377 -1
201 1340 -1
201 1400 -1
202 1439 1
203 606 -1
204 309 -1
204 610 1
205 214 1
205 482 1
205 679 1
205 1336 -1
206 471 1
206 628 -1
206 679 1
206 911 1
207 466 1
207 693 1
208 708 -1
208 811 -1
209 679 -1
209 819 -1
210 610 1
210 679 1
210 1341 1
211 405 1
211 558 1
211 606 -1
211 701 -1
212 610 1
212 679 1
212 1341 1
213 610 -1
214 241 -1
214 267 1
214 321 -1
214 345 1
214 365 1
214 431 -1
214 457 -1
214 471 1
214 479 1
214 549 1
214 565 -1
214 615 -1
214 650 -1
214 740 1
214 746 -1
214 839 1
214 842 1
214 872 1
214 913 -1
214 957 1
214 993 1
214 996 1
214 1017 1
214 1033 1
214 1045 1
214 1059 -1
214 1143 1
214 1167 1
214 1188 1
214 1221 1
214 1227 -1
214 1230 1
214 1310 -1
214 1314 -1
214 1328 1
215 610 1
215 679 -1
215 1035 1
215 1423 -1
216 610 1
216 679 1
216 1341 1
217 299 1
217 384 1
217 461 -1
217 503 -1
217 578 1
217 666 1
217 695 -1
217 702 -1
217 718 1
217 803 1
217 971 1
217 1007 -1
217 1138 1
217 1142 1
217 1176 1
217 1201 1
217 1270 1
217 1282 1
217 1443 1
218 233 -1
218 525 -1
218 610 1
218 774 -1
218 944 -1
218 958 -1
218 1298 -1
218 1389 -1
218 1393 -1
218 1416 -1
219 679 -1
221 864 1
221 1418 1
222 610 1
222 679 -1
222 1119 1
224 541 1
224 546 1
224 577 1
224 610 1
225 608 -1
225 1340 -1
226 471 -1
226 610 1
226 679 1
227 1439 1
228 851 1
229 942 -1
230 862 -1
230 881 -1
231 610 1
231 1035 -1
232 1051 1
232 1422 -1
233 610 1
233 679 1
233 851 1
233 1423 -1
234 610 1
235 367 1
236 261 -1
237 1448 -1
238 739 -1
239 610 1
239 679 -1
239 1119 1
240 1035 -1
241 851 1
241 1087 -1
241 1331 -1
242 1035 -1
243 610 -1
243 851 1
243 1102 -1
244 610 1
244 828 -1
245 748 1
246 466 -1
246 533 1
246 610 1
247 864 1
247 1418 1
248 1340 -1
249 610 -1
249 739 -1
249 851 -1
249 1423 -1
250 739 -1
251 466 -1
251 610 1
251 677 1
251 679 -1
252 851 1
253 552 -1
253 1448 1
254 679 1
255 1035 -1
256 606 -1
257 606 -1
258 1035 -1
258 1228 -1
259 466 -1
259 471 -1
259 679 -1
259 1423 -1
260 1388 1
262 1388 1
263 1161 -1
264 1102 -1
265 466 1
265 552 -1
265 610 1
265 851 1
266 739 -1
266 851 1
266 1340 -1
267 471 -1
267 679 1
267 864 1
267 1338 -1
267 1418 1
268 610 1
268 851 1
268 1340 1
269 610 1
269 679 1
269 805 1
269 1180 1
269 1423 1
270 1340 1
271 471 -1
271 679 1
271 825 1
272 677 -1
273 610 1
274 851 1
275 367 -1
275 739 -1
275 1081 1
275 1320 1
275 1340 -1
276 1102 -1
277 940 1
278 1035 -1
279 1340 -1
279 1448 1
280 1071 1
281 471 -1
281 679 1
281 825 1
282 466 1
282 471 -1
282 610 1
282 679 1
282 825 1
282 851 -1
282 1035 1
283 542 1
283 1423 1
284 466 1
284 748 1
284 940 1
284 1019 -1
285 1048 1
286 1340 -1
287 374 -1
287 610 1
287 1423 -1
288 374 -1
288 1423 -1
289 864 1
289 1418 1
290 610 1
290 735 1
291 637 -1
292 864 1
292 1418 1
293 1035 -1
295 475 1
295 676 1
295 777 1
297 679 1
297 1340 -1
297 1388 1
298 631 -1
298 1423 1
300 610 1
301 1353 1
302 1029 -1
302 1051 1
302 1260 -1
303 1231 1
304 610 1
304 679 1
304 851 -1
304 1068 1
305 466 1
305 748 1
305 940 1
305 1019 -1
306 1448 -1
307 739 1
307 1340 1
307 1423 1
308 679 1
309 429 -1
309 441 -1
309 559 -1
309 751 -1
309 782 -1
309 809 -1
309 890 -1
309 896 -1
309 924 -1
309 941 -1
309 1191 1
309 1277 -1
309 1381 -1
310 739 -1
310 851 1
311 608 -1
311 610 1
311 902 -1
311 1423 -1
312 471 -1
312 679 1
312 911 -1
313 864 1
313 1418 1
314 851 1
315 679 1
315 853 1
316 843 1
316 1448 1
317 940 1
318 679 1
318 1035 -1
318 1340 1
319 610 1
320 851 1
321 851 1
321 1087 -1
321 1331 -1
322 679 -1
323 466 1
323 471 -1
323 693 1
323 851 -1
323 911 -1
323 1338 -1
324 610 1
324 679 1
324 1341 1
325 610 1
325 1340 1
325 1367 1
325 1371 -1
326 929 1
327 1268 -1
328 606 -1
329 1035 -1
330 505 -1
330 610 -1
330 703 -1
331 367 1
332 610 1
332 735 1
334 466 -1
334 1255 -1
335 466 -1
335 1035 -1
335 1320 1
336 929 -1
336 1331 -1
336 1423 1
336 1448 1
337 969 1
338 1448 1
339 628 -1
339 679 1
339 851 -1
339 864 1
339 911 1
339 1418 1
340 748 1
340 819 -1
341 739 -1
341 851 1
341 1340 -1
342 610 1
342 1366 -1
343 443 1
343 783 1
343 808 1
343 846 1
343 858 1
343 927 1
343 1152 1
343 1163 1
343 1177 1
344 466 1
344 610 1
344 679 1
344 1341 1
344 1423 -1
345 471 -1
345 679 1
345 864 1
345 1338 -1
345 1418 1
346 610 1
346 679 -1
346 1035 1
347 1445 1
348 1340 -1
349 471 -1
349 679 1
349 911 -1
351 466 1
351 693 1
352 679 1
352 921 1
353 466 1
353 471 -1
353 693 1
353 851 -1
353 911 -1
353 1338 -1
354 679 1
355 610 1
355 1030 -1
355 1423 1
356 679 1
356 1340 -1
356 1388 1
357 610 1
357 1411 1
358 1338 -1
359 1051 -1
359 1423 1
360 1087 -1
360 1331 -1
361 1152 -1
362 405 -1
362 558 -1
362 608 1
362 610 1
362 1200 -1
362 1448 -1
363 576 1
363 610 1
364 610 1
364 921 1
365 482 1
365 679 1
365 1336 -1
366 902 -1
367 375 1
367 408 1
367 412 -1
367 534 -1
367 583 1
367 610 1
367 657 1
367 680 1
367 807 -1
367 808 1
367 851 1
367 858 1
367 909 -1
367 927 1
367 959 -1
367 1004 1
367 1152 1
367 1163 1
367 1220 1
367 1353 1
369 1340 -1
370 610 -1
371 466 -1
371 608 -1
371 610 -1
371 748 1
371 1051 -1
372 677 -1
373 411 -1
373 542 -1
374 410 -1
374 474 -1
374 544 -1
374 687 -1
375 1353 1
376 466 1
376 981 -1
377 557 -1
377 610 1
377 785 -1
377 851 1
377 949 -1
377 953 -1
377 1186 -1
377 1398 -1
377 1402 -1
378 819 -1
379 1051 1
379 1422 -1
380 610 1
380 679 -1
380 1119 1
381 466 -1
381 679 -1
383 679 1
383 1035 -1
384 1423 1
385 471 -1
385 679 1
385 911 -1
386 851 -1
386 1423 -1
387 1448 -1
388 411 -1
388 542 -1
389 610 1
389 677 -1
389 851 -1
390 739 -1
390 851 1
390 1340 -1
391 610 1
393 940 1
393 1102 -1
393 1340 1
394 411 -1
395 940 1
395 1102 -1
395 1340 1
396 940 1
396 1102 1
397 628 -1
398 1423 -1
399 739 -1
399 851 1
399 1340 -1
400 679 1
401 1035 -1
401 1231 1
401 1338 1
401 1423 1
402 1350 1
403 739 -1
403 851 1
403 1340 -1
404 940 1
405 526 1
405 558 1
405 690 1
405 721 1
405 723 1
405 761 1
405 826 1
405 864 -1
405 922 1
405 979 1
405 986 1
405 1041 1
405 1083 1
405 1222 1
405 1313 1
405 1326 1
405 1418 -1
405 1431 -1
406 748 1
407 851 1
409 1439 1
410 610 1
410 1423 -1
411 416 -1
411 436 -1
411 548 -1
411 588 -1
411 682 -1
411 1186 -1
411 1281 -1
412 739 -1
412 1081 1
412 1320 1
412 1340 -1
413 612 1
413 929 -1
414 1448 1
415 466 1
415 679 -1
415 1423 1
418 610 1
418 757 1
419 1035 -1
420 610 1
420 1340 1
420 1367 1
420 1371 -1
421 851 1
422 739 -1
422 851 1
422 1340 -1
423 610 1
423 828 -1
424 610 1
424 1340 1
426 851 1
427 471 1
427 610 -1
427 677 -1
427 679 1
427 851 -1
427 911 1
427 1340 -1
427 1423 -1
428 851 1
429 610 1
430 466 -1
430 471 -1
430 679 -1
430 1423 -1
431 466 -1
431 739 -1
432 1058 -1
433 1035 -1
433 1231 1
433 1338 1
433 1423 1
434 940 1
435 634 -1
435 714 -1
435 970 -1
435 1034 -1
435 1080 -1
435 1294 -1
437 466 -1
437 610 1
437 1051 -1
438 851 1
440 1448 -1
441 610 1
442 610 -1
443 610 1
443 851 1
443 1163 -1
443 1353 1
444 853 1
445 739 -1
446 610 1
446 612 1
446 851 1
446 929 1
446 1228 -1
447 1338 1
448 466 -1
448 679 1
449 610 1
449 1058 -1
450 1019 -1
451 1035 -1
452 851 1
453 940 1
454 466 -1
454 679 1
455 466 -1
455 552 -1
455 610 1
455 679 -1
455 1035 -1
455 1081 1
456 1448 1
457 610 1
458 940 1
460 482 1
460 610 1
460 739 1
460 1035 1
460 1200 -1
460 1448 -1
462 679 1
463 606 -1
464 677 -1
464 945 -1
464 1066 -1
464 1439 -1
465 466 1
465 748 1
465 940 1
465 1019 -1
466 477 -1
466 490 1
466 493 -1
466 495 -1
466 525 -1
466 561 -1
466 574 -1
466 581 -1
466 584 -1
466 585 -1
466 590 -1
466 591 -1
466 596 1
466 601 -1
466 623 1
466 626 -1
466 627 -1
466 630 -1
466 642 -1
466 662 1
466 665 -1
466 668 -1
466 674 -1
466 678 -1
466 679 -1
466 686 -1
466 688 -1
466 689 -1
466 700 1
466 710 -1
466 736 -1
466 744 -1
466 746 -1
466 769 -1
466 774 -1
466 815 1
466 816 1
466 820 -1
466 834 -1
466 841 -1
466 858 -1
466 867 1
466 874 -1
466 885 -1
466 886 -1
466 887 1
466 893 -1
466 913 -1
466 919 -1
466 958 -1
466 962 -1
466 977 -1
466 985 -1
466 992 -1
466 1024 1
466 1029 -1
466 1047 -1
466 1070 -1
466 1074 -1
466 1079 -1
466 1090 -1
466 1103 -1
466 1106 -1
466 1124 -1
466 1126 -1
466 1136 1
466 1141 -1
466 1156 -1
466 1178 -1
466 1194 -1
466 1195 -1
466 1208 -1
466 1211 -1
466 1227 -1
466 1232 -1
466 1240 -1
466 1246 -1
466 1254 -1
466 1255 -1
466 1260 -1
466 1284 -1
466 1286 1
466 1301 -1
466 1320 1
466 1323 1
466 1327 1
466 1351 1
466 1361 1
466 1380 1
466 1387 -1
466 1392 -1
466 1403 1
466 1414 1
466 1415 1
466 1416 -1
466 1417 1
466 1446 -1
467 471 1
467 679 1
467 851 -1
467 1200 1
467 1423 1
468 739 -1
468 851 1
468 1340 -1
469 610 1
469 851 -1
469 1423 -1
470 940 1
470 1102 1
471 489 1
471 510 -1
471 571 -1
471 579 -1
471 600 -1
471 626 1
471 643 -1
471 679 -1
471 681 -1
471 710 -1
471 745 -1
471 768 1
471 784 -1
471 812 -1
471 815 1
471 825 -1
471 834 1
471 839 -1
471 841 1
471 842 -1
471 866 -1
471 868 -1
471 869 1
471 872 -1
471 880 -1
471 887 -1
471 893 1
471 957 -1
471 969 -1
471 996 -1
471 1017 -1
471 1033 -1
471 1039 -1
471 1045 -1
471 1047 1
471 1092 1
471 1096 -1
471 1103 -1
471 1149 1
471 1153 1
471 1156 1
471 1170 1
471 1178 1
471 1187 1
471 1188 -1
471 1194 -1
471 1196 1
471 1208 1
471 1211 1
471 1221 -1
471 1236 1
471 1240 -1
471 1246 -1
471 1254 1
471 1263 1
471 1284 1
471 1306 1
471 1310 -1
471 1314 -1
471 1323 -1
471 1333 -1
471 1339 -1
471 1341 -1
471 1345 1
471 1361 -1
471 1378 -1
471 1380 -1
471 1392 -1
471 1397 -1
471 1441 -1
472 1423 1
473 1198 1
473 1423 1
474 610 1
474 1423 -1
476 739 -1
477 610 1
477 847 -1
477 1394 -1
478 851 1
479 1423 1
480 1268 -1
481 1102 -1
482 926 1
482 1143 1
482 1230 1
483 1268 -1
484 864 1
484 1418 1
485 677 -1
486 895 1
487 610 1
488 851 1
489 911 -1
490 610 1
490 679 1
490 1341 1
490 1423 -1
491 864 1
491 1418 1
492 739 -1
493 610 1
493 847 -1
493 1394 -1
494 1057 -1
495 606 -1
496 739 1
497 610 1
497 851 -1
497 864 -1
497 1062 -1
497 1418 -1
498 576 1
498 610 1
499 1338 -1
500 739 -1
500 851 1
500 1340 -1
501 790 -1
501 1116 -1
501 1365 -1
501 1399 -1
502 631 -1
502 1423 1
503 679 1
503 1142 1
504 739 -1
504 920 1
506 851 1
507 1231 1
508 530 -1
509 610 -1
509 851 -1
509 1081 1
509 1157 -1
509 1320 1
510 679 1
510 911 -1
511 612 1
511 929 -1
512 845 -1
513 843 1
513 1448 1
514 739 -1
514 851 1
515 1331 -1
516 530 -1
517 610 1
517 851 -1
518 1439 1
520 1081 1
520 1448 1
521 1448 1
522 1035 -1
523 610 1
523 851 -1
523 1024 1
524 1035 -1
525 610 1
525 679 1
525 851 1
525 864 1
525 1418 1
526 558 1
527 610 1
527 851 -1
527 1317 -1
528 1058 -1
529 1439 1
530 644 -1
530 1061 -1
531 819 -1
532 1340 -1
533 564 1
533 610 1
533 980 1
534 739 -1
534 1081 1
534 1320 1
534 1340 -1
535 739 -1
535 851 1
536 610 -1
536 739 1
537 679 1
537 1228 -1
538 610 1
538 970 -1
539 606 -1
541 610 1
542 588 -1
542 792 -1
542 818 -1
542 1005 -1
542 1053 -1
542 1186 1
543 550 1
543 699 1
543 728 1
543 771 1
543 830 1
543 1097 1
543 1340 -1
543 1356 1
543 1391 -1
544 610 1
544 1423 -1
545 582 1
545 819 -1
546 610 1
547 752 1
547 1423 1
549 1423 1
550 699 1
550 830 1
550 1340 -1
550 1356 1
551 608 1
552 610 1
552 623 -1
552 674 -1
552 856 1
552 863 1
552 919 -1
552 1090 -1
552 1118 1
552 1123 -1
552 1195 -1
552 1202 1
552 1232 -1
552 1241 1
552 1369 -1
553 1058 -1
554 679 -1
555 610 1
555 912 1
555 945 -1
555 1000 1
555 1278 -1
555 1382 1
556 610 1
557 1400 -1
557 1423 -1
558 690 1
558 721 1
558 723 1
558 761 1
558 826 1
558 864 -1
558 922 1
558 979 1
558 986 1
558 1041 1
558 1081 1
558 1083 1
558 1222 1
558 1313 1
558 1326 1
558 1340 -1
558 1418 -1
558 1431 -1
560 864 1
560 1418 1
561 1051 -1
562 851 1
563 832 1
564 610 1
565 851 1
565 1087 -1
565 1331 -1
566 606 -1
567 1423 -1
568 610 1
569 679 1
570 610 1
570 851 -1
570 1423 -1
572 864 1
572 1418 1
573 1102 -1
574 610 1
574 847 -1
574 1394 -1
575 679 1
575 1228 -1
576 797 1
576 933 1
576 1410 1
577 610 1
579 679 1
579 1339 -1
580 606 -1
581 610 1
581 825 1
582 698 1
582 732 1
582 1334 1
582 1373 1
585 610 1
585 679 -1
586 1081 1
586 1448 1
587 610 1
589 1071 1
590 679 1
591 1051 -1
592 1035 -1
592 1228 -1
594 1320 1
595 660 1
596 610 1
596 679 1
596 1341 1
596 1423 -1
597 610 1
597 851 -1
597 1317 -1
598 1353 1
599 864 1
599 1418 1
600 610 1
600 679 1
600 851 -1
600 1423 1
601 1255 -1
602 851 1
603 1439 1
604 851 1
605 1338 -1
606 620 -1
606 672 -1
606 707 -1
606 737 -1
606 766 -1
606 787 -1
606 918 -1
606 934 -1
606 961 -1
606 964 -1
606 979 -1
606 991 -1
606 1002 -1
606 1070 -1
606 1115 -1
606 1127 -1
606 1145 -1
606 1251 -1
606 1262 -1
606 1266 -1
606 1299 -1
607 610 1
607 679 -1
607 1035 1
608 864 -1
608 926 1
608 1326 -1
608 1418 -1
608 1423 -1
608 1431 1
609 610 1
609 1340 1
609 1367 1
609 1371 -1
610 615 1
610 631 -1
610 634 1
610 638 -1
610 641 -1
610 646 1
610 647 1
610 648 1
610 659 1
610 667 -1
610 668 1
610 673 1
610 674 1
610 687 1
610 688 1
610 691 1
610 692 1
610 694 1
610 699 1
610 714 1
610 715 1
610 726 1
610 731 1
610 738 1
610 747 1
610 751 1
610 757 1
610 763 1
610 769 1
610 774 1
610 776 1
610 789 1
610 791 1
610 795 1
610 797 1
610 802 1
610 809 1
610 812 1
610 822 1
610 825 1
610 828 1
610 830 1
610 835 1
610 849 1
610 851 -1
610 856 1
610 859 1
610 863 1
610 864 1
610 871 1
610 874 1
610 878 -1
610 879 1
610 880 1
610 886 1
610 890 1
610 894 1
610 896 1
610 898 1
610 901 1
610 904 1
610 906 -1
610 912 1
610 914 1
610 919 1
610 921 1
610 924 1
610 925 1
610 930 -1
610 933 1
610 939 1
610 944 1
610 946 1
610 951 1
610 958 1
610 967 -1
610 970 1
610 980 1
610 982 1
610 989 1
610 992 1
610 998 1
610 999 1
610 1000 1
610 1010 1
610 1011 1
610 1013 1
610 1016 -1
610 1018 1
610 1020 1
610 1021 1
610 1024 1
610 1026 1
610 1028 1
610 1029 -1
610 1032 1
610 1034 1
610 1035 1
610 1036 1
610 1040 1
610 1048 1
610 1054 -1
610 1059 1
610 1060 1
610 1063 1
610 1073 1
610 1076 -1
610 1080 1
610 1081 -1
610 1088 1
610 1094 1
610 1099 1
610 1101 1
610 1105 1
610 1109 1
610 1113 1
610 1118 1
610 1119 1
610 1121 1
610 1125 1
610 1136 1
610 1139 1
610 1144 1
610 1146 1
610 1149 -1
610 1154 1
610 1158 1
610 1159 -1
610 1163 1
610 1173 1
610 1180 1
610 1181 1
610 1195 1
610 1196 -1
610 1199 -1
610 1202 1
610 1214 1
610 1218 1
610 1223 1
610 1224 1
610 1231 1
610 1232 1
610 1234 1
610 1236 -1
610 1237 -1
610 1241 1
610 1247 1
610 1248 1
610 1260 -1
610 1264 1
610 1269 1
610 1276 1
610 1278 1
610 1280 1
610 1286 -1
610 1288 -1
610 1289 1
610 1291 1
610 1293 1
610 1294 1
610 1295 1
610 1298 1
610 1301 1
610 1311 1
610 1316 1
610 1320 -1
610 1321 1
610 1329 1
610 1331 1
610 1335 1
610 1337 1
610 1341 1
610 1344 1
610 1348 1
610 1356 1
610 1359 -1
610 1363 1
610 1367 1
610 1368 1
610 1371 1
610 1372 1
610 1374 1
610 1381 1
610 1382 1
610 1383 -1
610 1384 1
610 1385 1
610 1386 1
610 1389 1
610 1393 1
610 1400 1
610 1404 1
610 1410 1
610 1411 1
610 1416 1
610 1418 1
610 1424 1
610 1425 1
610 1429 1
610 1431 1
610 1441 1
610 1447 1
610 1449 1
610 1450 1
610 1451 1
610 1459 1
610 1460 1
611 1340 -1
612 656 1
612 929 1
612 1223 1
612 1439 1
613 940 1
613 1102 -1
613 1340 1
614 940 1
616 1448 1
617 679 1
617 1231 1
618 851 1
619 940 1
621 1209 -1
621 1285 -1
622 940 1
622 1102 1
623 679 -1
623 1423 -1
624 679 -1
624 843 1
625 862 1
626 679 -1
626 851 1
626 1423 -1
627 1081 1
627 1320 1
627 1340 -1
627 1391 1
628 655 -1
628 743 -1
628 765 -1
628 908 -1
628 936 -1
628 1108 -1
628 1153 -1
628 1169 -1
628 1170 -1
628 1187 -1
628 1306 -1
628 1373 -1
629 739 1
629 1340 1
629 1423 1
630 679 1
631 733 -1
631 754 -1
631 798 -1
631 1305 -1
631 1423 -1
632 679 1
633 864 1
633 1418 1
637 1412 -1
638 739 1
639 726 -1
639 731 -1
639 999 -1
639 1088 -1
639 1146 -1
640 748 1
641 1423 1
642 673 1
642 1423 1
643 679 1
643 1339 -1
645 1340 1
646 677 -1
648 1030 -1
648 1423 1
649 679 1
649 1340 -1
650 851 1
650 1087 -1
650 1331 -1
651 1439 1
652 1268 -1
653 679 -1
653 1423 1
654 1152 -1
658 677 -1
661 679 1
661 1340 -1
661 1388 1
662 748 1
662 940 1
662 1019 -1
663 1439 1
664 1081 1
665 673 1
665 1423 1
666 1142 1
667 853 1
667 1081 1
667 1157 1
667 1320 1
667 1396 1
668 847 -1
668 1394 -1
669 1423 1
670 1439 1
671 1340 -1
673 851 -1
673 977 1
673 1126 1
675 1198 1
675 1423 1
677 700 1
677 810 1
677 820 1
677 866 -1
677 992 -1
677 1009 -1
677 1026 -1
677 1029 1
677 1099 -1
677 1149 -1
677 1158 -1
677 1175 -1
677 1196 -1
677 1236 -1
677 1249 -1
677 1260 1
677 1275 -1
677 1291 -1
677 1417 1
678 851 1
678 1051 -1
679 695 1
679 702 1
679 704 1
679 712 1
679 713 1
679 734 1
679 736 1
679 743 1
679 744 1
679 745 1
679 763 -1
679 764 1
679 765 1
679 768 1
679 769 -1
679 774 1
679 779 -1
679 784 1
679 795 1
679 801 1
679 802 1
679 812 1
679 813 -1
679 815 -1
679 816 -1
679 825 1
679 834 -1
679 836 -1
679 839 1
679 841 -1
679 842 1
679 852 1
679 857 1
679 861 -1
679 866 1
679 868 1
679 869 1
679 872 1
679 880 1
679 883 1
679 885 1
679 893 -1
679 901 -1
679 908 1
679 919 -1
679 932 1
679 936 1
679 951 1
679 954 1
679 956 1
679 957 1
679 958 1
679 962 1
679 963 1
679 966 -1
679 969 -1
679 972 1
679 975 -1
679 978 1
679 987 1
679 988 1
679 996 1
679 998 -1
679 1007 1
679 1017 1
679 1020 -1
679 1023 -1
679 1033 1
679 1039 1
679 1045 1
679 1047 -1
679 1089 1
679 1094 -1
679 1096 1
679 1104 1
679 1106 1
679 1108 1
679 1109 -1
679 1114 -1
679 1117 1
679 1119 -1
679 1120 1
679 1131 -1
679 1135 1
679 1136 1
679 1141 1
679 1143 1
679 1149 1
679 1153 -1
679 1156 -1
679 1157 -1
679 1166 1
679 1169 1
679 1178 -1
679 1180 1
679 1188 1
679 1193 1
679 1195 -1
679 1196 1
679 1203 -1
679 1208 -1
679 1211 -1
679 1218 -1
679 1221 1
679 1230 1
679 1232 -1
679 1233 1
679 1236 1
679 1239 -1
679 1243 1
679 1245 1
679 1254 -1
679 1258 1
679 1263 1
679 1267 -1
679 1284 -1
679 1286 -1
679 1288 -1
679 1294 1
679 1295 -1
679 1297 1
679 1306 1
679 1310 1
679 1311 -1
679 1314 1
679 1320 -1
679 1333 1
679 1339 1
679 1341 1
679 1354 1
679 1373 -1
679 1374 1
679 1375 1
679 1378 1
679 1384 -1
679 1387 1
679 1389 1
679 1391 1
679 1397 1
679 1407 1
679 1414 -1
679 1415 1
679 1419 1
679 1425 -1
679 1435 1
679 1441 1
679 1449 1
679 1450 -1
680 1353 1
683 1102 -1
684 1439 1
685 940 1
686 1255 -1
687 1423 -1
688 847 -1
688 1394 -1
689 1081 1
689 1320 1
689 1340 -1
689 1391 1
691 1035 -1
692 942 -1
693 887 1
693 1071 -1
693 1323 1
693 1340 -1
693 1361 1
693 1380 1
693 1403 1
694 1030 -1
694 1423 1
695 1142 1
696 819 -1
697 900 1
699 851 -1
699 1340 -1
700 1340 -1
701 979 -1
702 1142 1
704 1340 -1
704 1388 1
705 851 1
706 940 1
706 1102 -1
706 1340 1
708 1340 -1
709 1035 -1
711 1058 -1
712 1423 1
712 1439 1
713 1035 -1
713 1340 1
716 864 1
716 1418 1
717 1081 1
717 1448 1
718 1340 -1
719 1331 -1
719 1448 1
720 1340 -1
722 739 -1
722 851 1
722 1340 -1
723 1340 -1
724 739 -1
724 851 1
725 1161 -1
726 739 1
726 881 1
726 1340 1
727 851 1
729 1448 1
730 864 1
730 1418 1
731 739 1
731 1340 1
732 1035 -1
733 1423 1
739 746 -1
739 762 -1
739 770 -1
739 806 1
739 838 -1
739 854 1
739 866 -1
739 877 -1
739 905 1
739 913 -1
739 917 -1
739 921 1
739 926 -1
739 937 -1
739 999 1
739 1025 -1
739 1031 -1
739 1037 1
739 1038 -1
739 1081 1
739 1084 -1
739 1088 1
739 1114 1
739 1146 1
739 1164 -1
739 1165 -1
739 1174 -1
739 1182 -1
739 1216 -1
739 1227 -1
739 1229 1
739 1258 1
739 1259 -1
739 1273 -1
739 1287 1
739 1288 1
739 1346 1
739 1362 -1
739 1401 -1
739 1413 -1
739 1452 -1
740 1423 1
741 864 1
741 1418 1
742 858 1
742 1353 1
743 851 -1
743 864 1
743 911 1
743 1418 1
745 911 1
748 793 1
748 814 1
748 867 1
748 935 1
748 941 1
748 955 1
748 981 -1
748 989 1
748 1140 -1
748 1152 -1
748 1200 1
748 1242 1
748 1351 1
748 1369 1
748 1453 1
749 851 1
750 864 1
750 1418 1
752 870 1
752 952 1
752 1272 1
753 864 1
753 1418 1
754 1423 1
755 819 -1
756 1102 -1
757 781 1
757 1018 1
757 1460 1
758 1081 1
758 1320 1
758 1340 -1
759 864 1
759 1418 1
761 1423 1
763 1035 1
765 851 -1
765 864 1
765 911 1
765 1418 1
767 851 1
768 851 -1
768 1200 1
768 1423 1
769 929 -1
770 851 1
770 1340 -1
772 940 1
772 1102 1
773 1035 -1
774 851 1
774 864 1
774 1418 1
775 1439 1
776 828 -1
778 1168 1
784 911 -1
785 1340 -1
785 1400 -1
786 851 1
788 851 1
791 1030 -1
791 1423 1
792 1448 1
794 1439 1
795 851 -1
796 1035 -1
798 1423 1
799 1340 -1
800 1448 -1
801 1035 -1
802 805 1
802 1180 1
802 1423 1
803 1340 -1
804 1050 1
804 1423 1
805 951 1
805 1180 1
805 1374 1
805 1449 1
806 997 1
806 1340 -1
808 1353 1
809 1317 -1
811 1340 -1
812 825 1
813 1423 1
816 1423 1
817 1340 -1
819 947 -1
819 959 -1
819 1014 -1
819 1028 -1
819 1035 -1
819 1086 -1
819 1183 -1
819 1185 -1
819 1203 -1
819 1209 -1
819 1258 -1
819 1285 -1
819 1300 -1
819 1360 -1
819 1376 -1
819 1420 -1
819 1453 -1
821 902 -1
822 1062 -1
823 1304 1
824 1448 -1
825 1039 1
825 1378 1
826 1423 1
827 1340 -1
828 904 -1
828 1248 -1
829 851 -1
829 1423 1
830 851 -1
830 1340 -1
831 1448 -1
832 1212 1
832 1325 1
833 940 1
834 851 1
834 1423 -1
838 851 1
839 864 1
839 1338 -1
839 1418 1
840 1353 1
841 851 1
841 1423 -1
842 864 1
842 1418 1
843 876 1
843 923 1
843 1098 1
843 1308 1
843 1448 1
843 1454 1
844 1340 -1
847 874 -1
848 940 1
848 1320 1
850 1035 -1
851 865 1
851 866 1
851 869 -1
851 878 1
851 887 -1
851 888 1
851 889 1
851 893 1
851 907 1
851 908 -1
851 917 1
851 930 1
851 936 -1
851 940 1
851 958 1
851 960 -1
851 992 -1
851 1008 1
851 1016 1
851 1021 -1
851 1024 -1
851 1028 1
851 1038 1
851 1043 1
851 1047 1
851 1049 1
851 1052 1
851 1060 1
851 1063 1
851 1077 1
851 1090 1
851 1095 1
851 1099 -1
851 1108 -1
851 1124 1
851 1129 -1
851 1130 -1
851 1144 -1
851 1148 1
851 1149 -1
851 1156 1
851 1159 1
851 1163 1
851 1164 1
851 1165 1
851 1169 -1
851 1173 1
851 1174 1
851 1178 1
851 1196 -1
851 1204 1
851 1207 1
851 1208 1
851 1209 1
851 1211 1
851 1216 1
851 1223 1
851 1224 1
851 1236 -1
851 1244 1
851 1254 1
851 1259 1
851 1263 -1
851 1269 -1
851 1273 1
851 1284 1
851 1285 1
851 1286 -1
851 1289 -1
851 1310 -1
851 1314 -1
851 1320 -1
851 1322 1
851 1323 -1
851 1326 1
851 1340 1
851 1349 -1
851 1356 -1
851 1361 -1
851 1362 1
851 1372 -1
851 1380 -1
851 1383 1
851 1389 1
851 1395 1
851 1400 -1
851 1401 1
851 1408 1
851 1409 -1
851 1413 1
851 1423 1
851 1433 1
851 1434 1
851 1436 1
851 1452 1
851 1455 1
852 1423 1
853 1081 1
853 1091 1
853 1098 1
853 1104 1
853 1235 1
853 1396 1
855 1035 -1
855 1231 1
855 1338 1
855 1423 1
856 1035 -1
858 1353 1
859 945 -1
860 1439 1
862 881 -1
863 1035 -1
864 872 1
864 908 1
864 910 1
864 936 1
864 950 1
864 957 1
864 958 1
864 965 1
864 994 1
864 996 1
864 997 -1
864 1012 1
864 1017 1
864 1033 1
864 1035 -1
864 1045 1
864 1056 1
864 1065 1
864 1093 1
864 1108 1
864 1122 1
864 1137 1
864 1169 1
864 1171 1
864 1188 1
864 1205 1
864 1206 1
864 1221 1
864 1256 1
864 1274 1
864 1290 1
864 1297 1
864 1309 1
864 1324 1
864 1340 1
864 1363 -1
864 1364 1
864 1372 -1
864 1377 1
864 1423 -1
864 1426 1
864 1438 1
864 1444 1
867 940 1
867 1019 -1
868 911 -1
869 1423 1
870 1423 1
871 1035 -1
872 1418 1
873 1231 1
874 1394 -1
875 1231 1
876 1448 1
878 1102 -1
881 906 -1
881 940 1
881 999 1
881 1146 1
881 1288 -1
881 1300 1
882 1439 1
884 1448 1
886 1423 1
887 911 -1
887 1338 -1
891 1388 1
892 1102 -1
893 1423 -1
894 1024 1
897 1102 -1
898 1036 1
898 1234 1
898 1429 1
899 1423 -1
900 1257 1
901 1119 1
902 1152 -1
903 1071 1
905 1340 -1
908 911 1
908 1418 1
910 1418 1
911 936 1
911 969 -1
911 1092 -1
911 1108 1
911 1149 1
911 1153 1
911 1169 1
911 1170 1
911 1187 1
911 1196 1
911 1236 1
911 1306 1
911 1323 -1
911 1345 -1
911 1361 -1
911 1380 -1
912 945 -1
914 945 -1
914 1338 -1
915 1448 1
916 1388 1
917 1340 -1
919 1035 -1
919 1081 1
920 1279 1
921 925 1
921 942 -1
921 989 1
921 1060 1
921 1063 1
921 1135 1
921 1173 1
921 1292 1
923 1448 1
924 942 -1
926 1423 -1
926 1448 1
927 1353 1
929 1028 -1
929 1223 1
930 1102 -1
931 1338 -1
936 1418 1
938 1423 1
939 1190 1
940 1003 1
940 1064 1
940 1069 1
940 1142 1
940 1265 1
940 1271 1
940 1303 1
940 1332 1
940 1351 1
940 1357 1
940 1437 1
940 1458 1
942 1189 -1
942 1217 -1
942 1301 -1
942 1381 -1
943 1081 1
943 1340 1
945 1000 -1
945 1009 -1
945 1125 -1
945 1278 -1
945 1382 -1
946 970 -1
948 1448 -1
949 1400 -1
950 1418 1
951 1180 1
951 1423 1
952 1423 1
953 1340 -1
953 1400 -1
954 1423 1
956 1423 1
956 1439 1
957 1338 -1
957 1418 1
958 1418 1
959 1081 1
960 1231 1
960 1340 -1
960 1423 1
965 1418 1
966 1423 1
968 1035 -1
970 1034 -1
970 1080 -1
970 1321 -1
971 1340 -1
973 1320 1
974 1035 -1
976 1340 -1
977 1423 1
978 1423 1
978 1439 1
981 1327 -1
983 1340 -1
987 1340 -1
988 1423 1
988 1439 1
993 1423 1
994 1418 1
995 1347 -1
995 1423 1
996 1418 1
997 1418 -1
998 1119 1
999 1340 1
1001 1340 -1
1006 1353 1
1007 1142 1
1011 1331 -1
1012 1418 1
1015 1448 1
1016 1102 -1
1017 1338 -1
1017 1418 1
1019 1157 -1
1019 1209 1
1019 1285 1
1019 1320 -1
1019 1351 -1
1020 1119 1
1021 1423 -1
1022 1448 -1
1023 1423 1
1024 1113 1
1027 1439 1
1029 1423 1
1030 1276 -1
1030 1293 -1
1030 1344 -1
1030 1424 -1
1033 1418 1
1035 1040 -1
1035 1057 -1
1035 1076 1
1035 1082 1
1035 1094 1
1035 1109 1
1035 1118 -1
1035 1132 -1
1035 1162 1
1035 1181 -1
1035 1184 -1
1035 1193 -1
1035 1195 -1
1035 1202 -1
1035 1210 -1
1035 1231 1
1035 1232 -1
1035 1241 -1
1035 1252 -1
1035 1264 -1
1035 1280 -1
1035 1302 -1
1035 1329 -1
1035 1349 -1
1035 1353 1
1035 1373 -1
1035 1418 -1
1035 1419 -1
1035 1430 -1
1035 1450 1
1035 1456 -1
1037 1340 1
1037 1423 1
1038 1340 -1
1044 1340 1
1045 1418 1
1046 1439 1
1047 1423 -1
1051 1074 -1
1051 1124 -1
1055 1340 -1
1056 1418 1
1058 1101 -1
1058 1147 -1
1058 1154 -1
1058 1406 -1
1062 1363 -1
1062 1372 -1
1065 1418 1
1067 1423 1
1069 1320 1
1071 1075 1
1071 1134 1
1072 1102 -1
1076 1340 -1
1076 1423 -1
1078 1448 1
1081 1157 1
1081 1195 1
1081 1232 1
1081 1286 1
1081 1288 1
1081 1318 1
1081 1320 1
1081 1396 1
1082 1353 1
1085 1268 -1
1088 1340 1
1089 1423 1
1093 1418 1
1094 1423 -1
1096 1339 -1
1097 1340 -1
1098 1448 1
1100 1448 -1
1102 1107 -1
1102 1140 -1
1102 1159 -1
1102 1209 -1
1102 1285 -1
1102 1288 -1
1102 1357 1
1102 1383 -1
1102 1404 -1
1102 1440 -1
1108 1418 1
1109 1423 -1
1110 1231 -1
1111 1320 1
1112 1423 -1
1114 1423 1
1117 1423 1
1117 1439 1
1119 1218 1
1119 1295 1
1119 1311 1
1119 1384 1
1119 1425 1
1122 1418 1
1123 1448 1
1126 1423 1
1128 1336 1
1131 1423 1
1132 1231 1
1132 1338 1
1132 1423 1
1136 1341 1
1136 1423 -1
1137 1418 1
1138 1340 -1
1142 1282 1
1143 1336 -1
1144 1317 -1
1146 1340 1
1149 1340 -1
1149 1423 -1
1151 1340 -1
1152 1353 1
1155 1448 -1
1156 1423 -1
1157 1286 -1
1157 1320 -1
1157 1340 -1
1160 1448 -1
1161 1359 -1
1163 1353 1
1165 1340 -1
1166 1340 -1
1166 1388 1
1167 1423 1
1169 1418 1
1171 1418 1
1174 1340 -1
1178 1423 -1
1179 1353 1
1180 1374 1
1180 1423 1
1180 1449 1
1186 1400 -1
1186 1423 -1
1188 1418 1
1191 1317 1
1191 1340 -1
1191 1423 1
1192 1340 -1
1193 1340 1
1196 1340 -1
1196 1423 -1
1200 1263 1
1200 1431 -1
1201 1423 1
1205 1418 1
1206 1340 1
1206 1418 1
1208 1423 -1
1211 1423 -1
1213 1448 1
1219 1340 -1
1220 1353 1
1221 1418 1
1222 1423 1
1223 1228 -1
1224 1340 1
1225 1439 1
1226 1340 1
1228 1302 -1
1228 1430 -1
1229 1340 -1
1230 1336 -1
1231 1252 1
1231 1312 1
1231 1419 1
1236 1340 -1
1236 1423 -1
1237 1439 1
1252 1338 1
1252 1423 1
1253 1448 1
1254 1423 -1
1256 1340 1
1256 1418 1
1259 1340 -1
1260 1423 1
1261 1304 1
1263 1423 1
1269 1317 -1
1270 1423 1
1272 1423 1
1274 1418 1
1276 1423 1
1283 1350 1
1284 1423 -1
1286 1320 1
1286 1340 -1
1287 1340 1
1287 1423 1
1288 1423 1
1290 1418 1
1293 1423 1
1297 1418 1
1301 1353 1
1304 1315 1
1304 1358 1
1305 1423 1
1307 1448 -1
1308 1448 1
1309 1340 1
1309 1418 1
1310 1423 -1
1313 1423 1
1314 1423 -1
1318 1448 1
1319 1448 1
1320 1428 1
1323 1338 -1
1324 1418 1
1326 1423 1
1328 1423 1
1330 1340 -1
1336 1343 1
1338 1361 -1
1338 1380 -1
1339 1397 -1
1340 1341 -1
1340 1346 1
1340 1352 -1
1340 1356 -1
1340 1362 -1
1340 1367 1
1340 1371 1
1340 1398 -1
1340 1401 -1
1340 1405 -1
1340 1413 -1
1340 1417 -1
1340 1418 1
1340 1427 -1
1340 1443 -1
1340 1447 1
1340 1451 1
1340 1452 -1
1342 1448 -1
1344 1423 1
1346 1423 1
1347 1423 1
1350 1432 1
1353 1370 1
1363 1418 -1
1364 1418 1
1367 1447 1
1367 1451 1
1371 1447 -1
1371 1451 -1
1372 1418 -1
1374 1423 1
1377 1418 1
1379 1423 1
1389 1423 -1
1390 1423 1
1398 1400 -1
1400 1402 -1
1407 1423 1
1409 1423 1
1414 1423 1
1418 1423 -1
1418 1426 1
1418 1438 1
1418 1444 1
1421 1439 1
1423 1424 1
1423 1441 1
1423 1449 1
1423 1450 -1
1431 1448 -1
1448 1454 1
