1 9 -1
9 1 -1
1 13 -1
13 1 -1
1 22 -1
22 1 -1
1 23 -1
23 1 -1
1 27 -1
27 1 -1
1 31 -1
31 1 -1
1 37 -1
37 1 -1
1 38 -1
38 1 -1
1 47 -1
47 1 -1
1 51 1
51 1 1
1 84 -1
84 1 -1
1 89 -1
89 1 -1
1 90 -1
90 1 -1
1 118 -1
118 1 -1
1 126 -1
126 1 -1
1 128 -1
128 1 -1
2 7 -1
7 2 -1
2 35 -1
35 2 -1
2 42 -1
42 2 -1
2 55 -1
55 2 -1
2 70 -1
70 2 -1
2 71 1
71 2 1
2 83 -1
83 2 -1
2 88 -1
88 2 -1
2 93 -1
93 2 -1
2 95 -1
95 2 -1
2 104 -1
104 2 -1
2 108 -1
108 2 -1
2 110 -1
110 2 -1
2 113 -1
113 2 -1
2 125 1
125 2 1
2 127 -1
127 2 -1
3 9 -1
9 3 -1
3 22 -1
22 3 -1
3 31 -1
31 3 -1
3 35 1
35 3 1
3 37 -1
37 3 -1
3 38 -1
38 3 -1
3 43 -1
43 3 -1
3 48 1
48 3 1
3 66 -1
66 3 -1
3 74 -1
74 3 -1
3 89 -1
89 3 -1
3 96 -1
96 3 -1
3 97 -1
97 3 -1
3 121 -1
121 3 -1
3 123 -1
123 3 -1
3 128 -1
128 3 -1
4 5 1
5 4 1
4 16 -1
16 4 -1
4 17 -1
17 4 -1
4 29 -1
29 4 -1
4 30 -1
30 4 -1
4 32 -1
32 4 -1
4 41 1
41 4 1
4 53 -1
53 4 -1
4 61 -1
61 4 -1
4 64 -1
64 4 -1
4 69 -1
69 4 -1
4 78 -1
78 4 -1
4 79 -1
79 4 -1
4 107 -1
107 4 -1
4 109 -1
109 4 -1
4 122 -1
122 4 -1
5 4 1
4 5 1
5 15 -1
15 5 -1
5 28 -1
28 5 -1
5 33 -1
33 5 -1
5 39 -1
39 5 -1
5 48 -1
48 5 -1
5 67 -1
67 5 -1
5 87 -1
87 5 -1
5 92 -1
92 5 -1
5 100 -1
100 5 -1
5 103 -1
103 5 -1
5 105 -1
105 5 -1
5 106 -1
106 5 -1
5 111 1
111 5 1
5 116 -1
116 5 -1
5 117 -1
117 5 -1
6 28 -1
28 6 -1
6 34 -1
34 6 -1
6 42 1
42 6 1
6 46 -1
46 6 -1
6 48 -1
48 6 -1
6 70 1
70 6 1
6 85 -1
85 6 -1
6 86 -1
86 6 -1
6 92 -1
92 6 -1
6 98 -1
98 6 -1
6 99 -1
99 6 -1
6 101 -1
101 6 -1
6 102 -1
102 6 -1
6 105 -1
105 6 -1
6 116 -1
116 6 -1
6 117 -1
117 6 -1
7 2 -1
2 7 -1
7 8 1
8 7 1
7 11 -1
11 7 -1
7 36 1
36 7 1
7 41 -1
41 7 -1
7 42 -1
42 7 -1
7 44 -1
44 7 -1
7 45 -1
45 7 -1
7 54 -1
54 7 -1
7 55 -1
55 7 -1
7 75 -1
75 7 -1
7 83 -1
83 7 -1
7 88 -1
88 7 -1
7 95 -1
95 7 -1
7 110 -1
110 7 -1
7 127 -1
127 7 -1
8 7 1
7 8 1
8 13 -1
13 8 -1
8 19 -1
19 8 -1
8 22 -1
22 8 -1
8 27 -1
27 8 -1
8 38 -1
38 8 -1
8 40 -1
40 8 -1
8 43 -1
43 8 -1
8 47 -1
47 8 -1
8 63 -1
63 8 -1
8 66 -1
66 8 -1
8 74 -1
74 8 -1
8 76 -1
76 8 -1
8 115 1
115 8 1
8 118 -1
118 8 -1
8 128 -1
128 8 -1
9 1 -1
1 9 -1
9 3 -1
3 9 -1
9 13 -1
13 9 -1
9 23 -1
23 9 -1
9 35 1
35 9 1
9 37 -1
37 9 -1
9 40 -1
40 9 -1
9 47 -1
47 9 -1
9 71 -1
71 9 -1
9 74 -1
74 9 -1
9 75 1
75 9 1
9 84 -1
84 9 -1
9 89 -1
89 9 -1
9 90 -1
90 9 -1
9 94 -1
94 9 -1
9 96 -1
96 9 -1
10 15 -1
15 10 -1
10 20 -1
20 10 -1
10 39 -1
39 10 -1
10 46 -1
46 10 -1
10 50 -1
50 10 -1
10 62 -1
62 10 -1
10 67 -1
67 10 -1
10 73 1
73 10 1
10 80 -1
80 10 -1
10 84 1
84 10 1
10 86 -1
86 10 -1
10 92 -1
92 10 -1
10 98 -1
98 10 -1
10 102 -1
102 10 -1
10 114 -1
114 10 -1
10 115 -1
115 10 -1
11 7 -1
7 11 -1
11 14 -1
14 11 -1
11 42 -1
42 11 -1
11 54 -1
54 11 -1
11 56 -1
56 11 -1
11 57 -1
57 11 -1
11 58 -1
58 11 -1
11 59 -1
59 11 -1
11 60 -1
60 11 -1
11 64 1
64 11 1
11 70 -1
70 11 -1
11 83 -1
83 11 -1
11 109 1
109 11 1
11 113 -1
113 11 -1
11 119 -1
119 11 -1
11 127 -1
127 11 -1
12 13 1
13 12 1
12 18 -1
18 12 -1
12 21 -1
21 12 -1
12 49 -1
49 12 -1
12 51 -1
51 12 -1
12 53 -1
53 12 -1
12 61 -1
61 12 -1
12 64 -1
64 12 -1
12 68 -1
68 12 -1
12 69 -1
69 12 -1
12 72 -1
72 12 -1
12 77 -1
77 12 -1
12 79 -1
79 12 -1
12 82 -1
82 12 -1
12 109 -1
109 12 -1
12 124 -1
124 12 -1
13 1 -1
1 13 -1
13 8 -1
8 13 -1
13 9 -1
9 13 -1
13 12 1
12 13 1
13 19 -1
19 13 -1
13 22 -1
22 13 -1
13 27 -1
27 13 -1
13 31 -1
31 13 -1
13 38 -1
38 13 -1
13 40 -1
40 13 -1
13 44 1
44 13 1
13 66 -1
66 13 -1
13 71 -1
71 13 -1
13 94 -1
94 13 -1
13 123 -1
123 13 -1
13 126 -1
126 13 -1
14 11 -1
11 14 -1
14 41 -1
41 14 -1
14 45 -1
45 14 -1
14 46 1
46 14 1
14 54 -1
54 14 -1
14 56 -1
56 14 -1
14 58 -1
58 14 -1
14 60 -1
60 14 -1
14 75 -1
75 14 -1
14 83 -1
83 14 -1
14 93 -1
93 14 -1
14 102 1
102 14 1
14 108 -1
108 14 -1
14 111 -1
111 14 -1
14 112 -1
112 14 -1
14 119 -1
119 14 -1
15 5 -1
5 15 -1
15 10 -1
10 15 -1
15 26 1
26 15 1
15 28 -1
28 15 -1
15 33 -1
33 15 -1
15 39 -1
39 15 -1
15 50 -1
50 15 -1
15 55 1
55 15 1
15 65 -1
65 15 -1
15 67 -1
67 15 -1
15 85 -1
85 15 -1
15 86 -1
86 15 -1
15 99 -1
99 15 -1
15 100 -1
100 15 -1
15 105 -1
105 15 -1
15 115 -1
115 15 -1
16 4 -1
4 16 -1
16 21 -1
21 16 -1
16 24 -1
24 16 -1
16 25 -1
25 16 -1
16 52 -1
52 16 -1
16 53 -1
53 16 -1
16 58 1
58 16 1
16 64 -1
64 16 -1
16 68 -1
68 16 -1
16 69 -1
69 16 -1
16 72 -1
72 16 -1
16 77 -1
77 16 -1
16 78 -1
78 16 -1
16 81 1
81 16 1
16 107 -1
107 16 -1
16 122 -1
122 16 -1
17 4 -1
4 17 -1
17 18 -1
18 17 -1
17 21 -1
21 17 -1
17 24 -1
24 17 -1
17 25 -1
25 17 -1
17 27 1
27 17 1
17 29 -1
29 17 -1
17 49 -1
49 17 -1
17 61 -1
61 17 -1
17 64 -1
64 17 -1
17 68 -1
68 17 -1
17 78 -1
78 17 -1
17 82 -1
82 17 -1
17 107 -1
107 17 -1
17 119 1
119 17 1
17 120 -1
120 17 -1
18 12 -1
12 18 -1
18 17 -1
17 18 -1
18 29 -1
29 18 -1
18 30 -1
30 18 -1
18 32 -1
32 18 -1
18 52 -1
52 18 -1
18 57 -1
57 18 -1
18 64 -1
64 18 -1
18 68 -1
68 18 -1
18 77 -1
77 18 -1
18 82 -1
82 18 -1
18 85 -1
85 18 -1
18 91 -1
91 18 -1
18 109 -1
109 18 -1
18 124 -1
124 18 -1
18 125 -1
125 18 -1
19 8 -1
8 19 -1
19 13 -1
13 19 -1
19 23 -1
23 19 -1
19 27 -1
27 19 -1
19 31 -1
31 19 -1
19 36 -1
36 19 -1
19 47 -1
47 19 -1
19 50 -1
50 19 -1
19 62 -1
62 19 -1
19 66 -1
66 19 -1
19 74 -1
74 19 -1
19 94 -1
94 19 -1
19 96 -1
96 19 -1
19 121 -1
121 19 -1
19 126 -1
126 19 -1
19 128 -1
128 19 -1
20 10 -1
10 20 -1
20 28 -1
28 20 -1
20 33 -1
33 20 -1
20 39 -1
39 20 -1
20 46 -1
46 20 -1
20 48 -1
48 20 -1
20 62 -1
62 20 -1
20 85 1
85 20 1
20 86 1
86 20 1
20 87 1
87 20 1
20 98 1
98 20 1
20 99 1
99 20 1
20 103 1
103 20 1
20 113 -1
113 20 -1
20 114 1
114 20 1
20 116 1
116 20 1
21 12 1
12 21 1
21 16 1
16 21 1
21 17 1
17 21 1
21 25 1
25 21 1
21 26 1
26 21 1
21 30 1
30 21 1
21 32 1
32 21 1
21 49 1
49 21 1
21 61 1
61 21 1
21 72 1
72 21 1
21 78 1
78 21 1
21 79 1
79 21 1
21 82 1
82 21 1
21 87 -1
87 21 -1
21 91 1
91 21 1
21 120 1
120 21 1
22 1 1
1 22 1
22 3 1
3 22 1
22 8 1
8 22 1
22 13 1
13 22 1
22 23 1
23 22 1
22 37 1
37 22 1
22 40 1
40 22 1
22 47 1
47 22 1
22 71 1
71 22 1
22 74 1
74 22 1
22 84 1
84 22 1
22 94 1
94 22 1
22 95 -1
95 22 -1
22 96 1
96 22 1
22 110 -1
110 22 -1
22 123 1
123 22 1
23 1 1
1 23 1
23 9 1
9 23 1
23 19 1
19 23 1
23 22 1
22 23 1
23 27 1
27 23 1
23 36 1
36 23 1
23 40 1
40 23 1
23 43 1
43 23 1
23 54 -1
54 23 -1
23 66 1
66 23 1
23 90 1
90 23 1
23 96 1
96 23 1
23 97 1
97 23 1
23 104 -1
104 23 -1
23 123 1
123 23 1
23 126 1
126 23 1
24 16 1
16 24 1
24 17 1
17 24 1
24 32 1
32 24 1
24 51 1
51 24 1
24 52 1
52 24 1
24 61 1
61 24 1
24 64 1
64 24 1
24 69 1
69 24 1
24 77 1
77 24 1
24 78 1
78 24 1
24 79 1
79 24 1
24 82 1
82 24 1
24 109 1
109 24 1
24 121 -1
121 24 -1
24 123 -1
123 24 -1
24 125 1
125 24 1
25 16 1
16 25 1
25 17 1
17 25 1
25 21 1
21 25 1
25 44 -1
44 25 -1
25 49 1
49 25 1
25 52 1
52 25 1
25 63 -1
63 25 -1
25 68 1
68 25 1
25 72 1
72 25 1
25 78 1
78 25 1
25 79 1
79 25 1
25 82 1
82 25 1
25 91 1
91 25 1
25 109 1
109 25 1
25 120 1
120 25 1
25 122 1
122 25 1
26 15 -1
15 26 -1
26 21 1
21 26 1
26 49 1
49 26 1
26 52 1
52 26 1
26 53 1
53 26 1
26 61 1
61 26 1
26 64 1
64 26 1
26 68 1
68 26 1
26 69 1
69 26 1
26 72 1
72 26 1
26 79 1
79 26 1
26 82 1
82 26 1
26 91 1
91 26 1
26 98 -1
98 26 -1
26 124 1
124 26 1
26 125 1
125 26 1
27 1 1
1 27 1
27 8 1
8 27 1
27 13 1
13 27 1
27 17 -1
17 27 -1
27 19 1
19 27 1
27 23 1
23 27 1
27 31 1
31 27 1
27 36 1
36 27 1
27 37 1
37 27 1
27 47 1
47 27 1
27 63 1
63 27 1
27 71 1
71 27 1
27 94 1
94 27 1
27 97 1
97 27 1
27 118 1
118 27 1
27 126 1
126 27 1
28 5 1
5 28 1
28 6 1
6 28 1
28 15 1
15 28 1
28 20 1
20 28 1
28 39 1
39 28 1
28 62 1
62 28 1
28 65 1
65 28 1
28 80 1
80 28 1
28 82 -1
82 28 -1
28 87 1
87 28 1
28 93 -1
93 28 -1
28 100 1
100 28 1
28 101 1
101 28 1
28 103 1
103 28 1
28 114 1
114 28 1
28 116 1
116 28 1
29 4 1
4 29 1
29 17 1
17 29 1
29 18 1
18 29 1
29 32 1
32 29 1
29 51 1
51 29 1
29 61 1
61 29 1
29 64 1
64 29 1
29 67 -1
67 29 -1
29 68 1
68 29 1
29 69 1
69 29 1
29 72 1
72 29 1
29 77 1
77 29 1
29 86 -1
86 29 -1
29 122 1
122 29 1
29 124 1
124 29 1
29 125 1
125 29 1
30 4 1
4 30 1
30 18 1
18 30 1
30 21 1
21 30 1
30 32 1
32 30 1
30 51 1
51 30 1
30 64 1
64 30 1
30 68 1
68 30 1
30 77 1
77 30 1
30 78 1
78 30 1
30 79 1
79 30 1
30 91 1
91 30 1
30 106 -1
106 30 -1
30 109 1
109 30 1
30 120 1
120 30 1
30 123 -1
123 30 -1
30 124 1
124 30 1
31 1 1
1 31 1
31 3 1
3 31 1
31 13 1
13 31 1
31 19 1
19 31 1
31 27 1
27 31 1
31 37 1
37 31 1
31 40 1
40 31 1
31 43 1
43 31 1
31 47 1
47 31 1
31 53 -1
53 31 -1
31 63 1
63 31 1
31 76 1
76 31 1
31 89 1
89 31 1
31 90 1
90 31 1
31 96 1
96 31 1
31 126 1
126 31 1
32 4 1
4 32 1
32 18 1
18 32 1
32 21 1
21 32 1
32 24 1
24 32 1
32 29 1
29 32 1
32 30 1
30 32 1
32 49 1
49 32 1
32 51 1
51 32 1
32 53 1
53 32 1
32 61 1
61 32 1
32 69 1
69 32 1
32 79 1
79 32 1
32 97 -1
97 32 -1
32 109 1
109 32 1
32 122 1
122 32 1
32 124 1
124 32 1
33 5 1
5 33 1
33 15 1
15 33 1
33 20 1
20 33 1
33 39 1
39 33 1
33 40 -1
40 33 -1
33 46 1
46 33 1
33 48 1
48 33 1
33 50 1
50 33 1
33 65 1
65 33 1
33 66 -1
66 33 -1
33 67 1
67 33 1
33 86 1
86 33 1
33 87 1
87 33 1
33 101 1
101 33 1
33 103 1
103 33 1
33 116 1
116 33 1
34 6 1
6 34 1
34 39 1
39 34 1
34 45 -1
45 34 -1
34 46 1
46 34 1
34 48 1
48 34 1
34 50 1
50 34 1
34 62 1
62 34 1
34 78 -1
78 34 -1
34 80 1
80 34 1
34 87 1
87 34 1
34 99 1
99 34 1
34 101 1
101 34 1
34 102 1
102 34 1
34 103 1
103 34 1
34 114 1
114 34 1
34 115 1
115 34 1
35 2 1
2 35 1
35 3 -1
3 35 -1
35 9 -1
9 35 -1
35 41 1
41 35 1
35 45 1
45 35 1
35 55 1
55 35 1
35 57 1
57 35 1
35 59 1
59 35 1
35 60 1
60 35 1
35 83 1
83 35 1
35 88 1
88 35 1
35 93 1
93 35 1
35 104 1
104 35 1
35 108 1
108 35 1
35 110 1
110 35 1
35 113 1
113 35 1
36 7 -1
7 36 -1
36 19 1
19 36 1
36 23 1
23 36 1
36 27 1
27 36 1
36 37 1
37 36 1
36 40 1
40 36 1
36 66 1
66 36 1
36 71 1
71 36 1
36 74 1
74 36 1
36 76 1
76 36 1
36 89 1
89 36 1
36 96 1
96 36 1
36 97 1
97 36 1
36 118 1
118 36 1
36 121 1
121 36 1
36 128 1
128 36 1
37 1 1
1 37 1
37 3 1
3 37 1
37 9 1
9 37 1
37 22 1
22 37 1
37 27 1
27 37 1
37 31 1
31 37 1
37 36 1
36 37 1
37 38 1
38 37 1
37 40 1
40 37 1
37 47 1
47 37 1
37 63 1
63 37 1
37 84 1
84 37 1
37 88 -1
88 37 -1
37 97 1
97 37 1
37 118 1
118 37 1
37 126 1
126 37 1
38 1 1
1 38 1
38 3 1
3 38 1
38 8 1
8 38 1
38 13 1
13 38 1
38 37 1
37 38 1
38 40 1
40 38 1
38 43 1
43 38 1
38 47 1
47 38 1
38 63 1
63 38 1
38 66 1
66 38 1
38 71 1
71 38 1
38 94 1
94 38 1
38 97 1
97 38 1
38 117 -1
117 38 -1
38 118 1
118 38 1
38 121 1
121 38 1
39 5 1
5 39 1
39 10 1
10 39 1
39 15 1
15 39 1
39 20 1
20 39 1
39 28 1
28 39 1
39 33 1
33 39 1
39 34 1
34 39 1
39 50 1
50 39 1
39 55 -1
55 39 -1
39 60 -1
60 39 -1
39 80 1
80 39 1
39 86 1
86 39 1
39 98 1
98 39 1
39 101 1
101 39 1
39 114 1
114 39 1
39 115 1
115 39 1
40 8 1
8 40 1
40 9 1
9 40 1
40 13 1
13 40 1
40 22 1
22 40 1
40 23 1
23 40 1
40 31 1
31 40 1
40 33 -1
33 40 -1
40 36 1
36 40 1
40 37 1
37 40 1
40 38 1
38 40 1
40 47 1
47 40 1
40 71 1
71 40 1
40 77 -1
77 40 -1
40 89 1
89 40 1
40 97 1
97 40 1
40 123 1
123 40 1
41 4 -1
4 41 -1
41 7 1
7 41 1
41 14 1
14 41 1
41 35 1
35 41 1
41 55 1
55 41 1
41 57 1
57 41 1
41 58 1
58 41 1
41 70 1
70 41 1
41 72 -1
72 41 -1
41 75 1
75 41 1
41 83 1
83 41 1
41 104 1
104 41 1
41 110 1
110 41 1
41 112 1
112 41 1
41 113 1
113 41 1
41 119 1
119 41 1
42 2 1
2 42 1
42 6 -1
6 42 -1
42 7 1
7 42 1
42 11 1
11 42 1
42 44 1
44 42 1
42 59 1
59 42 1
42 81 1
81 42 1
42 83 1
83 42 1
42 93 1
93 42 1
42 104 1
104 42 1
42 108 1
108 42 1
42 111 1
111 42 1
42 113 1
113 42 1
42 119 1
119 42 1
42 122 -1
122 42 -1
42 127 1
127 42 1
43 3 1
3 43 1
43 8 1
8 43 1
43 23 1
23 43 1
43 31 1
31 43 1
43 38 1
38 43 1
43 45 -1
45 43 -1
43 47 1
47 43 1
43 63 1
63 43 1
43 70 -1
70 43 -1
43 71 1
71 43 1
43 89 1
89 43 1
43 90 1
90 43 1
43 96 1
96 43 1
43 118 1
118 43 1
43 121 1
121 43 1
43 123 1
123 43 1
44 7 1
7 44 1
44 13 -1
13 44 -1
44 25 -1
25 44 -1
44 42 1
42 44 1
44 45 1
45 44 1
44 55 1
55 44 1
44 58 1
58 44 1
44 59 1
59 44 1
44 60 1
60 44 1
44 70 1
70 44 1
44 73 1
73 44 1
44 88 1
88 44 1
44 95 1
95 44 1
44 104 1
104 44 1
44 110 1
110 44 1
44 113 1
113 44 1
45 7 1
7 45 1
45 14 1
14 45 1
45 34 -1
34 45 -1
45 35 1
35 45 1
45 43 -1
43 45 -1
45 44 1
44 45 1
45 54 1
54 45 1
45 60 1
60 45 1
45 70 1
70 45 1
45 75 1
75 45 1
45 81 1
81 45 1
45 93 1
93 45 1
45 104 1
104 45 1
45 110 1
110 45 1
45 111 1
111 45 1
45 113 1
113 45 1
46 6 1
6 46 1
46 10 1
10 46 1
46 14 -1
14 46 -1
46 20 1
20 46 1
46 33 1
33 46 1
46 34 1
34 46 1
46 65 1
65 46 1
46 80 1
80 46 1
46 100 1
100 46 1
46 102 1
102 46 1
46 103 1
103 46 1
46 106 1
106 46 1
46 114 1
114 46 1
46 116 1
116 46 1
46 117 1
117 46 1
46 118 -1
118 46 -1
47 1 1
1 47 1
47 8 1
8 47 1
47 9 1
9 47 1
47 19 1
19 47 1
47 22 1
22 47 1
47 27 1
27 47 1
47 31 1
31 47 1
47 37 1
37 47 1
47 38 1
38 47 1
47 40 1
40 47 1
47 43 1
43 47 1
47 63 1
63 47 1
47 74 1
74 47 1
47 96 1
96 47 1
47 119 -1
119 47 -1
47 128 1
128 47 1
48 3 -1
3 48 -1
48 5 1
5 48 1
48 6 1
6 48 1
48 20 1
20 48 1
48 33 1
33 48 1
48 34 1
34 48 1
48 80 1
80 48 1
48 86 1
86 48 1
48 87 1
87 48 1
48 92 1
92 48 1
48 98 1
98 48 1
48 99 1
99 48 1
48 105 1
105 48 1
48 106 1
106 48 1
48 114 1
114 48 1
48 121 -1
121 48 -1
49 12 1
12 49 1
49 17 1
17 49 1
49 21 1
21 49 1
49 25 1
25 49 1
49 26 1
26 49 1
49 32 1
32 49 1
49 50 -1
50 49 -1
49 52 1
52 49 1
49 53 1
53 49 1
49 61 1
61 49 1
49 78 1
78 49 1
49 91 1
91 49 1
49 107 1
107 49 1
49 120 1
120 49 1
49 122 1
122 49 1
49 125 1
125 49 1
50 10 1
10 50 1
50 15 1
15 50 1
50 19 -1
19 50 -1
50 33 1
33 50 1
50 34 1
34 50 1
50 39 1
39 50 1
50 49 -1
49 50 -1
50 62 1
62 50 1
50 65 1
65 50 1
50 67 1
67 50 1
50 80 1
80 50 1
50 85 1
85 50 1
50 92 1
92 50 1
50 102 1
102 50 1
50 115 1
115 50 1
50 117 1
117 50 1
51 1 -1
1 51 -1
51 12 1
12 51 1
51 24 1
24 51 1
51 29 1
29 51 1
51 30 1
30 51 1
51 32 1
32 51 1
51 53 1
53 51 1
51 68 1
68 51 1
51 72 1
72 51 1
51 77 1
77 51 1
51 79 1
79 51 1
51 82 1
82 51 1
51 91 1
91 51 1
51 107 1
107 51 1
51 120 1
120 51 1
51 124 1
124 51 1
52 16 1
16 52 1
52 18 1
18 52 1
52 24 1
24 52 1
52 25 1
25 52 1
52 26 1
26 52 1
52 49 1
49 52 1
52 54 -1
54 52 -1
52 61 1
61 52 1
52 69 1
69 52 1
52 72 1
72 52 1
52 78 1
78 52 1
52 79 1
79 52 1
52 107 1
107 52 1
52 122 1
122 52 1
52 124 1
124 52 1
52 125 1
125 52 1
53 4 1
4 53 1
53 12 1
12 53 1
53 16 1
16 53 1
53 26 1
26 53 1
53 31 -1
31 53 -1
53 32 1
32 53 1
53 49 1
49 53 1
53 51 1
51 53 1
53 68 1
68 53 1
53 72 1
72 53 1
53 78 1
78 53 1
53 91 1
91 53 1
53 100 -1
100 53 -1
53 107 1
107 53 1
53 109 1
109 53 1
53 122 1
122 53 1
54 7 1
7 54 1
54 11 1
11 54 1
54 14 1
14 54 1
54 23 -1
23 54 -1
54 45 1
45 54 1
54 52 -1
52 54 -1
54 57 1
57 54 1
54 60 1
60 54 1
54 70 1
70 54 1
54 73 1
73 54 1
54 75 1
75 54 1
54 83 1
83 54 1
54 95 1
95 54 1
54 104 1
104 54 1
54 111 1
111 54 1
54 112 1
112 54 1
55 2 1
2 55 1
55 7 1
7 55 1
55 15 -1
15 55 -1
55 35 1
35 55 1
55 39 -1
39 55 -1
55 41 1
41 55 1
55 44 1
44 55 1
55 56 1
56 55 1
55 57 1
57 55 1
55 59 1
59 55 1
55 60 1
60 55 1
55 70 1
70 55 1
55 75 1
75 55 1
55 81 1
81 55 1
55 104 1
104 55 1
55 108 1
108 55 1
56 11 1
11 56 1
56 14 1
14 56 1
56 55 1
55 56 1
56 57 1
57 56 1
56 59 1
59 56 1
56 60 1
60 56 1
56 73 1
73 56 1
56 81 1
81 56 1
56 88 1
88 56 1
56 93 1
93 56 1
56 94 -1
94 56 -1
56 95 1
95 56 1
56 108 1
108 56 1
56 112 1
112 56 1
56 113 1
113 56 1
56 127 1
127 56 1
57 11 1
11 57 1
57 18 -1
18 57 -1
57 35 1
35 57 1
57 41 1
41 57 1
57 54 1
54 57 1
57 55 1
55 57 1
57 56 1
56 57 1
57 58 1
58 57 1
57 70 1
70 57 1
57 75 1
75 57 1
57 88 1
88 57 1
57 93 1
93 57 1
57 108 1
108 57 1
57 113 1
113 57 1
57 119 1
119 57 1
57 127 1
127 57 1
58 11 1
11 58 1
58 14 1
14 58 1
58 16 -1
16 58 -1
58 41 1
41 58 1
58 44 1
44 58 1
58 57 1
57 58 1
58 59 1
59 58 1
58 70 1
70 58 1
58 73 1
73 58 1
58 75 1
75 58 1
58 88 1
88 58 1
58 93 1
93 58 1
58 108 1
108 58 1
58 110 1
110 58 1
58 113 1
113 58 1
58 119 1
119 58 1
59 11 1
11 59 1
59 35 1
35 59 1
59 42 1
42 59 1
59 44 1
44 59 1
59 55 1
55 59 1
59 56 1
56 59 1
59 58 1
58 59 1
59 74 -1
74 59 -1
59 75 1
75 59 1
59 81 1
81 59 1
59 88 1
88 59 1
59 89 -1
89 59 -1
59 93 1
93 59 1
59 95 1
95 59 1
59 104 1
104 59 1
59 108 1
108 59 1
60 11 1
11 60 1
60 14 1
14 60 1
60 35 1
35 60 1
60 39 -1
39 60 -1
60 44 1
44 60 1
60 45 1
45 60 1
60 54 1
54 60 1
60 55 1
55 60 1
60 56 1
56 60 1
60 73 1
73 60 1
60 81 1
81 60 1
60 102 -1
102 60 -1
60 110 1
110 60 1
60 111 1
111 60 1
60 112 1
112 60 1
60 119 1
119 60 1
61 4 1
4 61 1
61 12 1
12 61 1
61 17 1
17 61 1
61 21 1
21 61 1
61 24 1
24 61 1
61 26 1
26 61 1
61 29 1
29 61 1
61 32 1
32 61 1
61 49 1
49 61 1
61 52 1
52 61 1
61 72 1
72 61 1
61 77 1
77 61 1
61 95 -1
95 61 -1
61 107 1
107 61 1
61 109 1
109 61 1
61 120 1
120 61 1
62 10 1
10 62 1
62 19 -1
19 62 -1
62 20 1
20 62 1
62 28 1
28 62 1
62 34 1
34 62 1
62 50 1
50 62 1
62 65 1
65 62 1
62 76 -1
76 62 -1
62 80 1
80 62 1
62 87 1
87 62 1
62 92 1
92 62 1
62 98 1
98 62 1
62 99 1
99 62 1
62 100 1
100 62 1
62 106 1
106 62 1
62 116 1
116 62 1
63 8 1
8 63 1
63 25 -1
25 63 -1
63 27 1
27 63 1
63 31 1
31 63 1
63 37 1
37 63 1
63 38 1
38 63 1
63 43 1
43 63 1
63 47 1
47 63 1
63 71 1
71 63 1
63 74 1
74 63 1
63 76 1
76 63 1
63 84 1
84 63 1
63 89 1
89 63 1
63 90 1
90 63 1
63 94 1
94 63 1
63 121 1
121 63 1
64 4 1
4 64 1
64 11 -1
11 64 -1
64 12 1
12 64 1
64 16 1
16 64 1
64 17 1
17 64 1
64 18 1
18 64 1
64 24 1
24 64 1
64 26 1
26 64 1
64 29 1
29 64 1
64 30 1
30 64 1
64 78 1
78 64 1
64 79 1
79 64 1
64 82 1
82 64 1
64 91 1
91 64 1
64 122 1
122 64 1
64 125 1
125 64 1
65 15 1
15 65 1
65 28 1
28 65 1
65 33 1
33 65 1
65 46 1
46 65 1
65 50 1
50 65 1
65 62 1
62 65 1
65 67 1
67 65 1
65 85 1
85 65 1
65 87 1
87 65 1
65 92 1
92 65 1
65 99 1
99 65 1
65 106 1
106 65 1
65 115 1
115 65 1
65 116 1
116 65 1
65 117 1
117 65 1
65 120 -1
120 65 -1
66 3 1
3 66 1
66 8 1
8 66 1
66 13 1
13 66 1
66 19 1
19 66 1
66 23 1
23 66 1
66 33 -1
33 66 -1
66 36 1
36 66 1
66 38 1
38 66 1
66 71 1
71 66 1
66 84 1
84 66 1
66 90 1
90 66 1
66 94 1
94 66 1
66 121 1
121 66 1
66 123 1
123 66 1
66 127 -1
127 66 -1
66 128 1
128 66 1
67 5 1
5 67 1
67 10 1
10 67 1
67 15 1
15 67 1
67 29 -1
29 67 -1
67 33 1
33 67 1
67 50 1
50 67 1
67 65 1
65 67 1
67 69 -1
69 67 -1
67 85 1
85 67 1
67 86 1
86 67 1
67 92 1
92 67 1
67 100 1
100 67 1
67 105 1
105 67 1
67 106 1
106 67 1
67 114 1
114 67 1
67 115 1
115 67 1
68 12 1
12 68 1
68 16 1
16 68 1
68 17 1
17 68 1
68 18 1
18 68 1
68 25 1
25 68 1
68 26 1
26 68 1
68 29 1
29 68 1
68 30 1
30 68 1
68 51 1
51 68 1
68 53 1
53 68 1
68 77 1
77 68 1
68 80 -1
80 68 -1
68 105 -1
105 68 -1
68 107 1
107 68 1
68 109 1
109 68 1
68 125 1
125 68 1
69 4 1
4 69 1
69 12 1
12 69 1
69 16 1
16 69 1
69 24 1
24 69 1
69 26 1
26 69 1
69 29 1
29 69 1
69 32 1
32 69 1
69 52 1
52 69 1
69 67 -1
67 69 -1
69 72 1
72 69 1
69 77 1
77 69 1
69 91 1
91 69 1
69 107 1
107 69 1
69 114 -1
114 69 -1
69 124 1
124 69 1
69 125 1
125 69 1
70 2 1
2 70 1
70 6 -1
6 70 -1
70 11 1
11 70 1
70 41 1
41 70 1
70 43 -1
43 70 -1
70 44 1
44 70 1
70 45 1
45 70 1
70 54 1
54 70 1
70 55 1
55 70 1
70 57 1
57 70 1
70 58 1
58 70 1
70 73 1
73 70 1
70 75 1
75 70 1
70 108 1
108 70 1
70 110 1
110 70 1
70 112 1
112 70 1
71 2 -1
2 71 -1
71 9 1
9 71 1
71 13 1
13 71 1
71 22 1
22 71 1
71 27 1
27 71 1
71 36 1
36 71 1
71 38 1
38 71 1
71 40 1
40 71 1
71 43 1
43 71 1
71 63 1
63 71 1
71 66 1
66 71 1
71 90 1
90 71 1
71 96 1
96 71 1
71 123 1
123 71 1
71 126 1
126 71 1
71 128 1
128 71 1
72 12 1
12 72 1
72 16 1
16 72 1
72 21 1
21 72 1
72 25 1
25 72 1
72 26 1
26 72 1
72 29 1
29 72 1
72 41 -1
41 72 -1
72 51 1
51 72 1
72 52 1
52 72 1
72 53 1
53 72 1
72 61 1
61 72 1
72 69 1
69 72 1
72 77 1
77 72 1
72 78 1
78 72 1
72 82 1
82 72 1
72 103 -1
103 72 -1
73 10 -1
10 73 -1
73 44 1
44 73 1
73 54 1
54 73 1
73 56 1
56 73 1
73 58 1
58 73 1
73 60 1
60 73 1
73 70 1
70 73 1
73 81 1
81 73 1
73 88 1
88 73 1
73 95 1
95 73 1
73 110 1
110 73 1
73 111 1
111 73 1
73 112 1
112 73 1
73 113 1
113 73 1
73 119 1
119 73 1
73 127 1
127 73 1
74 3 1
3 74 1
74 8 1
8 74 1
74 9 1
9 74 1
74 19 1
19 74 1
74 22 1
22 74 1
74 36 1
36 74 1
74 47 1
47 74 1
74 59 -1
59 74 -1
74 63 1
63 74 1
74 76 1
76 74 1
74 89 1
89 74 1
74 91 -1
91 74 -1
74 96 1
96 74 1
74 121 1
121 74 1
74 123 1
123 74 1
74 128 1
128 74 1
75 7 1
7 75 1
75 9 -1
9 75 -1
75 14 1
14 75 1
75 41 1
41 75 1
75 45 1
45 75 1
75 54 1
54 75 1
75 55 1
55 75 1
75 57 1
57 75 1
75 58 1
58 75 1
75 59 1
59 75 1
75 70 1
70 75 1
75 88 1
88 75 1
75 92 -1
92 75 -1
75 104 1
104 75 1
75 112 1
112 75 1
75 113 1
113 75 1
76 8 1
8 76 1
76 31 1
31 76 1
76 36 1
36 76 1
76 62 -1
62 76 -1
76 63 1
63 76 1
76 74 1
74 76 1
76 84 1
84 76 1
76 89 1
89 76 1
76 90 1
90 76 1
76 94 1
94 76 1
76 97 1
97 76 1
76 116 -1
116 76 -1
76 118 1
118 76 1
76 123 1
123 76 1
76 126 1
126 76 1
76 128 1
128 76 1
77 12 1
12 77 1
77 16 1
16 77 1
77 18 1
18 77 1
77 24 1
24 77 1
77 29 1
29 77 1
77 30 1
30 77 1
77 40 -1
40 77 -1
77 51 1
51 77 1
77 61 1
61 77 1
77 68 1
68 77 1
77 69 1
69 77 1
77 72 1
72 77 1
77 79 1
79 77 1
77 84 -1
84 77 -1
77 109 1
109 77 1
77 124 1
124 77 1
78 4 1
4 78 1
78 16 1
16 78 1
78 17 1
17 78 1
78 21 1
21 78 1
78 24 1
24 78 1
78 25 1
25 78 1
78 30 1
30 78 1
78 34 -1
34 78 -1
78 49 1
49 78 1
78 52 1
52 78 1
78 53 1
53 78 1
78 64 1
64 78 1
78 72 1
72 78 1
78 91 1
91 78 1
78 122 1
122 78 1
78 124 1
124 78 1
79 4 1
4 79 1
79 12 1
12 79 1
79 21 1
21 79 1
79 24 1
24 79 1
79 25 1
25 79 1
79 26 1
26 79 1
79 30 1
30 79 1
79 32 1
32 79 1
79 51 1
51 79 1
79 52 1
52 79 1
79 64 1
64 79 1
79 77 1
77 79 1
79 98 -1
98 79 -1
79 107 1
107 79 1
79 120 1
120 79 1
79 125 1
125 79 1
80 10 1
10 80 1
80 28 1
28 80 1
80 34 1
34 80 1
80 39 1
39 80 1
80 46 1
46 80 1
80 48 1
48 80 1
80 50 1
50 80 1
80 62 1
62 80 1
80 68 -1
68 80 -1
80 92 1
92 80 1
80 99 1
99 80 1
80 103 1
103 80 1
80 105 1
105 80 1
80 116 1
116 80 1
80 117 1
117 80 1
80 128 -1
128 80 -1
81 16 -1
16 81 -1
81 42 1
42 81 1
81 45 1
45 81 1
81 55 1
55 81 1
81 56 1
56 81 1
81 59 1
59 81 1
81 60 1
60 81 1
81 73 1
73 81 1
81 88 1
88 81 1
81 95 1
95 81 1
81 99 -1
99 81 -1
81 108 1
108 81 1
81 110 1
110 81 1
81 111 1
111 81 1
81 112 1
112 81 1
81 113 1
113 81 1
82 12 1
12 82 1
82 17 1
17 82 1
82 18 1
18 82 1
82 21 1
21 82 1
82 24 1
24 82 1
82 25 1
25 82 1
82 26 1
26 82 1
82 28 -1
28 82 -1
82 51 1
51 82 1
82 64 1
64 82 1
82 72 1
72 82 1
82 107 1
107 82 1
82 109 1
109 82 1
82 120 1
120 82 1
82 124 1
124 82 1
82 125 1
125 82 1
83 2 1
2 83 1
83 7 1
7 83 1
83 11 1
11 83 1
83 14 1
14 83 1
83 35 1
35 83 1
83 41 1
41 83 1
83 42 1
42 83 1
83 54 1
54 83 1
83 94 -1
94 83 -1
83 95 1
95 83 1
83 104 1
104 83 1
83 108 1
108 83 1
83 111 1
111 83 1
83 112 1
112 83 1
83 119 1
119 83 1
83 127 1
127 83 1
84 1 1
1 84 1
84 9 1
9 84 1
84 10 -1
10 84 -1
84 22 1
22 84 1
84 37 1
37 84 1
84 63 1
63 84 1
84 66 1
66 84 1
84 76 1
76 84 1
84 77 -1
77 84 -1
84 89 1
89 84 1
84 90 1
90 84 1
84 94 1
94 84 1
84 97 1
97 84 1
84 118 1
118 84 1
84 126 1
126 84 1
84 128 1
128 84 1
85 6 1
6 85 1
85 15 1
15 85 1
85 18 -1
18 85 -1
85 20 1
20 85 1
85 50 1
50 85 1
85 65 1
65 85 1
85 67 1
67 85 1
85 92 1
92 85 1
85 98 1
98 85 1
85 99 1
99 85 1
85 101 1
101 85 1
85 103 1
103 85 1
85 105 1
105 85 1
85 106 1
106 85 1
85 114 1
114 85 1
85 116 1
116 85 1
86 6 1
6 86 1
86 10 1
10 86 1
86 15 1
15 86 1
86 20 1
20 86 1
86 29 -1
29 86 -1
86 33 1
33 86 1
86 39 1
39 86 1
86 48 1
48 86 1
86 67 1
67 86 1
86 92 1
92 86 1
86 100 1
100 86 1
86 101 1
101 86 1
86 102 1
102 86 1
86 103 1
103 86 1
86 105 1
105 86 1
86 106 1
106 86 1
87 5 1
5 87 1
87 20 1
20 87 1
87 21 -1
21 87 -1
87 28 1
28 87 1
87 33 1
33 87 1
87 34 1
34 87 1
87 48 1
48 87 1
87 62 1
62 87 1
87 65 1
65 87 1
87 98 1
98 87 1
87 100 1
100 87 1
87 102 1
102 87 1
87 115 1
115 87 1
87 116 1
116 87 1
87 117 1
117 87 1
87 122 -1
122 87 -1
88 2 1
2 88 1
88 7 1
7 88 1
88 35 1
35 88 1
88 37 -1
37 88 -1
88 44 1
44 88 1
88 56 1
56 88 1
88 57 1
57 88 1
88 58 1
58 88 1
88 59 1
59 88 1
88 73 1
73 88 1
88 75 1
75 88 1
88 81 1
81 88 1
88 93 1
93 88 1
88 108 1
108 88 1
88 110 1
110 88 1
88 112 1
112 88 1
89 1 1
1 89 1
89 3 1
3 89 1
89 9 1
9 89 1
89 31 1
31 89 1
89 36 1
36 89 1
89 40 1
40 89 1
89 43 1
43 89 1
89 59 -1
59 89 -1
89 63 1
63 89 1
89 74 1
74 89 1
89 76 1
76 89 1
89 84 1
84 89 1
89 97 1
97 89 1
89 111 -1
111 89 -1
89 118 1
118 89 1
89 121 1
121 89 1
90 1 1
1 90 1
90 9 1
9 90 1
90 23 1
23 90 1
90 31 1
31 90 1
90 43 1
43 90 1
90 63 1
63 90 1
90 66 1
66 90 1
90 71 1
71 90 1
90 76 1
76 90 1
90 84 1
84 90 1
90 96 1
96 90 1
90 97 1
97 90 1
90 117 -1
117 90 -1
90 118 1
118 90 1
90 121 1
121 90 1
90 123 1
123 90 1
91 18 1
18 91 1
91 21 1
21 91 1
91 25 1
25 91 1
91 26 1
26 91 1
91 30 1
30 91 1
91 49 1
49 91 1
91 51 1
51 91 1
91 53 1
53 91 1
91 64 1
64 91 1
91 69 1
69 91 1
91 74 -1
74 91 -1
91 78 1
78 91 1
91 107 1
107 91 1
91 120 1
120 91 1
91 122 1
122 91 1
91 125 1
125 91 1
92 5 1
5 92 1
92 6 1
6 92 1
92 10 1
10 92 1
92 48 1
48 92 1
92 50 1
50 92 1
92 62 1
62 92 1
92 65 1
65 92 1
92 67 1
67 92 1
92 75 -1
75 92 -1
92 80 1
80 92 1
92 85 1
85 92 1
92 86 1
86 92 1
92 98 1
98 92 1
92 99 1
99 92 1
92 106 1
106 92 1
92 116 1
116 92 1
93 2 1
2 93 1
93 14 1
14 93 1
93 28 -1
28 93 -1
93 35 1
35 93 1
93 42 1
42 93 1
93 45 1
45 93 1
93 56 1
56 93 1
93 57 1
57 93 1
93 58 1
58 93 1
93 59 1
59 93 1
93 88 1
88 93 1
93 104 1
104 93 1
93 111 1
111 93 1
93 119 1
119 93 1
93 124 -1
124 93 -1
93 127 1
127 93 1
94 9 1
9 94 1
94 13 1
13 94 1
94 19 1
19 94 1
94 22 1
22 94 1
94 27 1
27 94 1
94 38 1
38 94 1
94 56 -1
56 94 -1
94 63 1
63 94 1
94 66 1
66 94 1
94 76 1
76 94 1
94 83 -1
83 94 -1
94 84 1
84 94 1
94 96 1
96 94 1
94 97 1
97 94 1
94 126 1
126 94 1
94 128 1
128 94 1
95 2 1
2 95 1
95 7 1
7 95 1
95 22 -1
22 95 -1
95 44 1
44 95 1
95 54 1
54 95 1
95 56 1
56 95 1
95 59 1
59 95 1
95 61 -1
61 95 -1
95 73 1
73 95 1
95 81 1
81 95 1
95 83 1
83 95 1
95 104 1
104 95 1
95 110 1
110 95 1
95 111 1
111 95 1
95 112 1
112 95 1
95 127 1
127 95 1
96 3 1
3 96 1
96 9 1
9 96 1
96 19 1
19 96 1
96 22 1
22 96 1
96 23 1
23 96 1
96 31 1
31 96 1
96 36 1
36 96 1
96 43 1
43 96 1
96 47 1
47 96 1
96 71 1
71 96 1
96 74 1
74 96 1
96 90 1
90 96 1
96 94 1
94 96 1
96 107 -1
107 96 -1
96 123 1
123 96 1
96 128 1
128 96 1
97 3 1
3 97 1
97 23 1
23 97 1
97 27 1
27 97 1
97 32 -1
32 97 -1
97 36 1
36 97 1
97 37 1
37 97 1
97 38 1
38 97 1
97 40 1
40 97 1
97 76 1
76 97 1
97 84 1
84 97 1
97 89 1
89 97 1
97 90 1
90 97 1
97 94 1
94 97 1
97 105 -1
105 97 -1
97 118 1
118 97 1
97 121 1
121 97 1
98 6 1
6 98 1
98 10 1
10 98 1
98 20 1
20 98 1
98 26 -1
26 98 -1
98 39 1
39 98 1
98 48 1
48 98 1
98 62 1
62 98 1
98 79 -1
79 98 -1
98 85 1
85 98 1
98 87 1
87 98 1
98 92 1
92 98 1
98 100 1
100 98 1
98 101 1
101 98 1
98 105 1
105 98 1
98 115 1
115 98 1
98 117 1
117 98 1
99 6 1
6 99 1
99 15 1
15 99 1
99 20 1
20 99 1
99 34 1
34 99 1
99 48 1
48 99 1
99 62 1
62 99 1
99 65 1
65 99 1
99 80 1
80 99 1
99 81 -1
81 99 -1
99 85 1
85 99 1
99 92 1
92 99 1
99 100 1
100 99 1
99 101 1
101 99 1
99 102 1
102 99 1
99 106 1
106 99 1
99 114 1
114 99 1
100 5 1
5 100 1
100 15 1
15 100 1
100 28 1
28 100 1
100 46 1
46 100 1
100 53 -1
53 100 -1
100 62 1
62 100 1
100 67 1
67 100 1
100 86 1
86 100 1
100 87 1
87 100 1
100 98 1
98 100 1
100 99 1
99 100 1
100 103 1
103 100 1
100 106 1
106 100 1
100 108 -1
108 100 -1
100 115 1
115 100 1
100 116 1
116 100 1
101 6 1
6 101 1
101 28 1
28 101 1
101 33 1
33 101 1
101 34 1
34 101 1
101 39 1
39 101 1
101 85 1
85 101 1
101 86 1
86 101 1
101 98 1
98 101 1
101 99 1
99 101 1
101 102 1
102 101 1
101 105 1
105 101 1
101 106 1
106 101 1
101 108 -1
108 101 -1
101 114 1
114 101 1
101 115 1
115 101 1
101 117 1
117 101 1
102 6 1
6 102 1
102 10 1
10 102 1
102 14 -1
14 102 -1
102 34 1
34 102 1
102 46 1
46 102 1
102 50 1
50 102 1
102 60 -1
60 102 -1
102 86 1
86 102 1
102 87 1
87 102 1
102 99 1
99 102 1
102 101 1
101 102 1
102 103 1
103 102 1
102 105 1
105 102 1
102 106 1
106 102 1
102 115 1
115 102 1
102 117 1
117 102 1
103 5 1
5 103 1
103 20 1
20 103 1
103 28 1
28 103 1
103 33 1
33 103 1
103 34 1
34 103 1
103 46 1
46 103 1
103 72 -1
72 103 -1
103 80 1
80 103 1
103 85 1
85 103 1
103 86 1
86 103 1
103 100 1
100 103 1
103 102 1
102 103 1
103 114 1
114 103 1
103 115 1
115 103 1
103 117 1
117 103 1
103 126 -1
126 103 -1
104 2 1
2 104 1
104 23 -1
23 104 -1
104 35 1
35 104 1
104 41 1
41 104 1
104 42 1
42 104 1
104 44 1
44 104 1
104 45 1
45 104 1
104 54 1
54 104 1
104 55 1
55 104 1
104 59 1
59 104 1
104 75 1
75 104 1
104 83 1
83 104 1
104 93 1
93 104 1
104 95 1
95 104 1
104 111 1
111 104 1
104 118 -1
118 104 -1
105 5 1
5 105 1
105 6 1
6 105 1
105 15 1
15 105 1
105 48 1
48 105 1
105 67 1
67 105 1
105 68 -1
68 105 -1
105 80 1
80 105 1
105 85 1
85 105 1
105 86 1
86 105 1
105 97 -1
97 105 -1
105 98 1
98 105 1
105 101 1
101 105 1
105 102 1
102 105 1
105 106 1
106 105 1
105 114 1
114 105 1
105 117 1
117 105 1
106 5 1
5 106 1
106 30 -1
30 106 -1
106 46 1
46 106 1
106 48 1
48 106 1
106 62 1
62 106 1
106 65 1
65 106 1
106 67 1
67 106 1
106 85 1
85 106 1
106 86 1
86 106 1
106 92 1
92 106 1
106 99 1
99 106 1
106 100 1
100 106 1
106 101 1
101 106 1
106 102 1
102 106 1
106 105 1
105 106 1
106 116 1
116 106 1
107 4 1
4 107 1
107 16 1
16 107 1
107 17 1
17 107 1
107 49 1
49 107 1
107 51 1
51 107 1
107 52 1
52 107 1
107 53 1
53 107 1
107 61 1
61 107 1
107 68 1
68 107 1
107 69 1
69 107 1
107 79 1
79 107 1
107 82 1
82 107 1
107 91 1
91 107 1
107 96 -1
96 107 -1
107 112 -1
112 107 -1
107 120 1
120 107 1
108 2 1
2 108 1
108 14 1
14 108 1
108 35 1
35 108 1
108 42 1
42 108 1
108 55 1
55 108 1
108 56 1
56 108 1
108 57 1
57 108 1
108 58 1
58 108 1
108 59 1
59 108 1
108 70 1
70 108 1
108 81 1
81 108 1
108 83 1
83 108 1
108 88 1
88 108 1
108 100 -1
100 108 -1
108 101 -1
101 108 -1
108 127 1
127 108 1
109 4 1
4 109 1
109 11 -1
11 109 -1
109 12 1
12 109 1
109 18 1
18 109 1
109 24 1
24 109 1
109 25 1
25 109 1
109 30 1
30 109 1
109 32 1
32 109 1
109 53 1
53 109 1
109 61 1
61 109 1
109 68 1
68 109 1
109 77 1
77 109 1
109 82 1
82 109 1
109 122 1
122 109 1
109 124 1
124 109 1
109 125 1
125 109 1
110 2 1
2 110 1
110 7 1
7 110 1
110 22 -1
22 110 -1
110 35 1
35 110 1
110 41 1
41 110 1
110 44 1
44 110 1
110 45 1
45 110 1
110 58 1
58 110 1
110 60 1
60 110 1
110 70 1
70 110 1
110 73 1
73 110 1
110 81 1
81 110 1
110 88 1
88 110 1
110 95 1
95 110 1
110 111 1
111 110 1
110 119 1
119 110 1
111 5 -1
5 111 -1
111 14 1
14 111 1
111 42 1
42 111 1
111 45 1
45 111 1
111 54 1
54 111 1
111 60 1
60 111 1
111 73 1
73 111 1
111 81 1
81 111 1
111 83 1
83 111 1
111 89 -1
89 111 -1
111 93 1
93 111 1
111 95 1
95 111 1
111 104 1
104 111 1
111 110 1
110 111 1
111 113 1
113 111 1
111 127 1
127 111 1
112 14 1
14 112 1
112 41 1
41 112 1
112 54 1
54 112 1
112 56 1
56 112 1
112 60 1
60 112 1
112 70 1
70 112 1
112 73 1
73 112 1
112 75 1
75 112 1
112 81 1
81 112 1
112 83 1
83 112 1
112 88 1
88 112 1
112 95 1
95 112 1
112 107 -1
107 112 -1
112 119 1
119 112 1
112 120 -1
120 112 -1
112 127 1
127 112 1
113 2 1
2 113 1
113 11 1
11 113 1
113 20 -1
20 113 -1
113 35 1
35 113 1
113 41 1
41 113 1
113 42 1
42 113 1
113 44 1
44 113 1
113 45 1
45 113 1
113 56 1
56 113 1
113 57 1
57 113 1
113 58 1
58 113 1
113 73 1
73 113 1
113 75 1
75 113 1
113 81 1
81 113 1
113 111 1
111 113 1
113 119 1
119 113 1
114 10 1
10 114 1
114 20 1
20 114 1
114 28 1
28 114 1
114 34 1
34 114 1
114 39 1
39 114 1
114 46 1
46 114 1
114 48 1
48 114 1
114 67 1
67 114 1
114 69 -1
69 114 -1
114 85 1
85 114 1
114 99 1
99 114 1
114 101 1
101 114 1
114 103 1
103 114 1
114 105 1
105 114 1
114 117 1
117 114 1
114 127 -1
127 114 -1
115 8 -1
8 115 -1
115 10 1
10 115 1
115 15 1
15 115 1
115 34 1
34 115 1
115 39 1
39 115 1
115 50 1
50 115 1
115 65 1
65 115 1
115 67 1
67 115 1
115 87 1
87 115 1
115 98 1
98 115 1
115 100 1
100 115 1
115 101 1
101 115 1
115 102 1
102 115 1
115 103 1
103 115 1
115 116 1
116 115 1
115 117 1
117 115 1
116 5 1
5 116 1
116 6 1
6 116 1
116 20 1
20 116 1
116 28 1
28 116 1
116 33 1
33 116 1
116 46 1
46 116 1
116 62 1
62 116 1
116 65 1
65 116 1
116 76 -1
76 116 -1
116 80 1
80 116 1
116 85 1
85 116 1
116 87 1
87 116 1
116 92 1
92 116 1
116 100 1
100 116 1
116 106 1
106 116 1
116 115 1
115 116 1
117 5 1
5 117 1
117 6 1
6 117 1
117 38 -1
38 117 -1
117 46 1
46 117 1
117 50 1
50 117 1
117 65 1
65 117 1
117 80 1
80 117 1
117 87 1
87 117 1
117 90 -1
90 117 -1
117 98 1
98 117 1
117 101 1
101 117 1
117 102 1
102 117 1
117 103 1
103 117 1
117 105 1
105 117 1
117 114 1
114 117 1
117 115 1
115 117 1
118 1 1
1 118 1
118 8 1
8 118 1
118 27 1
27 118 1
118 36 1
36 118 1
118 37 1
37 118 1
118 38 1
38 118 1
118 43 1
43 118 1
118 46 -1
46 118 -1
118 76 1
76 118 1
118 84 1
84 118 1
118 89 1
89 118 1
118 90 1
90 118 1
118 97 1
97 118 1
118 104 -1
104 118 -1
118 121 1
121 118 1
118 123 1
123 118 1
119 11 1
11 119 1
119 14 1
14 119 1
119 17 -1
17 119 -1
119 41 1
41 119 1
119 42 1
42 119 1
119 47 -1
47 119 -1
119 57 1
57 119 1
119 58 1
58 119 1
119 60 1
60 119 1
119 73 1
73 119 1
119 83 1
83 119 1
119 93 1
93 119 1
119 110 1
110 119 1
119 112 1
112 119 1
119 113 1
113 119 1
119 127 1
127 119 1
120 17 1
17 120 1
120 21 1
21 120 1
120 25 1
25 120 1
120 30 1
30 120 1
120 49 1
49 120 1
120 51 1
51 120 1
120 61 1
61 120 1
120 65 -1
65 120 -1
120 79 1
79 120 1
120 82 1
82 120 1
120 91 1
91 120 1
120 107 1
107 120 1
120 112 -1
112 120 -1
120 122 1
122 120 1
120 124 1
124 120 1
120 125 1
125 120 1
121 3 1
3 121 1
121 19 1
19 121 1
121 24 -1
24 121 -1
121 36 1
36 121 1
121 38 1
38 121 1
121 43 1
43 121 1
121 48 -1
48 121 -1
121 63 1
63 121 1
121 66 1
66 121 1
121 74 1
74 121 1
121 89 1
89 121 1
121 90 1
90 121 1
121 97 1
97 121 1
121 118 1
118 121 1
121 126 1
126 121 1
121 128 1
128 121 1
122 4 1
4 122 1
122 16 1
16 122 1
122 25 1
25 122 1
122 29 1
29 122 1
122 32 1
32 122 1
122 42 -1
42 122 -1
122 49 1
49 122 1
122 52 1
52 122 1
122 53 1
53 122 1
122 64 1
64 122 1
122 78 1
78 122 1
122 87 -1
87 122 -1
122 91 1
91 122 1
122 109 1
109 122 1
122 120 1
120 122 1
122 125 1
125 122 1
123 3 1
3 123 1
123 13 1
13 123 1
123 22 1
22 123 1
123 23 1
23 123 1
123 24 -1
24 123 -1
123 30 -1
30 123 -1
123 40 1
40 123 1
123 43 1
43 123 1
123 66 1
66 123 1
123 71 1
71 123 1
123 74 1
74 123 1
123 76 1
76 123 1
123 90 1
90 123 1
123 96 1
96 123 1
123 118 1
118 123 1
123 126 1
126 123 1
124 12 1
12 124 1
124 18 1
18 124 1
124 26 1
26 124 1
124 29 1
29 124 1
124 30 1
30 124 1
124 32 1
32 124 1
124 51 1
51 124 1
124 52 1
52 124 1
124 69 1
69 124 1
124 77 1
77 124 1
124 78 1
78 124 1
124 82 1
82 124 1
124 93 -1
93 124 -1
124 109 1
109 124 1
124 120 1
120 124 1
124 126 -1
126 124 -1
125 2 -1
2 125 -1
125 18 1
18 125 1
125 24 1
24 125 1
125 26 1
26 125 1
125 29 1
29 125 1
125 49 1
49 125 1
125 52 1
52 125 1
125 64 1
64 125 1
125 68 1
68 125 1
125 69 1
69 125 1
125 79 1
79 125 1
125 82 1
82 125 1
125 91 1
91 125 1
125 109 1
109 125 1
125 120 1
120 125 1
125 122 1
122 125 1
126 1 1
1 126 1
126 13 1
13 126 1
126 19 1
19 126 1
126 23 1
23 126 1
126 27 1
27 126 1
126 31 1
31 126 1
126 37 1
37 126 1
126 71 1
71 126 1
126 76 1
76 126 1
126 84 1
84 126 1
126 94 1
94 126 1
126 103 -1
103 126 -1
126 121 1
121 126 1
126 123 1
123 126 1
126 124 -1
124 126 -1
126 128 1
128 126 1
127 2 1
2 127 1
127 7 1
7 127 1
127 11 1
11 127 1
127 42 1
42 127 1
127 56 1
56 127 1
127 57 1
57 127 1
127 66 -1
66 127 -1
127 73 1
73 127 1
127 83 1
83 127 1
127 93 1
93 127 1
127 95 1
95 127 1
127 108 1
108 127 1
127 111 1
111 127 1
127 112 1
112 127 1
127 114 -1
114 127 -1
127 119 1
119 127 1
128 1 1
1 128 1
128 3 1
3 128 1
128 8 1
8 128 1
128 19 1
19 128 1
128 36 1
36 128 1
128 47 1
47 128 1
128 66 1
66 128 1
128 71 1
71 128 1
128 74 1
74 128 1
128 76 1
76 128 1
128 80 -1
80 128 -1
128 84 1
84 128 1
128 94 1
94 128 1
128 96 1
96 128 1
128 121 1
121 128 1
128 126 1
126 128 1
