1 3 -1
3 1 -1
1 5 1
5 1 1
1 8 -1
8 1 -1
1 19 -1
19 1 -1
1 23 -1
23 1 -1
1 27 -1
27 1 -1
1 35 1
35 1 1
1 43 -1
43 1 -1
1 47 -1
47 1 -1
1 63 -1
63 1 -1
1 74 -1
74 1 -1
1 75 1
75 1 1
1 76 -1
76 1 -1
1 90 -1
90 1 -1
1 97 -1
97 1 -1
1 118 -1
118 1 -1
2 10 1
10 2 1
2 11 -1
11 2 -1
2 34 1
34 2 1
2 56 -1
56 2 -1
2 58 -1
58 2 -1
2 59 -1
59 2 -1
2 60 -1
60 2 -1
2 70 -1
70 2 -1
2 73 -1
73 2 -1
2 75 -1
75 2 -1
2 83 -1
83 2 -1
2 89 1
89 2 1
2 95 -1
95 2 -1
2 108 -1
108 2 -1
2 110 -1
110 2 -1
2 111 -1
111 2 -1
3 1 -1
1 3 -1
3 4 1
4 3 1
3 8 -1
8 3 -1
3 10 1
10 3 1
3 16 1
16 3 1
3 19 -1
19 3 -1
3 23 -1
23 3 -1
3 27 -1
27 3 -1
3 31 -1
31 3 -1
3 36 -1
36 3 -1
3 38 -1
38 3 -1
3 63 -1
63 3 -1
3 94 -1
94 3 -1
3 97 -1
97 3 -1
3 126 -1
126 3 -1
3 128 -1
128 3 -1
4 3 1
3 4 1
4 12 -1
12 4 -1
4 16 -1
16 4 -1
4 17 -1
17 4 -1
4 29 -1
29 4 -1
4 30 -1
30 4 -1
4 52 -1
52 4 -1
4 53 -1
53 4 -1
4 61 -1
61 4 -1
4 76 1
76 4 1
4 78 -1
78 4 -1
4 91 -1
91 4 -1
4 93 1
93 4 1
4 120 -1
120 4 -1
4 122 -1
122 4 -1
4 124 -1
124 4 -1
5 1 1
1 5 1
5 10 -1
10 5 -1
5 15 -1
15 5 -1
5 29 1
29 5 1
5 33 -1
33 5 -1
5 34 -1
34 5 -1
5 39 -1
39 5 -1
5 46 -1
46 5 -1
5 53 1
53 5 1
5 67 -1
67 5 -1
5 74 1
74 5 1
5 86 -1
86 5 -1
5 92 -1
92 5 -1
5 105 -1
105 5 -1
5 114 -1
114 5 -1
5 115 -1
115 5 -1
6 10 -1
10 6 -1
6 15 -1
15 6 -1
6 16 1
16 6 1
6 20 -1
20 6 -1
6 33 -1
33 6 -1
6 34 -1
34 6 -1
6 50 -1
50 6 -1
6 67 -1
67 6 -1
6 74 1
74 6 1
6 80 -1
80 6 -1
6 81 1
81 6 1
6 98 -1
98 6 -1
6 99 -1
99 6 -1
6 105 -1
105 6 -1
6 114 -1
114 6 -1
6 117 -1
117 6 -1
7 14 -1
14 7 -1
7 45 -1
45 7 -1
7 49 1
49 7 1
7 54 -1
54 7 -1
7 56 -1
56 7 -1
7 57 -1
57 7 -1
7 58 -1
58 7 -1
7 81 -1
81 7 -1
7 95 -1
95 7 -1
7 102 1
102 7 1
7 107 1
107 7 1
7 110 -1
110 7 -1
7 111 -1
111 7 -1
7 115 1
115 7 1
7 119 -1
119 7 -1
7 127 -1
127 7 -1
8 1 -1
1 8 -1
8 3 -1
3 8 -1
8 13 -1
13 8 -1
8 22 -1
22 8 -1
8 23 -1
23 8 -1
8 27 -1
27 8 -1
8 38 -1
38 8 -1
8 43 -1
43 8 -1
8 48 1
48 8 1
8 71 -1
71 8 -1
8 73 1
73 8 1
8 76 -1
76 8 -1
8 84 -1
84 8 -1
8 89 -1
89 8 -1
8 125 1
125 8 1
8 126 -1
126 8 -1
9 19 -1
19 9 -1
9 24 1
24 9 1
9 27 -1
27 9 -1
9 31 -1
31 9 -1
9 36 -1
36 9 -1
9 37 -1
37 9 -1
9 38 -1
38 9 -1
9 40 -1
40 9 -1
9 43 -1
43 9 -1
9 44 1
44 9 1
9 47 -1
47 9 -1
9 64 1
64 9 1
9 71 -1
71 9 -1
9 94 -1
94 9 -1
9 121 -1
121 9 -1
9 123 -1
123 9 -1
10 2 1
2 10 1
10 3 1
3 10 1
10 5 -1
5 10 -1
10 6 -1
6 10 -1
10 20 -1
20 10 -1
10 28 -1
28 10 -1
10 30 1
30 10 1
10 33 -1
33 10 -1
10 39 -1
39 10 -1
10 46 -1
46 10 -1
10 48 -1
48 10 -1
10 50 -1
50 10 -1
10 65 -1
65 10 -1
10 103 -1
103 10 -1
10 115 -1
115 10 -1
10 117 -1
117 10 -1
11 2 -1
2 11 -1
11 14 -1
14 11 -1
11 20 1
20 11 1
11 24 1
24 11 1
11 35 -1
35 11 -1
11 42 -1
42 11 -1
11 54 -1
54 11 -1
11 57 -1
57 11 -1
11 58 -1
58 11 -1
11 70 -1
70 11 -1
11 73 -1
73 11 -1
11 90 1
90 11 1
11 93 -1
93 11 -1
11 95 -1
95 11 -1
11 110 -1
110 11 -1
11 113 -1
113 11 -1
12 4 -1
4 12 -1
12 18 -1
18 12 -1
12 29 -1
29 12 -1
12 30 -1
30 12 -1
12 34 1
34 12 1
12 53 -1
53 12 -1
12 68 -1
68 12 -1
12 69 -1
69 12 -1
12 72 -1
72 12 -1
12 77 -1
77 12 -1
12 79 -1
79 12 -1
12 82 -1
82 12 -1
12 88 1
88 12 1
12 98 1
98 12 1
12 109 -1
109 12 -1
12 122 -1
122 12 -1
13 8 -1
8 13 -1
13 19 -1
19 13 -1
13 31 -1
31 13 -1
13 32 1
32 13 1
13 37 -1
37 13 -1
13 45 1
45 13 1
13 63 -1
63 13 -1
13 71 -1
71 13 -1
13 76 -1
76 13 -1
13 90 -1
90 13 -1
13 91 1
91 13 1
13 96 -1
96 13 -1
13 119 1
119 13 1
13 121 -1
121 13 -1
13 126 -1
126 13 -1
13 128 -1
128 13 -1
14 7 -1
7 14 -1
14 11 -1
11 14 -1
14 41 -1
41 14 -1
14 42 -1
42 14 -1
14 43 1
43 14 1
14 55 -1
55 14 -1
14 56 -1
56 14 -1
14 59 -1
59 14 -1
14 60 -1
60 14 -1
14 70 -1
70 14 -1
14 75 -1
75 14 -1
14 78 1
78 14 1
14 81 -1
81 14 -1
14 83 -1
83 14 -1
14 111 -1
111 14 -1
14 121 1
121 14 1
15 5 -1
5 15 -1
15 6 -1
6 15 -1
15 28 -1
28 15 -1
15 33 -1
33 15 -1
15 46 -1
46 15 -1
15 48 -1
48 15 -1
15 54 1
54 15 1
15 60 1
60 15 1
15 65 -1
65 15 -1
15 67 -1
67 15 -1
15 87 -1
87 15 -1
15 92 -1
92 15 -1
15 101 -1
101 15 -1
15 102 -1
102 15 -1
15 117 -1
117 15 -1
15 122 1
122 15 1
16 3 1
3 16 1
16 4 -1
4 16 -1
16 6 1
6 16 1
16 21 -1
21 16 -1
16 29 -1
29 16 -1
16 30 -1
30 16 -1
16 51 -1
51 16 -1
16 53 -1
53 16 -1
16 64 -1
64 16 -1
16 68 -1
68 16 -1
16 72 -1
72 16 -1
16 94 1
94 16 1
16 107 -1
107 16 -1
16 109 -1
109 16 -1
16 123 1
123 16 1
16 124 -1
124 16 -1
17 4 -1
4 17 -1
17 24 -1
24 17 -1
17 25 -1
25 17 -1
17 26 -1
26 17 -1
17 49 -1
49 17 -1
17 50 1
50 17 1
17 53 -1
53 17 -1
17 68 -1
68 17 -1
17 69 -1
69 17 -1
17 72 -1
72 17 -1
17 77 -1
77 17 -1
17 82 -1
82 17 -1
17 91 -1
91 17 -1
17 97 1
97 17 1
17 100 1
100 17 1
17 109 -1
109 17 -1
18 12 -1
12 18 -1
18 21 -1
21 18 -1
18 24 -1
24 18 -1
18 25 -1
25 18 -1
18 46 1
46 18 1
18 52 -1
52 18 -1
18 69 -1
69 18 -1
18 72 -1
72 18 -1
18 78 -1
78 18 -1
18 79 -1
79 18 -1
18 80 1
80 18 1
18 89 1
89 18 1
18 97 1
97 18 1
18 107 -1
107 18 -1
18 109 -1
109 18 -1
18 125 -1
125 18 -1
19 1 -1
1 19 -1
19 3 -1
3 19 -1
19 9 -1
9 19 -1
19 13 -1
13 19 -1
19 21 1
21 19 1
19 22 -1
22 19 -1
19 31 -1
31 19 -1
19 38 -1
38 19 -1
19 76 -1
76 19 -1
19 90 -1
90 19 -1
19 96 -1
96 19 -1
19 97 -1
97 19 -1
19 121 -1
121 19 -1
19 123 -1
123 19 -1
19 124 -1
124 19 -1
19 125 -1
125 19 -1
20 6 -1
6 20 -1
20 10 -1
10 20 -1
20 11 -1
11 20 -1
20 39 -1
39 20 -1
20 50 1
50 20 1
20 57 -1
57 20 -1
20 62 1
62 20 1
20 74 -1
74 20 -1
20 80 1
80 20 1
20 92 1
92 20 1
20 98 1
98 20 1
20 100 1
100 20 1
20 102 1
102 20 1
20 114 1
114 20 1
20 115 1
115 20 1
20 117 1
117 20 1
21 16 1
16 21 1
21 18 1
18 21 1
21 19 -1
19 21 -1
21 29 1
29 21 1
21 32 1
32 21 1
21 44 -1
44 21 -1
21 53 1
53 21 1
21 61 1
61 21 1
21 64 1
64 21 1
21 68 1
68 21 1
21 78 1
78 21 1
21 91 1
91 21 1
21 101 -1
101 21 -1
21 107 1
107 21 1
21 109 1
109 21 1
21 120 1
120 21 1
22 8 1
8 22 1
22 19 1
19 22 1
22 31 1
31 22 1
22 37 1
37 22 1
22 55 -1
55 22 -1
22 60 -1
60 22 -1
22 61 -1
61 22 -1
22 66 1
66 22 1
22 71 1
71 22 1
22 84 1
84 22 1
22 90 1
90 22 1
22 94 1
94 22 1
22 96 1
96 22 1
22 97 1
97 22 1
22 126 1
126 22 1
22 128 1
128 22 1
23 1 1
1 23 1
23 3 1
3 23 1
23 8 1
8 23 1
23 27 1
27 23 1
23 36 1
36 23 1
23 38 1
38 23 1
23 42 -1
42 23 -1
23 71 1
71 23 1
23 74 1
74 23 1
23 87 -1
87 23 -1
23 90 1
90 23 1
23 94 1
94 23 1
23 96 1
96 23 1
23 104 -1
104 23 -1
23 126 1
126 23 1
23 128 1
128 23 1
24 9 -1
9 24 -1
24 11 -1
11 24 -1
24 17 1
17 24 1
24 18 1
18 24 1
24 25 1
25 24 1
24 49 1
49 24 1
24 51 1
51 24 1
24 52 1
52 24 1
24 53 1
53 24 1
24 56 -1
56 24 -1
24 64 1
64 24 1
24 78 1
78 24 1
24 79 1
79 24 1
24 82 1
82 24 1
24 120 1
120 24 1
24 125 1
125 24 1
25 17 1
17 25 1
25 18 1
18 25 1
25 24 1
24 25 1
25 30 1
30 25 1
25 42 -1
42 25 -1
25 49 1
49 25 1
25 51 1
51 25 1
25 52 1
52 25 1
25 61 1
61 25 1
25 75 -1
75 25 -1
25 77 1
77 25 1
25 79 1
79 25 1
25 107 1
107 25 1
25 111 -1
111 25 -1
25 120 1
120 25 1
25 125 1
125 25 1
26 17 1
17 26 1
26 30 1
30 26 1
26 32 1
32 26 1
26 68 1
68 26 1
26 69 1
69 26 1
26 72 1
72 26 1
26 77 1
77 26 1
26 78 1
78 26 1
26 81 -1
81 26 -1
26 82 1
82 26 1
26 84 -1
84 26 -1
26 91 1
91 26 1
26 98 -1
98 26 -1
26 109 1
109 26 1
26 118 -1
118 26 -1
26 120 1
120 26 1
27 1 1
1 27 1
27 3 1
3 27 1
27 8 1
8 27 1
27 9 1
9 27 1
27 23 1
23 27 1
27 43 1
43 27 1
27 74 1
74 27 1
27 76 1
76 27 1
27 80 -1
80 27 -1
27 84 1
84 27 1
27 90 1
90 27 1
27 92 -1
92 27 -1
27 110 -1
110 27 -1
27 118 1
118 27 1
27 121 1
121 27 1
27 123 1
123 27 1
28 10 1
10 28 1
28 15 1
15 28 1
28 33 1
33 28 1
28 34 1
34 28 1
28 50 1
50 28 1
28 62 1
62 28 1
28 66 -1
66 28 -1
28 77 -1
77 28 -1
28 84 -1
84 28 -1
28 85 1
85 28 1
28 86 1
86 28 1
28 99 1
99 28 1
28 100 1
100 28 1
28 103 1
103 28 1
28 105 1
105 28 1
28 117 1
117 28 1
29 4 1
4 29 1
29 5 -1
5 29 -1
29 12 1
12 29 1
29 16 1
16 29 1
29 21 1
21 29 1
29 30 1
30 29 1
29 32 1
32 29 1
29 53 1
53 29 1
29 61 1
61 29 1
29 64 1
64 29 1
29 78 1
78 29 1
29 105 -1
105 29 -1
29 107 1
107 29 1
29 115 -1
115 29 -1
29 122 1
122 29 1
29 124 1
124 29 1
30 4 1
4 30 1
30 10 -1
10 30 -1
30 12 1
12 30 1
30 16 1
16 30 1
30 25 1
25 30 1
30 26 1
26 30 1
30 29 1
29 30 1
30 52 1
52 30 1
30 61 1
61 30 1
30 68 1
68 30 1
30 77 1
77 30 1
30 78 1
78 30 1
30 84 -1
84 30 -1
30 120 1
120 30 1
30 121 -1
121 30 -1
30 122 1
122 30 1
31 3 1
3 31 1
31 9 1
9 31 1
31 13 1
13 31 1
31 19 1
19 31 1
31 22 1
22 31 1
31 36 1
36 31 1
31 37 1
37 31 1
31 40 1
40 31 1
31 43 1
43 31 1
31 55 -1
55 31 -1
31 85 -1
85 31 -1
31 97 1
97 31 1
31 112 -1
112 31 -1
31 123 1
123 31 1
31 126 1
126 31 1
31 128 1
128 31 1
32 13 -1
13 32 -1
32 21 1
21 32 1
32 26 1
26 32 1
32 29 1
29 32 1
32 37 -1
37 32 -1
32 49 1
49 32 1
32 52 1
52 32 1
32 54 -1
54 32 -1
32 61 1
61 32 1
32 64 1
64 32 1
32 68 1
68 32 1
32 78 1
78 32 1
32 79 1
79 32 1
32 91 1
91 32 1
32 124 1
124 32 1
32 125 1
125 32 1
33 5 1
5 33 1
33 6 1
6 33 1
33 10 1
10 33 1
33 15 1
15 33 1
33 28 1
28 33 1
33 34 1
34 33 1
33 38 -1
38 33 -1
33 40 -1
40 33 -1
33 80 1
80 33 1
33 87 1
87 33 1
33 92 1
92 33 1
33 102 1
102 33 1
33 104 -1
104 33 -1
33 105 1
105 33 1
33 106 1
106 33 1
33 116 1
116 33 1
34 2 -1
2 34 -1
34 5 1
5 34 1
34 6 1
6 34 1
34 12 -1
12 34 -1
34 28 1
28 34 1
34 33 1
33 34 1
34 48 1
48 34 1
34 61 -1
61 34 -1
34 65 1
65 34 1
34 85 1
85 34 1
34 87 1
87 34 1
34 99 1
99 34 1
34 101 1
101 34 1
34 106 1
106 34 1
34 114 1
114 34 1
34 117 1
117 34 1
35 1 -1
1 35 -1
35 11 1
11 35 1
35 41 1
41 35 1
35 42 1
42 35 1
35 45 1
45 35 1
35 56 1
56 35 1
35 60 1
60 35 1
35 71 -1
71 35 -1
35 75 1
75 35 1
35 77 -1
77 35 -1
35 81 1
81 35 1
35 93 1
93 35 1
35 110 1
110 35 1
35 112 1
112 35 1
35 118 -1
118 35 -1
35 127 1
127 35 1
36 3 1
3 36 1
36 9 1
9 36 1
36 23 1
23 36 1
36 31 1
31 36 1
36 40 1
40 36 1
36 47 1
47 36 1
36 53 -1
53 36 -1
36 63 1
63 36 1
36 66 1
66 36 1
36 74 1
74 36 1
36 89 1
89 36 1
36 90 1
90 36 1
36 106 -1
106 36 -1
36 111 -1
111 36 -1
36 123 1
123 36 1
36 128 1
128 36 1
37 9 1
9 37 1
37 13 1
13 37 1
37 22 1
22 37 1
37 31 1
31 37 1
37 32 -1
32 37 -1
37 40 1
40 37 1
37 43 1
43 37 1
37 63 1
63 37 1
37 86 -1
86 37 -1
37 94 1
94 37 1
37 97 1
97 37 1
37 118 1
118 37 1
37 123 1
123 37 1
37 125 -1
125 37 -1
37 126 1
126 37 1
37 128 1
128 37 1
38 3 1
3 38 1
38 8 1
8 38 1
38 9 1
9 38 1
38 19 1
19 38 1
38 23 1
23 38 1
38 33 -1
33 38 -1
38 71 1
71 38 1
38 89 1
89 38 1
38 94 1
94 38 1
38 96 1
96 38 1
38 97 1
97 38 1
38 108 -1
108 38 -1
38 117 -1
117 38 -1
38 118 1
118 38 1
38 123 1
123 38 1
38 126 1
126 38 1
39 5 1
5 39 1
39 10 1
10 39 1
39 20 1
20 39 1
39 45 -1
45 39 -1
39 46 1
46 39 1
39 52 -1
52 39 -1
39 62 1
62 39 1
39 85 1
85 39 1
39 86 1
86 39 1
39 98 1
98 39 1
39 101 1
101 39 1
39 102 1
102 39 1
39 103 1
103 39 1
39 108 -1
108 39 -1
39 116 1
116 39 1
39 117 1
117 39 1
40 9 1
9 40 1
40 31 1
31 40 1
40 33 -1
33 40 -1
40 36 1
36 40 1
40 37 1
37 40 1
40 47 1
47 40 1
40 51 -1
51 40 -1
40 63 1
63 40 1
40 66 1
66 40 1
40 71 1
71 40 1
40 76 1
76 40 1
40 90 1
90 40 1
40 96 1
96 40 1
40 118 1
118 40 1
40 121 1
121 40 1
40 124 -1
124 40 -1
41 14 1
14 41 1
41 35 1
35 41 1
41 42 1
42 41 1
41 44 1
44 41 1
41 54 1
54 41 1
41 55 1
55 41 1
41 60 1
60 41 1
41 65 -1
65 41 -1
41 69 -1
69 41 -1
41 70 1
70 41 1
41 83 1
83 41 1
41 104 1
104 41 1
41 107 -1
107 41 -1
41 108 1
108 41 1
41 112 1
112 41 1
41 119 1
119 41 1
42 11 1
11 42 1
42 14 1
14 42 1
42 23 -1
23 42 -1
42 25 -1
25 42 -1
42 35 1
35 42 1
42 41 1
41 42 1
42 44 1
44 42 1
42 45 1
45 42 1
42 54 1
54 42 1
42 59 1
59 42 1
42 60 1
60 42 1
42 81 1
81 42 1
42 82 -1
82 42 -1
42 83 1
83 42 1
42 104 1
104 42 1
42 108 1
108 42 1
43 1 1
1 43 1
43 8 1
8 43 1
43 9 1
9 43 1
43 14 -1
14 43 -1
43 27 1
27 43 1
43 31 1
31 43 1
43 37 1
37 43 1
43 48 -1
48 43 -1
43 66 1
66 43 1
43 84 1
84 43 1
43 94 1
94 43 1
43 97 1
97 43 1
43 99 -1
99 43 -1
43 121 1
121 43 1
43 123 1
123 43 1
43 126 1
126 43 1
44 9 -1
9 44 -1
44 21 -1
21 44 -1
44 41 1
41 44 1
44 42 1
42 44 1
44 54 1
54 44 1
44 56 1
56 44 1
44 73 1
73 44 1
44 81 1
81 44 1
44 88 1
88 44 1
44 93 1
93 44 1
44 95 1
95 44 1
44 98 -1
98 44 -1
44 104 1
104 44 1
44 108 1
108 44 1
44 110 1
110 44 1
44 126 -1
126 44 -1
45 7 1
7 45 1
45 13 -1
13 45 -1
45 35 1
35 45 1
45 39 -1
39 45 -1
45 42 1
42 45 1
45 54 1
54 45 1
45 55 1
55 45 1
45 56 1
56 45 1
45 57 1
57 45 1
45 59 1
59 45 1
45 70 1
70 45 1
45 77 -1
77 45 -1
45 81 1
81 45 1
45 101 -1
101 45 -1
45 113 1
113 45 1
45 127 1
127 45 1
46 5 1
5 46 1
46 10 1
10 46 1
46 15 1
15 46 1
46 18 -1
18 46 -1
46 39 1
39 46 1
46 50 1
50 46 1
46 70 -1
70 46 -1
46 71 -1
71 46 -1
46 78 -1
78 46 -1
46 80 1
80 46 1
46 86 1
86 46 1
46 92 1
92 46 1
46 100 1
100 46 1
46 102 1
102 46 1
46 105 1
105 46 1
46 106 1
106 46 1
47 1 1
1 47 1
47 9 1
9 47 1
47 36 1
36 47 1
47 40 1
40 47 1
47 66 1
66 47 1
47 67 -1
67 47 -1
47 71 1
71 47 1
47 73 -1
73 47 -1
47 74 1
74 47 1
47 76 1
76 47 1
47 89 1
89 47 1
47 97 1
97 47 1
47 99 -1
99 47 -1
47 121 1
121 47 1
47 123 1
123 47 1
47 126 1
126 47 1
48 8 -1
8 48 -1
48 10 1
10 48 1
48 15 1
15 48 1
48 34 1
34 48 1
48 43 -1
43 48 -1
48 50 1
50 48 1
48 67 1
67 48 1
48 75 -1
75 48 -1
48 85 1
85 48 1
48 87 1
87 48 1
48 100 1
100 48 1
48 105 1
105 48 1
48 106 1
106 48 1
48 115 1
115 48 1
48 116 1
116 48 1
48 119 -1
119 48 -1
49 7 -1
7 49 -1
49 17 1
17 49 1
49 24 1
24 49 1
49 25 1
25 49 1
49 32 1
32 49 1
49 51 1
51 49 1
49 53 1
53 49 1
49 59 -1
59 49 -1
49 64 1
64 49 1
49 68 1
68 49 1
49 72 1
72 49 1
49 77 1
77 49 1
49 78 1
78 49 1
49 82 1
82 49 1
49 113 -1
113 49 -1
49 122 1
122 49 1
50 6 1
6 50 1
50 10 1
10 50 1
50 17 -1
17 50 -1
50 20 1
20 50 1
50 28 1
28 50 1
50 46 1
46 50 1
50 48 1
48 50 1
50 67 1
67 50 1
50 85 1
85 50 1
50 87 1
87 50 1
50 88 -1
88 50 -1
50 99 1
99 50 1
50 100 1
100 50 1
50 111 -1
111 50 -1
50 115 1
115 50 1
50 116 1
116 50 1
51 16 1
16 51 1
51 24 1
24 51 1
51 25 1
25 51 1
51 40 -1
40 51 -1
51 49 1
49 51 1
51 52 1
52 51 1
51 64 1
64 51 1
51 72 1
72 51 1
51 79 1
79 51 1
51 82 1
82 51 1
51 83 -1
83 51 -1
51 106 -1
106 51 -1
51 107 1
107 51 1
51 109 1
109 51 1
51 124 1
124 51 1
51 125 1
125 51 1
52 4 1
4 52 1
52 18 1
18 52 1
52 24 1
24 52 1
52 25 1
25 52 1
52 30 1
30 52 1
52 32 1
32 52 1
52 39 -1
39 52 -1
52 51 1
51 52 1
52 64 1
64 52 1
52 72 1
72 52 1
52 82 1
82 52 1
52 98 -1
98 52 -1
52 107 1
107 52 1
52 118 -1
118 52 -1
52 124 1
124 52 1
52 125 1
125 52 1
53 4 1
4 53 1
53 5 -1
5 53 -1
53 12 1
12 53 1
53 16 1
16 53 1
53 17 1
17 53 1
53 21 1
21 53 1
53 24 1
24 53 1
53 29 1
29 53 1
53 36 -1
36 53 -1
53 49 1
49 53 1
53 64 1
64 53 1
53 69 1
69 53 1
53 82 1
82 53 1
53 113 -1
113 53 -1
53 120 1
120 53 1
53 125 1
125 53 1
54 7 1
7 54 1
54 11 1
11 54 1
54 15 -1
15 54 -1
54 32 -1
32 54 -1
54 41 1
41 54 1
54 42 1
42 54 1
54 44 1
44 54 1
54 45 1
45 54 1
54 56 1
56 54 1
54 60 1
60 54 1
54 75 1
75 54 1
54 82 -1
82 54 -1
54 83 1
83 54 1
54 88 1
88 54 1
54 93 1
93 54 1
54 119 1
119 54 1
55 14 1
14 55 1
55 22 -1
22 55 -1
55 31 -1
31 55 -1
55 41 1
41 55 1
55 45 1
45 55 1
55 56 1
56 55 1
55 57 1
57 55 1
55 58 1
58 55 1
55 88 1
88 55 1
55 94 -1
94 55 -1
55 110 1
110 55 1
55 111 1
111 55 1
55 112 1
112 55 1
55 113 1
113 55 1
55 116 -1
116 55 -1
55 119 1
119 55 1
56 2 1
2 56 1
56 7 1
7 56 1
56 14 1
14 56 1
56 24 -1
24 56 -1
56 35 1
35 56 1
56 44 1
44 56 1
56 45 1
45 56 1
56 54 1
54 56 1
56 55 1
55 56 1
56 73 1
73 56 1
56 92 -1
92 56 -1
56 108 1
108 56 1
56 110 1
110 56 1
56 116 -1
116 56 -1
56 119 1
119 56 1
56 127 1
127 56 1
57 7 1
7 57 1
57 11 1
11 57 1
57 20 -1
20 57 -1
57 45 1
45 57 1
57 55 1
55 57 1
57 59 1
59 57 1
57 76 -1
76 57 -1
57 83 1
83 57 1
57 88 1
88 57 1
57 95 1
95 57 1
57 104 1
104 57 1
57 108 1
108 57 1
57 111 1
111 57 1
57 112 1
112 57 1
57 113 1
113 57 1
57 128 -1
128 57 -1
58 2 1
2 58 1
58 7 1
7 58 1
58 11 1
11 58 1
58 55 1
55 58 1
58 60 1
60 58 1
58 61 -1
61 58 -1
58 70 1
70 58 1
58 75 1
75 58 1
58 79 -1
79 58 -1
58 81 1
81 58 1
58 88 1
88 58 1
58 95 1
95 58 1
58 108 1
108 58 1
58 119 1
119 58 1
58 120 -1
120 58 -1
58 127 1
127 58 1
59 2 1
2 59 1
59 14 1
14 59 1
59 42 1
42 59 1
59 45 1
45 59 1
59 49 -1
49 59 -1
59 57 1
57 59 1
59 73 1
73 59 1
59 75 1
75 59 1
59 88 1
88 59 1
59 95 1
95 59 1
59 104 1
104 59 1
59 111 1
111 59 1
59 112 1
112 59 1
59 114 -1
114 59 -1
59 119 1
119 59 1
59 126 -1
126 59 -1
60 2 1
2 60 1
60 14 1
14 60 1
60 15 -1
15 60 -1
60 22 -1
22 60 -1
60 35 1
35 60 1
60 41 1
41 60 1
60 42 1
42 60 1
60 54 1
54 60 1
60 58 1
58 60 1
60 70 1
70 60 1
60 73 1
73 60 1
60 83 1
83 60 1
60 88 1
88 60 1
60 95 1
95 60 1
60 113 1
113 60 1
60 117 -1
117 60 -1
61 4 1
4 61 1
61 21 1
21 61 1
61 22 -1
22 61 -1
61 25 1
25 61 1
61 29 1
29 61 1
61 30 1
30 61 1
61 32 1
32 61 1
61 34 -1
34 61 -1
61 58 -1
58 61 -1
61 77 1
77 61 1
61 82 1
82 61 1
61 91 1
91 61 1
61 120 1
120 61 1
61 122 1
122 61 1
61 124 1
124 61 1
61 125 1
125 61 1
62 20 1
20 62 1
62 28 1
28 62 1
62 39 1
39 62 1
62 65 1
65 62 1
62 67 1
67 62 1
62 83 -1
83 62 -1
62 86 1
86 62 1
62 87 1
87 62 1
62 89 -1
89 62 -1
62 92 1
92 62 1
62 98 1
98 62 1
62 100 1
100 62 1
62 112 -1
112 62 -1
62 114 1
114 62 1
62 115 1
115 62 1
62 116 1
116 62 1
63 1 1
1 63 1
63 3 1
3 63 1
63 13 1
13 63 1
63 36 1
36 63 1
63 37 1
37 63 1
63 40 1
40 63 1
63 70 -1
70 63 -1
63 74 1
74 63 1
63 76 1
76 63 1
63 83 -1
83 63 -1
63 89 1
89 63 1
63 90 1
90 63 1
63 94 1
94 63 1
63 106 -1
106 63 -1
63 121 1
121 63 1
63 128 1
128 63 1
64 9 -1
9 64 -1
64 16 1
16 64 1
64 21 1
21 64 1
64 24 1
24 64 1
64 29 1
29 64 1
64 32 1
32 64 1
64 49 1
49 64 1
64 51 1
51 64 1
64 52 1
52 64 1
64 53 1
53 64 1
64 67 -1
67 64 -1
64 68 1
68 64 1
64 77 1
77 64 1
64 78 1
78 64 1
64 96 -1
96 64 -1
64 120 1
120 64 1
65 10 1
10 65 1
65 15 1
15 65 1
65 34 1
34 65 1
65 41 -1
41 65 -1
65 62 1
62 65 1
65 85 1
85 65 1
65 92 1
92 65 1
65 98 1
98 65 1
65 99 1
99 65 1
65 101 1
101 65 1
65 103 1
103 65 1
65 105 1
105 65 1
65 109 -1
109 65 -1
65 114 1
114 65 1
65 117 1
117 65 1
65 122 -1
122 65 -1
66 22 1
22 66 1
66 28 -1
28 66 -1
66 36 1
36 66 1
66 40 1
40 66 1
66 43 1
43 66 1
66 47 1
47 66 1
66 74 1
74 66 1
66 84 1
84 66 1
66 89 1
89 66 1
66 90 1
90 66 1
66 91 -1
91 66 -1
66 94 1
94 66 1
66 119 -1
119 66 -1
66 121 1
121 66 1
66 123 1
123 66 1
66 128 1
128 66 1
67 5 1
5 67 1
67 6 1
6 67 1
67 15 1
15 67 1
67 47 -1
47 67 -1
67 48 1
48 67 1
67 50 1
50 67 1
67 62 1
62 67 1
67 64 -1
64 67 -1
67 76 -1
76 67 -1
67 80 1
80 67 1
67 98 1
98 67 1
67 101 1
101 67 1
67 103 1
103 67 1
67 104 -1
104 67 -1
67 106 1
106 67 1
67 117 1
117 67 1
68 12 1
12 68 1
68 16 1
16 68 1
68 17 1
17 68 1
68 21 1
21 68 1
68 26 1
26 68 1
68 30 1
30 68 1
68 32 1
32 68 1
68 49 1
49 68 1
68 64 1
64 68 1
68 69 1
69 68 1
68 77 1
77 68 1
68 79 1
79 68 1
68 93 -1
93 68 -1
68 102 -1
102 68 -1
68 109 1
109 68 1
68 126 -1
126 68 -1
69 12 1
12 69 1
69 17 1
17 69 1
69 18 1
18 69 1
69 26 1
26 69 1
69 41 -1
41 69 -1
69 53 1
53 69 1
69 68 1
68 69 1
69 79 1
79 69 1
69 87 -1
87 69 -1
69 88 -1
88 69 -1
69 91 1
91 69 1
69 96 -1
96 69 -1
69 107 1
107 69 1
69 122 1
122 69 1
69 124 1
124 69 1
69 125 1
125 69 1
70 2 1
2 70 1
70 11 1
11 70 1
70 14 1
14 70 1
70 41 1
41 70 1
70 45 1
45 70 1
70 46 -1
46 70 -1
70 58 1
58 70 1
70 60 1
60 70 1
70 63 -1
63 70 -1
70 93 1
93 70 1
70 104 1
104 70 1
70 110 1
110 70 1
70 111 1
111 70 1
70 113 1
113 70 1
70 124 -1
124 70 -1
70 127 1
127 70 1
71 8 1
8 71 1
71 9 1
9 71 1
71 13 1
13 71 1
71 22 1
22 71 1
71 23 1
23 71 1
71 35 -1
35 71 -1
71 38 1
38 71 1
71 40 1
40 71 1
71 46 -1
46 71 -1
71 47 1
47 71 1
71 76 1
76 71 1
71 96 1
96 71 1
71 103 -1
103 71 -1
71 118 1
118 71 1
71 126 1
126 71 1
71 128 1
128 71 1
72 12 1
12 72 1
72 16 1
16 72 1
72 17 1
17 72 1
72 18 1
18 72 1
72 26 1
26 72 1
72 49 1
49 72 1
72 51 1
51 72 1
72 52 1
52 72 1
72 78 1
78 72 1
72 80 -1
80 72 -1
72 81 -1
81 72 -1
72 82 1
82 72 1
72 107 1
107 72 1
72 122 1
122 72 1
72 125 1
125 72 1
72 126 -1
126 72 -1
73 2 1
2 73 1
73 8 -1
8 73 -1
73 11 1
11 73 1
73 44 1
44 73 1
73 47 -1
47 73 -1
73 56 1
56 73 1
73 59 1
59 73 1
73 60 1
60 73 1
73 81 1
81 73 1
73 82 -1
82 73 -1
73 83 1
83 73 1
73 93 1
93 73 1
73 104 1
104 73 1
73 108 1
108 73 1
73 112 1
112 73 1
73 113 1
113 73 1
74 1 1
1 74 1
74 5 -1
5 74 -1
74 6 -1
6 74 -1
74 20 -1
20 74 -1
74 23 1
23 74 1
74 27 1
27 74 1
74 36 1
36 74 1
74 47 1
47 74 1
74 63 1
63 74 1
74 66 1
66 74 1
74 89 1
89 74 1
74 94 1
94 74 1
74 97 1
97 74 1
74 121 1
121 74 1
74 126 1
126 74 1
74 128 1
128 74 1
75 1 -1
1 75 -1
75 2 1
2 75 1
75 14 1
14 75 1
75 25 -1
25 75 -1
75 35 1
35 75 1
75 48 -1
48 75 -1
75 54 1
54 75 1
75 58 1
58 75 1
75 59 1
59 75 1
75 104 1
104 75 1
75 105 -1
105 75 -1
75 108 1
108 75 1
75 110 1
110 75 1
75 112 1
112 75 1
75 113 1
113 75 1
75 119 1
119 75 1
76 1 1
1 76 1
76 4 -1
4 76 -1
76 8 1
8 76 1
76 13 1
13 76 1
76 19 1
19 76 1
76 27 1
27 76 1
76 40 1
40 76 1
76 47 1
47 76 1
76 57 -1
57 76 -1
76 63 1
63 76 1
76 67 -1
67 76 -1
76 71 1
71 76 1
76 90 1
90 76 1
76 93 -1
93 76 -1
76 118 1
118 76 1
76 121 1
121 76 1
77 12 1
12 77 1
77 17 1
17 77 1
77 25 1
25 77 1
77 26 1
26 77 1
77 28 -1
28 77 -1
77 30 1
30 77 1
77 35 -1
35 77 -1
77 45 -1
45 77 -1
77 49 1
49 77 1
77 61 1
61 77 1
77 64 1
64 77 1
77 68 1
68 77 1
77 91 1
91 77 1
77 107 1
107 77 1
77 109 1
109 77 1
77 122 1
122 77 1
78 4 1
4 78 1
78 14 -1
14 78 -1
78 18 1
18 78 1
78 21 1
21 78 1
78 24 1
24 78 1
78 26 1
26 78 1
78 29 1
29 78 1
78 30 1
30 78 1
78 32 1
32 78 1
78 46 -1
46 78 -1
78 49 1
49 78 1
78 64 1
64 78 1
78 72 1
72 78 1
78 86 -1
86 78 -1
78 120 1
120 78 1
78 125 1
125 78 1
79 12 1
12 79 1
79 18 1
18 79 1
79 24 1
24 79 1
79 25 1
25 79 1
79 32 1
32 79 1
79 51 1
51 79 1
79 58 -1
58 79 -1
79 68 1
68 79 1
79 69 1
69 79 1
79 91 1
91 79 1
79 99 -1
99 79 -1
79 109 1
109 79 1
79 112 -1
112 79 -1
79 120 1
120 79 1
79 122 1
122 79 1
79 124 1
124 79 1
80 6 1
6 80 1
80 18 -1
18 80 -1
80 20 1
20 80 1
80 27 -1
27 80 -1
80 33 1
33 80 1
80 46 1
46 80 1
80 67 1
67 80 1
80 72 -1
72 80 -1
80 92 1
92 80 1
80 99 1
99 80 1
80 101 1
101 80 1
80 102 1
102 80 1
80 103 1
103 80 1
80 105 1
105 80 1
80 106 1
106 80 1
80 114 1
114 80 1
81 6 -1
6 81 -1
81 7 1
7 81 1
81 14 1
14 81 1
81 26 -1
26 81 -1
81 35 1
35 81 1
81 42 1
42 81 1
81 44 1
44 81 1
81 45 1
45 81 1
81 58 1
58 81 1
81 72 -1
72 81 -1
81 73 1
73 81 1
81 93 1
93 81 1
81 95 1
95 81 1
81 100 -1
100 81 -1
81 110 1
110 81 1
81 113 1
113 81 1
82 12 1
12 82 1
82 17 1
17 82 1
82 24 1
24 82 1
82 26 1
26 82 1
82 42 -1
42 82 -1
82 49 1
49 82 1
82 51 1
51 82 1
82 52 1
52 82 1
82 53 1
53 82 1
82 54 -1
54 82 -1
82 61 1
61 82 1
82 72 1
72 82 1
82 73 -1
73 82 -1
82 109 1
109 82 1
82 124 1
124 82 1
82 125 1
125 82 1
83 2 1
2 83 1
83 14 1
14 83 1
83 41 1
41 83 1
83 42 1
42 83 1
83 51 -1
51 83 -1
83 54 1
54 83 1
83 57 1
57 83 1
83 60 1
60 83 1
83 62 -1
62 83 -1
83 63 -1
63 83 -1
83 73 1
73 83 1
83 88 1
88 83 1
83 104 1
104 83 1
83 112 1
112 83 1
83 113 1
113 83 1
83 119 1
119 83 1
84 8 1
8 84 1
84 22 1
22 84 1
84 26 -1
26 84 -1
84 27 1
27 84 1
84 28 -1
28 84 -1
84 30 -1
30 84 -1
84 43 1
43 84 1
84 66 1
66 84 1
84 89 1
89 84 1
84 90 1
90 84 1
84 96 1
96 84 1
84 97 1
97 84 1
84 104 -1
104 84 -1
84 118 1
118 84 1
84 121 1
121 84 1
84 123 1
123 84 1
85 28 1
28 85 1
85 31 -1
31 85 -1
85 34 1
34 85 1
85 39 1
39 85 1
85 48 1
48 85 1
85 50 1
50 85 1
85 65 1
65 85 1
85 86 1
86 85 1
85 87 1
87 85 1
85 99 1
99 85 1
85 102 1
102 85 1
85 105 1
105 85 1
85 108 -1
108 85 -1
85 114 1
114 85 1
85 117 1
117 85 1
85 118 -1
118 85 -1
86 5 1
5 86 1
86 28 1
28 86 1
86 37 -1
37 86 -1
86 39 1
39 86 1
86 46 1
46 86 1
86 62 1
62 86 1
86 78 -1
78 86 -1
86 85 1
85 86 1
86 87 1
87 86 1
86 96 -1
96 86 -1
86 98 1
98 86 1
86 99 1
99 86 1
86 101 1
101 86 1
86 102 1
102 86 1
86 106 1
106 86 1
86 116 1
116 86 1
87 15 1
15 87 1
87 23 -1
23 87 -1
87 33 1
33 87 1
87 34 1
34 87 1
87 48 1
48 87 1
87 50 1
50 87 1
87 62 1
62 87 1
87 69 -1
69 87 -1
87 85 1
85 87 1
87 86 1
86 87 1
87 98 1
98 87 1
87 100 1
100 87 1
87 103 1
103 87 1
87 107 -1
107 87 -1
87 114 1
114 87 1
87 115 1
115 87 1
88 12 -1
12 88 -1
88 44 1
44 88 1
88 50 -1
50 88 -1
88 54 1
54 88 1
88 55 1
55 88 1
88 57 1
57 88 1
88 58 1
58 88 1
88 59 1
59 88 1
88 60 1
60 88 1
88 69 -1
69 88 -1
88 83 1
83 88 1
88 93 1
93 88 1
88 108 1
108 88 1
88 112 1
112 88 1
88 113 1
113 88 1
88 127 1
127 88 1
89 2 -1
2 89 -1
89 8 1
8 89 1
89 18 -1
18 89 -1
89 36 1
36 89 1
89 38 1
38 89 1
89 47 1
47 89 1
89 62 -1
62 89 -1
89 63 1
63 89 1
89 66 1
66 89 1
89 74 1
74 89 1
89 84 1
84 89 1
89 94 1
94 89 1
89 96 1
96 89 1
89 97 1
97 89 1
89 100 -1
100 89 -1
89 118 1
118 89 1
90 1 1
1 90 1
90 11 -1
11 90 -1
90 13 1
13 90 1
90 19 1
19 90 1
90 22 1
22 90 1
90 23 1
23 90 1
90 27 1
27 90 1
90 36 1
36 90 1
90 40 1
40 90 1
90 63 1
63 90 1
90 66 1
66 90 1
90 76 1
76 90 1
90 84 1
84 90 1
90 96 1
96 90 1
90 109 -1
109 90 -1
90 110 -1
110 90 -1
91 4 1
4 91 1
91 13 -1
13 91 -1
91 17 1
17 91 1
91 21 1
21 91 1
91 26 1
26 91 1
91 32 1
32 91 1
91 61 1
61 91 1
91 66 -1
66 91 -1
91 69 1
69 91 1
91 77 1
77 91 1
91 79 1
79 91 1
91 103 -1
103 91 -1
91 107 1
107 91 1
91 120 1
120 91 1
91 122 1
122 91 1
91 125 1
125 91 1
92 5 1
5 92 1
92 15 1
15 92 1
92 20 1
20 92 1
92 27 -1
27 92 -1
92 33 1
33 92 1
92 46 1
46 92 1
92 56 -1
56 92 -1
92 62 1
62 92 1
92 65 1
65 92 1
92 80 1
80 92 1
92 99 1
99 92 1
92 100 1
100 92 1
92 101 1
101 92 1
92 115 1
115 92 1
92 116 1
116 92 1
92 121 -1
121 92 -1
93 4 -1
4 93 -1
93 11 1
11 93 1
93 35 1
35 93 1
93 44 1
44 93 1
93 54 1
54 93 1
93 68 -1
68 93 -1
93 70 1
70 93 1
93 73 1
73 93 1
93 76 -1
76 93 -1
93 81 1
81 93 1
93 88 1
88 93 1
93 95 1
95 93 1
93 104 1
104 93 1
93 110 1
110 93 1
93 111 1
111 93 1
93 113 1
113 93 1
94 3 1
3 94 1
94 9 1
9 94 1
94 16 -1
16 94 -1
94 22 1
22 94 1
94 23 1
23 94 1
94 37 1
37 94 1
94 38 1
38 94 1
94 43 1
43 94 1
94 55 -1
55 94 -1
94 63 1
63 94 1
94 66 1
66 94 1
94 74 1
74 94 1
94 89 1
89 94 1
94 96 1
96 94 1
94 118 1
118 94 1
94 127 -1
127 94 -1
95 2 1
2 95 1
95 7 1
7 95 1
95 11 1
11 95 1
95 44 1
44 95 1
95 57 1
57 95 1
95 58 1
58 95 1
95 59 1
59 95 1
95 60 1
60 95 1
95 81 1
81 95 1
95 93 1
93 95 1
95 107 -1
107 95 -1
95 111 1
111 95 1
95 112 1
112 95 1
95 114 -1
114 95 -1
95 117 -1
117 95 -1
95 127 1
127 95 1
96 13 1
13 96 1
96 19 1
19 96 1
96 22 1
22 96 1
96 23 1
23 96 1
96 38 1
38 96 1
96 40 1
40 96 1
96 64 -1
64 96 -1
96 69 -1
69 96 -1
96 71 1
71 96 1
96 84 1
84 96 1
96 86 -1
86 96 -1
96 89 1
89 96 1
96 90 1
90 96 1
96 94 1
94 96 1
96 123 1
123 96 1
96 128 1
128 96 1
97 1 1
1 97 1
97 3 1
3 97 1
97 17 -1
17 97 -1
97 18 -1
18 97 -1
97 19 1
19 97 1
97 22 1
22 97 1
97 31 1
31 97 1
97 37 1
37 97 1
97 38 1
38 97 1
97 43 1
43 97 1
97 47 1
47 97 1
97 74 1
74 97 1
97 84 1
84 97 1
97 89 1
89 97 1
97 113 -1
113 97 -1
97 128 1
128 97 1
98 6 1
6 98 1
98 12 -1
12 98 -1
98 20 1
20 98 1
98 26 -1
26 98 -1
98 39 1
39 98 1
98 44 -1
44 98 -1
98 52 -1
52 98 -1
98 62 1
62 98 1
98 65 1
65 98 1
98 67 1
67 98 1
98 86 1
86 98 1
98 87 1
87 98 1
98 99 1
99 98 1
98 100 1
100 98 1
98 101 1
101 98 1
98 106 1
106 98 1
99 6 1
6 99 1
99 28 1
28 99 1
99 34 1
34 99 1
99 43 -1
43 99 -1
99 47 -1
47 99 -1
99 50 1
50 99 1
99 65 1
65 99 1
99 79 -1
79 99 -1
99 80 1
80 99 1
99 85 1
85 99 1
99 86 1
86 99 1
99 92 1
92 99 1
99 98 1
98 99 1
99 106 1
106 99 1
99 115 1
115 99 1
99 116 1
116 99 1
100 17 -1
17 100 -1
100 20 1
20 100 1
100 28 1
28 100 1
100 46 1
46 100 1
100 48 1
48 100 1
100 50 1
50 100 1
100 62 1
62 100 1
100 81 -1
81 100 -1
100 87 1
87 100 1
100 89 -1
89 100 -1
100 92 1
92 100 1
100 98 1
98 100 1
100 101 1
101 100 1
100 106 1
106 100 1
100 114 1
114 100 1
100 116 1
116 100 1
101 15 1
15 101 1
101 21 -1
21 101 -1
101 34 1
34 101 1
101 39 1
39 101 1
101 45 -1
45 101 -1
101 65 1
65 101 1
101 67 1
67 101 1
101 80 1
80 101 1
101 86 1
86 101 1
101 92 1
92 101 1
101 98 1
98 101 1
101 100 1
100 101 1
101 102 1
102 101 1
101 103 1
103 101 1
101 105 1
105 101 1
101 120 -1
120 101 -1
102 7 -1
7 102 -1
102 15 1
15 102 1
102 20 1
20 102 1
102 33 1
33 102 1
102 39 1
39 102 1
102 46 1
46 102 1
102 68 -1
68 102 -1
102 80 1
80 102 1
102 85 1
85 102 1
102 86 1
86 102 1
102 101 1
101 102 1
102 103 1
103 102 1
102 105 1
105 102 1
102 115 1
115 102 1
102 116 1
116 102 1
102 120 -1
120 102 -1
103 10 1
10 103 1
103 28 1
28 103 1
103 39 1
39 103 1
103 65 1
65 103 1
103 67 1
67 103 1
103 71 -1
71 103 -1
103 80 1
80 103 1
103 87 1
87 103 1
103 91 -1
91 103 -1
103 101 1
101 103 1
103 102 1
102 103 1
103 106 1
106 103 1
103 109 -1
109 103 -1
103 114 1
114 103 1
103 116 1
116 103 1
103 123 -1
123 103 -1
104 23 -1
23 104 -1
104 33 -1
33 104 -1
104 41 1
41 104 1
104 42 1
42 104 1
104 44 1
44 104 1
104 57 1
57 104 1
104 59 1
59 104 1
104 67 -1
67 104 -1
104 70 1
70 104 1
104 73 1
73 104 1
104 75 1
75 104 1
104 83 1
83 104 1
104 84 -1
84 104 -1
104 93 1
93 104 1
104 111 1
111 104 1
104 119 1
119 104 1
105 5 1
5 105 1
105 6 1
6 105 1
105 28 1
28 105 1
105 29 -1
29 105 -1
105 33 1
33 105 1
105 46 1
46 105 1
105 48 1
48 105 1
105 65 1
65 105 1
105 75 -1
75 105 -1
105 80 1
80 105 1
105 85 1
85 105 1
105 101 1
101 105 1
105 102 1
102 105 1
105 116 1
116 105 1
105 117 1
117 105 1
105 128 -1
128 105 -1
106 33 1
33 106 1
106 34 1
34 106 1
106 36 -1
36 106 -1
106 46 1
46 106 1
106 48 1
48 106 1
106 51 -1
51 106 -1
106 63 -1
63 106 -1
106 67 1
67 106 1
106 80 1
80 106 1
106 86 1
86 106 1
106 98 1
98 106 1
106 99 1
99 106 1
106 100 1
100 106 1
106 103 1
103 106 1
106 114 1
114 106 1
106 117 1
117 106 1
107 7 -1
7 107 -1
107 16 1
16 107 1
107 18 1
18 107 1
107 21 1
21 107 1
107 25 1
25 107 1
107 29 1
29 107 1
107 41 -1
41 107 -1
107 51 1
51 107 1
107 52 1
52 107 1
107 69 1
69 107 1
107 72 1
72 107 1
107 77 1
77 107 1
107 87 -1
87 107 -1
107 91 1
91 107 1
107 95 -1
95 107 -1
107 109 1
109 107 1
108 2 1
2 108 1
108 38 -1
38 108 -1
108 39 -1
39 108 -1
108 41 1
41 108 1
108 42 1
42 108 1
108 44 1
44 108 1
108 56 1
56 108 1
108 57 1
57 108 1
108 58 1
58 108 1
108 73 1
73 108 1
108 75 1
75 108 1
108 85 -1
85 108 -1
108 88 1
88 108 1
108 110 1
110 108 1
108 119 1
119 108 1
108 127 1
127 108 1
109 12 1
12 109 1
109 16 1
16 109 1
109 17 1
17 109 1
109 18 1
18 109 1
109 21 1
21 109 1
109 26 1
26 109 1
109 51 1
51 109 1
109 65 -1
65 109 -1
109 68 1
68 109 1
109 77 1
77 109 1
109 79 1
79 109 1
109 82 1
82 109 1
109 90 -1
90 109 -1
109 103 -1
103 109 -1
109 107 1
107 109 1
109 122 1
122 109 1
110 2 1
2 110 1
110 7 1
7 110 1
110 11 1
11 110 1
110 27 -1
27 110 -1
110 35 1
35 110 1
110 44 1
44 110 1
110 55 1
55 110 1
110 56 1
56 110 1
110 70 1
70 110 1
110 75 1
75 110 1
110 81 1
81 110 1
110 90 -1
90 110 -1
110 93 1
93 110 1
110 108 1
108 110 1
110 124 -1
124 110 -1
110 127 1
127 110 1
111 2 1
2 111 1
111 7 1
7 111 1
111 14 1
14 111 1
111 25 -1
25 111 -1
111 36 -1
36 111 -1
111 50 -1
50 111 -1
111 55 1
55 111 1
111 57 1
57 111 1
111 59 1
59 111 1
111 70 1
70 111 1
111 93 1
93 111 1
111 95 1
95 111 1
111 104 1
104 111 1
111 119 1
119 111 1
111 127 1
127 111 1
111 128 -1
128 111 -1
112 31 -1
31 112 -1
112 35 1
35 112 1
112 41 1
41 112 1
112 55 1
55 112 1
112 57 1
57 112 1
112 59 1
59 112 1
112 62 -1
62 112 -1
112 73 1
73 112 1
112 75 1
75 112 1
112 79 -1
79 112 -1
112 83 1
83 112 1
112 88 1
88 112 1
112 95 1
95 112 1
112 113 1
113 112 1
112 114 -1
114 112 -1
112 127 1
127 112 1
113 11 1
11 113 1
113 45 1
45 113 1
113 49 -1
49 113 -1
113 53 -1
53 113 -1
113 55 1
55 113 1
113 57 1
57 113 1
113 60 1
60 113 1
113 70 1
70 113 1
113 73 1
73 113 1
113 75 1
75 113 1
113 81 1
81 113 1
113 83 1
83 113 1
113 88 1
88 113 1
113 93 1
93 113 1
113 97 -1
97 113 -1
113 112 1
112 113 1
114 5 1
5 114 1
114 6 1
6 114 1
114 20 1
20 114 1
114 34 1
34 114 1
114 59 -1
59 114 -1
114 62 1
62 114 1
114 65 1
65 114 1
114 80 1
80 114 1
114 85 1
85 114 1
114 87 1
87 114 1
114 95 -1
95 114 -1
114 100 1
100 114 1
114 103 1
103 114 1
114 106 1
106 114 1
114 112 -1
112 114 -1
114 115 1
115 114 1
115 5 1
5 115 1
115 7 -1
7 115 -1
115 10 1
10 115 1
115 20 1
20 115 1
115 29 -1
29 115 -1
115 48 1
48 115 1
115 50 1
50 115 1
115 62 1
62 115 1
115 87 1
87 115 1
115 92 1
92 115 1
115 99 1
99 115 1
115 102 1
102 115 1
115 114 1
114 115 1
115 116 1
116 115 1
115 117 1
117 115 1
115 122 -1
122 115 -1
116 33 1
33 116 1
116 39 1
39 116 1
116 48 1
48 116 1
116 50 1
50 116 1
116 55 -1
55 116 -1
116 56 -1
56 116 -1
116 62 1
62 116 1
116 86 1
86 116 1
116 92 1
92 116 1
116 99 1
99 116 1
116 100 1
100 116 1
116 102 1
102 116 1
116 103 1
103 116 1
116 105 1
105 116 1
116 115 1
115 116 1
116 127 -1
127 116 -1
117 6 1
6 117 1
117 10 1
10 117 1
117 15 1
15 117 1
117 20 1
20 117 1
117 28 1
28 117 1
117 34 1
34 117 1
117 38 -1
38 117 -1
117 39 1
39 117 1
117 60 -1
60 117 -1
117 65 1
65 117 1
117 67 1
67 117 1
117 85 1
85 117 1
117 95 -1
95 117 -1
117 105 1
105 117 1
117 106 1
106 117 1
117 115 1
115 117 1
118 1 1
1 118 1
118 26 -1
26 118 -1
118 27 1
27 118 1
118 35 -1
35 118 -1
118 37 1
37 118 1
118 38 1
38 118 1
118 40 1
40 118 1
118 52 -1
52 118 -1
118 71 1
71 118 1
118 76 1
76 118 1
118 84 1
84 118 1
118 85 -1
85 118 -1
118 89 1
89 118 1
118 94 1
94 118 1
118 121 1
121 118 1
118 123 1
123 118 1
119 7 1
7 119 1
119 13 -1
13 119 -1
119 41 1
41 119 1
119 48 -1
48 119 -1
119 54 1
54 119 1
119 55 1
55 119 1
119 56 1
56 119 1
119 58 1
58 119 1
119 59 1
59 119 1
119 66 -1
66 119 -1
119 75 1
75 119 1
119 83 1
83 119 1
119 104 1
104 119 1
119 108 1
108 119 1
119 111 1
111 119 1
119 127 1
127 119 1
120 4 1
4 120 1
120 21 1
21 120 1
120 24 1
24 120 1
120 25 1
25 120 1
120 26 1
26 120 1
120 30 1
30 120 1
120 53 1
53 120 1
120 58 -1
58 120 -1
120 61 1
61 120 1
120 64 1
64 120 1
120 78 1
78 120 1
120 79 1
79 120 1
120 91 1
91 120 1
120 101 -1
101 120 -1
120 102 -1
102 120 -1
120 124 1
124 120 1
121 9 1
9 121 1
121 13 1
13 121 1
121 14 -1
14 121 -1
121 19 1
19 121 1
121 27 1
27 121 1
121 30 -1
30 121 -1
121 40 1
40 121 1
121 43 1
43 121 1
121 47 1
47 121 1
121 63 1
63 121 1
121 66 1
66 121 1
121 74 1
74 121 1
121 76 1
76 121 1
121 84 1
84 121 1
121 92 -1
92 121 -1
121 118 1
118 121 1
122 4 1
4 122 1
122 12 1
12 122 1
122 15 -1
15 122 -1
122 29 1
29 122 1
122 30 1
30 122 1
122 49 1
49 122 1
122 61 1
61 122 1
122 65 -1
65 122 -1
122 69 1
69 122 1
122 72 1
72 122 1
122 77 1
77 122 1
122 79 1
79 122 1
122 91 1
91 122 1
122 109 1
109 122 1
122 115 -1
115 122 -1
122 124 1
124 122 1
123 9 1
9 123 1
123 16 -1
16 123 -1
123 19 1
19 123 1
123 27 1
27 123 1
123 31 1
31 123 1
123 36 1
36 123 1
123 37 1
37 123 1
123 38 1
38 123 1
123 43 1
43 123 1
123 47 1
47 123 1
123 66 1
66 123 1
123 84 1
84 123 1
123 96 1
96 123 1
123 103 -1
103 123 -1
123 118 1
118 123 1
123 127 -1
127 123 -1
124 4 1
4 124 1
124 16 1
16 124 1
124 19 -1
19 124 -1
124 29 1
29 124 1
124 32 1
32 124 1
124 40 -1
40 124 -1
124 51 1
51 124 1
124 52 1
52 124 1
124 61 1
61 124 1
124 69 1
69 124 1
124 70 -1
70 124 -1
124 79 1
79 124 1
124 82 1
82 124 1
124 110 -1
110 124 -1
124 120 1
120 124 1
124 122 1
122 124 1
125 8 -1
8 125 -1
125 18 1
18 125 1
125 19 -1
19 125 -1
125 24 1
24 125 1
125 25 1
25 125 1
125 32 1
32 125 1
125 37 -1
37 125 -1
125 51 1
51 125 1
125 52 1
52 125 1
125 53 1
53 125 1
125 61 1
61 125 1
125 69 1
69 125 1
125 72 1
72 125 1
125 78 1
78 125 1
125 82 1
82 125 1
125 91 1
91 125 1
126 3 1
3 126 1
126 8 1
8 126 1
126 13 1
13 126 1
126 22 1
22 126 1
126 23 1
23 126 1
126 31 1
31 126 1
126 37 1
37 126 1
126 38 1
38 126 1
126 43 1
43 126 1
126 44 -1
44 126 -1
126 47 1
47 126 1
126 59 -1
59 126 -1
126 68 -1
68 126 -1
126 71 1
71 126 1
126 72 -1
72 126 -1
126 74 1
74 126 1
127 7 1
7 127 1
127 35 1
35 127 1
127 45 1
45 127 1
127 56 1
56 127 1
127 58 1
58 127 1
127 70 1
70 127 1
127 88 1
88 127 1
127 94 -1
94 127 -1
127 95 1
95 127 1
127 108 1
108 127 1
127 110 1
110 127 1
127 111 1
111 127 1
127 112 1
112 127 1
127 116 -1
116 127 -1
127 119 1
119 127 1
127 123 -1
123 127 -1
128 3 1
3 128 1
128 13 1
13 128 1
128 22 1
22 128 1
128 23 1
23 128 1
128 31 1
31 128 1
128 36 1
36 128 1
128 37 1
37 128 1
128 57 -1
57 128 -1
128 63 1
63 128 1
128 66 1
66 128 1
128 71 1
71 128 1
128 74 1
74 128 1
128 96 1
96 128 1
128 97 1
97 128 1
128 105 -1
105 128 -1
128 111 -1
111 128 -1
