1 3 1
3 1 1
1 28 -1
28 1 -1
1 30 1
30 1 1
1 32 1
32 1 1
1 81 -1
81 1 -1
1 88 1
88 1 1
1 95 -1
95 1 -1
1 98 -1
98 1 -1
1 102 1
102 1 1
1 122 1
122 1 1
1 140 1
140 1 1
1 170 1
170 1 1
1 190 1
190 1 1
1 203 -1
203 1 -1
1 216 1
216 1 1
1 222 -1
222 1 -1
1 233 1
233 1 1
1 249 1
249 1 1
1 255 1
255 1 1
1 256 1
256 1 1
1 264 1
264 1 1
1 283 1
283 1 1
1 285 1
285 1 1
1 298 1
298 1 1
1 299 1
299 1 1
1 313 1
313 1 1
1 330 1
330 1 1
1 337 1
337 1 1
1 338 1
338 1 1
1 347 1
347 1 1
1 361 1
361 1 1
1 370 1
370 1 1
1 375 -1
375 1 -1
1 381 1
381 1 1
1 387 -1
387 1 -1
1 398 1
398 1 1
1 425 -1
425 1 -1
1 437 1
437 1 1
1 441 1
441 1 1
1 448 1
448 1 1
1 451 -1
451 1 -1
1 463 1
463 1 1
1 490 1
490 1 1
1 492 1
492 1 1
2 18 -1
18 2 -1
2 62 -1
62 2 -1
2 66 1
66 2 1
2 112 1
112 2 1
2 113 -1
113 2 -1
2 117 -1
117 2 -1
2 201 -1
201 2 -1
2 206 -1
206 2 -1
2 214 1
214 2 1
2 234 1
234 2 1
2 250 1
250 2 1
2 277 1
277 2 1
2 281 1
281 2 1
2 286 1
286 2 1
2 290 1
290 2 1
2 334 1
334 2 1
2 345 1
345 2 1
2 350 1
350 2 1
2 351 1
351 2 1
2 383 1
383 2 1
2 384 -1
384 2 -1
2 418 1
418 2 1
2 440 1
440 2 1
2 443 1
443 2 1
2 445 1
445 2 1
2 465 1
465 2 1
2 469 1
469 2 1
2 472 1
472 2 1
2 483 1
483 2 1
2 500 -1
500 2 -1
3 28 1
28 3 1
3 30 1
30 3 1
3 32 1
32 3 1
3 71 1
71 3 1
3 88 1
88 3 1
3 95 -1
95 3 -1
3 99 1
99 3 1
3 102 1
102 3 1
3 122 1
122 3 1
3 140 1
140 3 1
3 214 -1
214 3 -1
3 216 1
216 3 1
3 233 1
233 3 1
3 249 1
249 3 1
3 256 1
256 3 1
3 278 1
278 3 1
3 283 1
283 3 1
3 313 1
313 3 1
3 330 1
330 3 1
3 337 1
337 3 1
3 347 1
347 3 1
3 361 1
361 3 1
3 370 1
370 3 1
3 381 1
381 3 1
3 398 1
398 3 1
3 425 1
425 3 1
3 441 -1
441 3 -1
3 448 1
448 3 1
3 451 1
451 3 1
3 463 1
463 3 1
3 492 1
492 3 1
4 35 1
35 4 1
4 39 1
39 4 1
4 55 -1
55 4 -1
4 65 1
65 4 1
4 76 -1
76 4 -1
4 93 1
93 4 1
4 123 1
123 4 1
4 125 -1
125 4 -1
4 132 1
132 4 1
4 158 1
158 4 1
4 172 1
172 4 1
4 175 -1
175 4 -1
4 183 1
183 4 1
4 199 1
199 4 1
4 214 -1
214 4 -1
4 217 1
217 4 1
4 238 1
238 4 1
4 241 1
241 4 1
4 335 1
335 4 1
4 346 1
346 4 1
4 349 1
349 4 1
4 402 -1
402 4 -1
4 403 1
403 4 1
4 406 1
406 4 1
4 413 -1
413 4 -1
4 449 1
449 4 1
4 478 1
478 4 1
4 494 1
494 4 1
4 495 1
495 4 1
5 8 1
8 5 1
5 14 -1
14 5 -1
5 15 1
15 5 1
5 19 -1
19 5 -1
5 50 1
50 5 1
5 51 1
51 5 1
5 87 1
87 5 1
5 106 1
106 5 1
5 143 -1
143 5 -1
5 192 1
192 5 1
5 225 1
225 5 1
5 240 -1
240 5 -1
5 260 1
260 5 1
5 303 1
303 5 1
5 333 1
333 5 1
5 353 1
353 5 1
5 354 -1
354 5 -1
5 356 1
356 5 1
5 363 1
363 5 1
5 364 1
364 5 1
5 436 -1
436 5 -1
5 487 1
487 5 1
6 29 1
29 6 1
6 60 1
60 6 1
6 69 1
69 6 1
6 82 1
82 6 1
6 149 1
149 6 1
6 166 1
166 6 1
6 169 1
169 6 1
6 262 1
262 6 1
6 271 1
271 6 1
6 290 -1
290 6 -1
6 323 1
323 6 1
6 378 1
378 6 1
6 379 1
379 6 1
6 388 1
388 6 1
6 391 1
391 6 1
6 393 -1
393 6 -1
6 405 -1
405 6 -1
6 427 1
427 6 1
6 468 1
468 6 1
7 31 1
31 7 1
7 61 1
61 7 1
7 74 1
74 7 1
7 79 1
79 7 1
7 119 1
119 7 1
7 138 -1
138 7 -1
7 163 1
163 7 1
7 203 1
203 7 1
7 268 -1
268 7 -1
7 331 -1
331 7 -1
8 14 -1
14 8 -1
8 15 1
15 8 1
8 24 1
24 8 1
8 68 -1
68 8 -1
8 106 1
106 8 1
8 143 1
143 8 1
8 192 1
192 8 1
8 225 1
225 8 1
8 260 1
260 8 1
8 277 -1
277 8 -1
8 318 1
318 8 1
8 332 1
332 8 1
8 333 1
333 8 1
8 356 1
356 8 1
8 394 1
394 8 1
8 487 -1
487 8 -1
9 23 1
23 9 1
9 25 1
25 9 1
9 61 1
61 9 1
9 62 -1
62 9 -1
9 74 -1
74 9 -1
9 79 -1
79 9 -1
9 94 1
94 9 1
9 103 1
103 9 1
9 119 1
119 9 1
9 121 1
121 9 1
9 138 1
138 9 1
9 146 1
146 9 1
9 157 1
157 9 1
9 163 1
163 9 1
9 170 -1
170 9 -1
9 194 1
194 9 1
9 201 1
201 9 1
9 203 1
203 9 1
9 228 1
228 9 1
9 243 1
243 9 1
9 254 1
254 9 1
9 257 1
257 9 1
9 258 1
258 9 1
9 272 -1
272 9 -1
9 275 -1
275 9 -1
9 279 1
279 9 1
9 282 1
282 9 1
9 292 1
292 9 1
9 300 1
300 9 1
9 305 1
305 9 1
9 316 1
316 9 1
9 331 1
331 9 1
9 336 -1
336 9 -1
9 348 -1
348 9 -1
9 392 1
392 9 1
9 401 1
401 9 1
9 404 -1
404 9 -1
9 426 1
426 9 1
9 434 1
434 9 1
9 473 1
473 9 1
9 486 1
486 9 1
10 36 1
36 10 1
10 49 1
49 10 1
10 58 -1
58 10 -1
10 67 1
67 10 1
10 79 -1
79 10 -1
10 105 1
105 10 1
10 108 1
108 10 1
10 116 1
116 10 1
10 142 1
142 10 1
10 151 1
151 10 1
10 178 1
178 10 1
10 195 1
195 10 1
10 200 1
200 10 1
10 208 1
208 10 1
10 211 1
211 10 1
10 215 1
215 10 1
10 221 1
221 10 1
10 236 1
236 10 1
10 263 1
263 10 1
10 267 1
267 10 1
10 287 1
287 10 1
10 289 1
289 10 1
10 299 -1
299 10 -1
10 309 -1
309 10 -1
10 315 1
315 10 1
10 319 1
319 10 1
10 355 1
355 10 1
10 357 1
357 10 1
10 364 1
364 10 1
10 376 1
376 10 1
10 385 1
385 10 1
10 386 1
386 10 1
10 399 -1
399 10 -1
10 408 1
408 10 1
10 420 1
420 10 1
10 459 -1
459 10 -1
10 462 1
462 10 1
11 17 1
17 11 1
11 22 1
22 11 1
11 46 1
46 11 1
11 110 1
110 11 1
11 129 1
129 11 1
11 136 1
136 11 1
11 161 1
161 11 1
11 202 1
202 11 1
11 212 1
212 11 1
11 213 1
213 11 1
11 269 -1
269 11 -1
11 284 1
284 11 1
11 291 -1
291 11 -1
11 328 1
328 11 1
11 344 1
344 11 1
11 366 1
366 11 1
11 439 1
439 11 1
11 453 -1
453 11 -1
11 479 1
479 11 1
12 29 1
29 12 1
12 60 -1
60 12 -1
12 69 1
69 12 1
12 82 1
82 12 1
12 196 1
196 12 1
12 271 -1
271 12 -1
12 388 1
388 12 1
12 391 -1
391 12 -1
12 393 1
393 12 1
12 427 1
427 12 1
12 468 1
468 12 1
13 27 1
27 13 1
13 41 1
41 13 1
13 77 1
77 13 1
13 78 1
78 13 1
13 79 -1
79 13 -1
13 81 1
81 13 1
13 115 1
115 13 1
13 181 1
181 13 1
13 245 1
245 13 1
13 484 1
484 13 1
13 497 1
497 13 1
14 15 1
15 14 1
14 19 1
19 14 1
14 24 1
24 14 1
14 37 1
37 14 1
14 48 1
48 14 1
14 50 1
50 14 1
14 51 1
51 14 1
14 68 -1
68 14 -1
14 80 1
80 14 1
14 87 1
87 14 1
14 106 1
106 14 1
14 114 1
114 14 1
14 137 -1
137 14 -1
14 143 1
143 14 1
14 148 1
148 14 1
14 192 1
192 14 1
14 225 1
225 14 1
14 240 -1
240 14 -1
14 259 1
259 14 1
14 260 1
260 14 1
14 265 -1
265 14 -1
14 280 1
280 14 1
14 303 1
303 14 1
14 318 1
318 14 1
14 320 1
320 14 1
14 325 1
325 14 1
14 332 1
332 14 1
14 350 -1
350 14 -1
14 353 1
353 14 1
14 354 1
354 14 1
14 356 1
356 14 1
14 359 1
359 14 1
14 363 1
363 14 1
14 377 1
377 14 1
14 394 1
394 14 1
14 419 1
419 14 1
14 454 1
454 14 1
14 457 -1
457 14 -1
14 487 1
487 14 1
15 37 1
37 15 1
15 48 1
48 15 1
15 50 1
50 15 1
15 114 1
114 15 1
15 137 1
137 15 1
15 139 1
139 15 1
15 147 -1
147 15 -1
15 148 1
148 15 1
15 240 1
240 15 1
15 259 1
259 15 1
15 260 1
260 15 1
15 280 1
280 15 1
15 318 1
318 15 1
15 320 -1
320 15 -1
15 333 1
333 15 1
15 353 1
353 15 1
15 354 -1
354 15 -1
15 356 1
356 15 1
15 363 1
363 15 1
15 436 1
436 15 1
15 454 1
454 15 1
16 152 1
152 16 1
16 165 -1
165 16 -1
16 232 1
232 16 1
16 247 1
247 16 1
16 266 1
266 16 1
16 444 1
444 16 1
16 457 -1
457 16 -1
16 460 1
460 16 1
16 470 1
470 16 1
16 474 1
474 16 1
16 488 1
488 16 1
17 22 1
22 17 1
17 46 1
46 17 1
17 110 1
110 17 1
17 129 1
129 17 1
17 136 1
136 17 1
17 161 1
161 17 1
17 165 1
165 17 1
17 202 -1
202 17 -1
17 205 1
205 17 1
17 212 1
212 17 1
17 213 1
213 17 1
17 226 1
226 17 1
17 269 1
269 17 1
17 284 1
284 17 1
17 293 1
293 17 1
17 297 1
297 17 1
17 304 1
304 17 1
17 306 1
306 17 1
17 308 -1
308 17 -1
17 312 1
312 17 1
17 318 -1
318 17 -1
17 328 1
328 17 1
17 344 1
344 17 1
17 439 -1
439 17 -1
17 453 -1
453 17 -1
17 479 1
479 17 1
17 499 1
499 17 1
18 66 1
66 18 1
18 117 -1
117 18 -1
18 206 1
206 18 1
18 214 1
214 18 1
18 250 1
250 18 1
18 281 1
281 18 1
18 345 1
345 18 1
18 350 1
350 18 1
18 351 -1
351 18 -1
18 384 1
384 18 1
18 418 1
418 18 1
18 440 1
440 18 1
18 445 1
445 18 1
18 483 1
483 18 1
18 500 1
500 18 1
19 50 1
50 19 1
19 86 -1
86 19 -1
19 106 -1
106 19 -1
19 137 1
137 19 1
19 148 -1
148 19 -1
19 225 1
225 19 1
19 240 1
240 19 1
19 260 1
260 19 1
19 318 -1
318 19 -1
19 325 1
325 19 1
19 332 1
332 19 1
19 333 1
333 19 1
19 356 1
356 19 1
19 363 1
363 19 1
19 450 1
450 19 1
19 487 1
487 19 1
20 53 -1
53 20 -1
20 63 1
63 20 1
20 131 1
131 20 1
20 187 1
187 20 1
20 188 -1
188 20 -1
20 193 1
193 20 1
20 224 -1
224 20 -1
20 230 1
230 20 1
20 270 1
270 20 1
20 365 1
365 20 1
20 367 1
367 20 1
20 382 1
382 20 1
20 433 1
433 20 1
20 481 1
481 20 1
20 498 1
498 20 1
21 44 1
44 21 1
21 73 1
73 21 1
21 111 -1
111 21 -1
21 134 -1
134 21 -1
21 135 1
135 21 1
21 144 1
144 21 1
21 156 -1
156 21 -1
21 162 1
162 21 1
21 177 1
177 21 1
21 185 1
185 21 1
21 254 -1
254 21 -1
21 396 1
396 21 1
22 46 1
46 22 1
22 129 1
129 22 1
22 136 1
136 22 1
22 165 1
165 22 1
22 202 1
202 22 1
22 205 -1
205 22 -1
22 212 1
212 22 1
22 269 1
269 22 1
22 284 1
284 22 1
22 297 1
297 22 1
22 306 1
306 22 1
22 308 1
308 22 1
22 312 1
312 22 1
22 315 -1
315 22 -1
22 344 -1
344 22 -1
22 453 1
453 22 1
22 479 1
479 22 1
23 61 1
61 23 1
23 62 -1
62 23 -1
23 74 1
74 23 1
23 79 -1
79 23 -1
23 94 -1
94 23 -1
23 119 1
119 23 1
23 138 1
138 23 1
23 157 1
157 23 1
23 201 1
201 23 1
23 203 1
203 23 1
23 254 1
254 23 1
23 305 1
305 23 1
23 331 1
331 23 1
23 374 1
374 23 1
24 86 1
86 24 1
24 139 1
139 24 1
24 260 1
260 24 1
24 318 1
318 24 1
24 333 1
333 24 1
24 356 1
356 24 1
24 419 1
419 24 1
24 436 1
436 24 1
24 487 1
487 24 1
25 62 1
62 25 1
25 79 1
79 25 1
25 119 1
119 25 1
25 138 1
138 25 1
25 201 1
201 25 1
25 203 1
203 25 1
25 230 -1
230 25 -1
25 279 -1
279 25 -1
25 282 1
282 25 1
25 316 1
316 25 1
25 401 1
401 25 1
26 27 1
27 26 1
26 78 1
78 26 1
26 90 1
90 26 1
26 97 1
97 26 1
26 181 1
181 26 1
26 288 1
288 26 1
26 357 -1
357 26 -1
26 466 1
466 26 1
26 484 1
484 26 1
26 497 1
497 26 1
27 41 1
41 27 1
27 56 1
56 27 1
27 59 1
59 27 1
27 77 1
77 27 1
27 78 1
78 27 1
27 81 -1
81 27 -1
27 90 1
90 27 1
27 91 1
91 27 1
27 104 1
104 27 1
27 106 -1
106 27 -1
27 115 1
115 27 1
27 118 1
118 27 1
27 180 -1
180 27 -1
27 181 1
181 27 1
27 182 1
182 27 1
27 204 1
204 27 1
27 207 1
207 27 1
27 218 1
218 27 1
27 223 -1
223 27 -1
27 245 1
245 27 1
27 288 1
288 27 1
27 311 1
311 27 1
27 447 1
447 27 1
27 464 1
464 27 1
27 466 1
466 27 1
27 484 1
484 27 1
27 497 1
497 27 1
28 30 1
30 28 1
28 32 1
32 28 1
28 71 1
71 28 1
28 72 -1
72 28 -1
28 88 1
88 28 1
28 95 1
95 28 1
28 98 -1
98 28 -1
28 99 1
99 28 1
28 102 1
102 28 1
28 122 -1
122 28 -1
28 140 1
140 28 1
28 170 1
170 28 1
28 190 1
190 28 1
28 216 1
216 28 1
28 227 1
227 28 1
28 233 -1
233 28 -1
28 245 -1
245 28 -1
28 249 1
249 28 1
28 255 1
255 28 1
28 256 1
256 28 1
28 258 -1
258 28 -1
28 264 1
264 28 1
28 278 1
278 28 1
28 283 1
283 28 1
28 285 1
285 28 1
28 298 1
298 28 1
28 299 1
299 28 1
28 313 -1
313 28 -1
28 330 1
330 28 1
28 337 1
337 28 1
28 338 1
338 28 1
28 347 1
347 28 1
28 361 1
361 28 1
28 370 -1
370 28 -1
28 375 1
375 28 1
28 381 1
381 28 1
28 387 1
387 28 1
28 398 1
398 28 1
28 425 1
425 28 1
28 437 -1
437 28 -1
28 441 -1
441 28 -1
28 448 1
448 28 1
28 451 1
451 28 1
28 463 1
463 28 1
28 490 -1
490 28 -1
28 492 1
492 28 1
29 60 1
60 29 1
29 69 1
69 29 1
29 82 1
82 29 1
29 166 1
166 29 1
29 186 -1
186 29 -1
29 196 1
196 29 1
29 261 -1
261 29 -1
29 262 1
262 29 1
29 271 -1
271 29 -1
29 295 1
295 29 1
29 371 1
371 29 1
29 379 -1
379 29 -1
29 388 1
388 29 1
29 391 1
391 29 1
29 393 1
393 29 1
29 405 -1
405 29 -1
29 427 1
427 29 1
29 468 1
468 29 1
30 140 1
140 30 1
30 192 -1
192 30 -1
30 216 1
216 30 1
30 256 1
256 30 1
30 330 -1
330 30 -1
30 337 1
337 30 1
30 370 1
370 30 1
30 398 1
398 30 1
30 448 1
448 30 1
30 492 1
492 30 1
31 38 1
38 31 1
31 57 1
57 31 1
31 96 1
96 31 1
31 103 1
103 31 1
31 120 1
120 31 1
31 124 1
124 31 1
31 128 1
128 31 1
31 141 1
141 31 1
31 145 1
145 31 1
31 153 1
153 31 1
31 154 1
154 31 1
31 174 1
174 31 1
31 251 -1
251 31 -1
31 258 1
258 31 1
31 261 1
261 31 1
31 301 1
301 31 1
31 343 1
343 31 1
31 352 1
352 31 1
31 360 1
360 31 1
31 372 1
372 31 1
31 400 1
400 31 1
31 407 1
407 31 1
31 417 1
417 31 1
31 423 1
423 31 1
31 435 1
435 31 1
31 455 1
455 31 1
31 461 -1
461 31 -1
31 475 1
475 31 1
31 476 1
476 31 1
31 480 1
480 31 1
31 491 1
491 31 1
32 66 -1
66 32 -1
32 71 -1
71 32 -1
32 88 1
88 32 1
32 98 1
98 32 1
32 99 1
99 32 1
32 102 -1
102 32 -1
32 140 1
140 32 1
32 170 -1
170 32 -1
32 190 -1
190 32 -1
32 216 1
216 32 1
32 233 1
233 32 1
32 249 1
249 32 1
32 255 1
255 32 1
32 264 1
264 32 1
32 278 -1
278 32 -1
32 283 -1
283 32 -1
32 285 1
285 32 1
32 298 1
298 32 1
32 299 1
299 32 1
32 330 -1
330 32 -1
32 337 1
337 32 1
32 338 1
338 32 1
32 347 1
347 32 1
32 361 1
361 32 1
32 381 1
381 32 1
32 387 1
387 32 1
32 398 1
398 32 1
32 425 1
425 32 1
32 437 1
437 32 1
32 448 1
448 32 1
32 463 1
463 32 1
32 490 1
490 32 1
33 47 1
47 33 1
33 57 1
57 33 1
33 242 1
242 33 1
33 343 1
343 33 1
33 400 1
400 33 1
33 407 1
407 33 1
33 455 1
455 33 1
33 461 1
461 33 1
33 475 1
475 33 1
33 489 1
489 33 1
34 44 1
44 34 1
34 83 1
83 34 1
34 89 1
89 34 1
34 135 1
135 34 1
34 156 1
156 34 1
34 162 1
162 34 1
34 173 1
173 34 1
34 177 1
177 34 1
34 185 1
185 34 1
34 329 1
329 34 1
34 450 1
450 34 1
35 55 1
55 35 1
35 70 1
70 35 1
35 76 -1
76 35 -1
35 93 1
93 35 1
35 158 1
158 35 1
35 172 1
172 35 1
35 175 1
175 35 1
35 183 1
183 35 1
35 197 1
197 35 1
35 199 1
199 35 1
35 217 1
217 35 1
35 238 1
238 35 1
35 241 1
241 35 1
35 291 1
291 35 1
35 296 1
296 35 1
35 334 -1
334 35 -1
35 335 1
335 35 1
35 346 1
346 35 1
35 406 1
406 35 1
35 413 1
413 35 1
35 415 -1
415 35 -1
35 493 -1
493 35 -1
35 495 1
495 35 1
36 72 1
72 36 1
36 116 -1
116 36 -1
36 151 1
151 36 1
36 200 1
200 36 1
36 287 1
287 36 1
36 289 1
289 36 1
36 315 1
315 36 1
36 357 1
357 36 1
36 385 1
385 36 1
36 409 -1
409 36 -1
36 458 1
458 36 1
36 482 1
482 36 1
37 68 1
68 37 1
37 122 -1
122 37 -1
37 143 1
143 37 1
37 318 1
318 37 1
37 320 1
320 37 1
37 356 1
356 37 1
37 377 1
377 37 1
37 436 1
436 37 1
37 454 1
454 37 1
37 487 1
487 37 1
38 120 1
120 38 1
38 145 1
145 38 1
38 153 1
153 38 1
38 154 1
154 38 1
38 174 1
174 38 1
38 204 -1
204 38 -1
38 251 1
251 38 1
38 301 1
301 38 1
38 343 1
343 38 1
38 352 1
352 38 1
38 400 1
400 38 1
38 407 -1
407 38 -1
38 435 -1
435 38 -1
38 455 1
455 38 1
38 461 1
461 38 1
38 471 1
471 38 1
38 480 1
480 38 1
38 489 1
489 38 1
38 491 1
491 38 1
39 55 -1
55 39 -1
39 93 1
93 39 1
39 123 -1
123 39 -1
39 125 1
125 39 1
39 158 1
158 39 1
39 172 1
172 39 1
39 175 -1
175 39 -1
39 183 1
183 39 1
39 197 -1
197 39 -1
39 199 1
199 39 1
39 212 -1
212 39 -1
39 346 1
346 39 1
39 349 1
349 39 1
39 406 1
406 39 1
39 413 1
413 39 1
39 456 1
456 39 1
40 49 1
49 40 1
40 151 1
151 40 1
40 263 1
263 40 1
40 315 1
315 40 1
40 319 1
319 40 1
40 357 1
357 40 1
40 364 -1
364 40 -1
40 385 1
385 40 1
40 409 1
409 40 1
40 459 -1
459 40 -1
41 56 1
56 41 1
41 59 1
59 41 1
41 77 1
77 41 1
41 78 1
78 41 1
41 81 1
81 41 1
41 86 -1
86 41 -1
41 90 1
90 41 1
41 91 1
91 41 1
41 97 1
97 41 1
41 104 1
104 41 1
41 115 1
115 41 1
41 118 1
118 41 1
41 180 -1
180 41 -1
41 181 1
181 41 1
41 182 1
182 41 1
41 204 1
204 41 1
41 207 1
207 41 1
41 218 1
218 41 1
41 222 1
222 41 1
41 223 1
223 41 1
41 245 1
245 41 1
41 288 1
288 41 1
41 311 1
311 41 1
41 447 1
447 41 1
41 464 -1
464 41 -1
41 484 1
484 41 1
41 497 1
497 41 1
42 150 1
150 42 1
42 184 1
184 42 1
42 229 1
229 42 1
42 246 1
246 42 1
42 310 1
310 42 1
42 317 1
317 42 1
42 390 -1
390 42 -1
42 414 1
414 42 1
42 438 1
438 42 1
42 443 -1
443 42 -1
42 452 -1
452 42 -1
43 61 1
61 43 1
43 62 1
62 43 1
43 74 1
74 43 1
43 79 1
79 43 1
43 94 1
94 43 1
43 119 -1
119 43 -1
43 138 1
138 43 1
43 164 -1
164 43 -1
43 179 -1
179 43 -1
43 201 1
201 43 1
43 203 1
203 43 1
43 228 1
228 43 1
43 254 1
254 43 1
43 257 -1
257 43 -1
43 282 -1
282 43 -1
43 331 1
331 43 1
43 348 1
348 43 1
43 401 1
401 43 1
43 404 1
404 43 1
44 73 1
73 44 1
44 101 -1
101 44 -1
44 111 1
111 44 1
44 135 1
135 44 1
44 144 1
144 44 1
44 156 1
156 44 1
44 162 1
162 44 1
44 177 -1
177 44 -1
44 185 1
185 44 1
44 396 1
396 44 1
44 424 1
424 44 1
44 450 1
450 44 1
45 152 1
152 45 1
45 160 1
160 45 1
45 266 1
266 45 1
45 327 1
327 45 1
45 422 1
422 45 1
45 432 1
432 45 1
45 444 1
444 45 1
45 457 1
457 45 1
45 470 1
470 45 1
45 474 -1
474 45 -1
45 488 1
488 45 1
46 110 1
110 46 1
46 129 1
129 46 1
46 136 1
136 46 1
46 161 -1
161 46 -1
46 165 1
165 46 1
46 189 1
189 46 1
46 202 1
202 46 1
46 205 1
205 46 1
46 212 1
212 46 1
46 213 -1
213 46 -1
46 260 -1
260 46 -1
46 284 -1
284 46 -1
46 293 1
293 46 1
46 297 1
297 46 1
46 304 1
304 46 1
46 306 1
306 46 1
46 312 1
312 46 1
46 328 1
328 46 1
46 344 1
344 46 1
46 366 1
366 46 1
46 439 1
439 46 1
46 479 1
479 46 1
47 128 1
128 47 1
47 163 -1
163 47 -1
47 242 -1
242 47 -1
47 360 -1
360 47 -1
47 372 1
372 47 1
47 400 1
400 47 1
47 407 1
407 47 1
47 423 -1
423 47 -1
47 435 -1
435 47 -1
47 455 1
455 47 1
47 461 1
461 47 1
47 489 -1
489 47 -1
48 86 1
86 48 1
48 143 1
143 48 1
48 148 -1
148 48 -1
48 192 1
192 48 1
48 260 1
260 48 1
48 272 -1
272 48 -1
48 333 1
333 48 1
48 419 1
419 48 1
49 58 1
58 49 1
49 67 1
67 49 1
49 72 -1
72 49 -1
49 75 -1
75 49 -1
49 91 -1
91 49 -1
49 116 1
116 49 1
49 129 -1
129 49 -1
49 151 1
151 49 1
49 200 1
200 49 1
49 208 1
208 49 1
49 215 1
215 49 1
49 221 1
221 49 1
49 263 1
263 49 1
49 267 1
267 49 1
49 287 1
287 49 1
49 315 1
315 49 1
49 319 1
319 49 1
49 322 1
322 49 1
49 341 -1
341 49 -1
49 355 -1
355 49 -1
49 357 1
357 49 1
49 358 1
358 49 1
49 364 -1
364 49 -1
49 385 1
385 49 1
49 386 1
386 49 1
49 409 1
409 49 1
49 420 -1
420 49 -1
49 458 -1
458 49 -1
49 459 1
459 49 1
50 66 -1
66 50 -1
50 80 1
80 50 1
50 106 1
106 50 1
50 143 1
143 50 1
50 148 1
148 50 1
50 259 1
259 50 1
50 260 1
260 50 1
50 318 1
318 50 1
50 333 1
333 50 1
50 356 1
356 50 1
50 363 1
363 50 1
50 454 1
454 50 1
50 487 1
487 50 1
51 68 1
68 51 1
51 106 -1
106 51 -1
51 257 -1
257 51 -1
51 260 1
260 51 1
51 280 -1
280 51 -1
51 318 1
318 51 1
51 356 1
356 51 1
51 436 1
436 51 1
51 487 -1
487 51 -1
52 85 1
85 52 1
52 150 1
150 52 1
52 159 1
159 52 1
52 229 1
229 52 1
52 246 1
246 52 1
52 274 -1
274 52 -1
52 368 1
368 52 1
52 390 1
390 52 1
52 414 1
414 52 1
52 438 1
438 52 1
53 63 -1
63 53 -1
53 131 1
131 53 1
53 188 1
188 53 1
53 191 1
191 53 1
53 219 1
219 53 1
53 230 1
230 53 1
53 270 1
270 53 1
53 314 1
314 53 1
53 340 -1
340 53 -1
53 367 1
367 53 1
53 382 1
382 53 1
53 433 1
433 53 1
54 60 1
60 54 1
54 133 1
133 54 1
54 152 1
152 54 1
54 160 1
160 54 1
54 389 -1
389 54 -1
54 430 1
430 54 1
54 444 1
444 54 1
54 457 1
457 54 1
54 460 1
460 54 1
54 470 1
470 54 1
54 488 1
488 54 1
55 70 -1
70 55 -1
55 76 1
76 55 1
55 93 -1
93 55 -1
55 123 1
123 55 1
55 125 1
125 55 1
55 128 -1
128 55 -1
55 132 1
132 55 1
55 158 1
158 55 1
55 172 1
172 55 1
55 174 -1
174 55 -1
55 175 -1
175 55 -1
55 183 1
183 55 1
55 197 1
197 55 1
55 199 1
199 55 1
55 238 1
238 55 1
55 241 1
241 55 1
55 296 1
296 55 1
55 335 -1
335 55 -1
55 346 1
346 55 1
55 406 -1
406 55 -1
55 413 1
413 55 1
55 429 1
429 55 1
55 456 1
456 55 1
56 207 1
207 56 1
56 223 1
223 56 1
56 245 1
245 56 1
56 288 1
288 56 1
56 363 -1
363 56 -1
56 447 -1
447 56 -1
56 484 1
484 56 1
56 497 1
497 56 1
57 65 -1
65 57 -1
57 128 1
128 57 1
57 154 1
154 57 1
57 174 1
174 57 1
57 258 1
258 57 1
57 352 1
352 57 1
57 400 -1
400 57 -1
57 455 1
455 57 1
57 471 1
471 57 1
58 108 -1
108 58 -1
58 116 1
116 58 1
58 151 1
151 58 1
58 200 1
200 58 1
58 208 1
208 58 1
58 263 1
263 58 1
58 314 -1
314 58 -1
58 315 1
315 58 1
58 385 -1
385 58 -1
58 399 -1
399 58 -1
58 459 1
459 58 1
59 90 1
90 59 1
59 97 1
97 59 1
59 180 1
180 59 1
59 181 1
181 59 1
59 204 -1
204 59 -1
59 218 1
218 59 1
59 245 1
245 59 1
59 466 1
466 59 1
59 484 1
484 59 1
59 485 -1
485 59 -1
59 497 1
497 59 1
60 64 1
64 60 1
60 69 1
69 60 1
60 82 -1
82 60 -1
60 149 -1
149 60 -1
60 166 1
166 60 1
60 169 -1
169 60 -1
60 196 1
196 60 1
60 262 -1
262 60 -1
60 271 1
271 60 1
60 323 1
323 60 1
60 324 1
324 60 1
60 371 -1
371 60 -1
60 378 1
378 60 1
60 379 1
379 60 1
60 388 1
388 60 1
60 391 1
391 60 1
60 393 1
393 60 1
60 395 1
395 60 1
60 405 1
405 60 1
60 427 1
427 60 1
61 62 -1
62 61 -1
61 74 1
74 61 1
61 79 1
79 61 1
61 94 1
94 61 1
61 103 -1
103 61 -1
61 119 1
119 61 1
61 138 1
138 61 1
61 146 1
146 61 1
61 152 -1
152 61 -1
61 157 1
157 61 1
61 163 1
163 61 1
61 164 1
164 61 1
61 176 1
176 61 1
61 201 1
201 61 1
61 203 -1
203 61 -1
61 228 1
228 61 1
61 243 1
243 61 1
61 254 1
254 61 1
61 268 1
268 61 1
61 272 1
272 61 1
61 275 1
275 61 1
61 282 1
282 61 1
61 292 1
292 61 1
61 300 1
300 61 1
61 305 1
305 61 1
61 331 1
331 61 1
61 336 1
336 61 1
61 374 1
374 61 1
61 392 1
392 61 1
61 404 1
404 61 1
61 426 -1
426 61 -1
61 473 1
473 61 1
61 476 -1
476 61 -1
61 485 1
485 61 1
61 486 1
486 61 1
62 74 1
74 62 1
62 79 1
79 62 1
62 94 1
94 62 1
62 103 1
103 62 1
62 119 1
119 62 1
62 121 1
121 62 1
62 138 1
138 62 1
62 146 1
146 62 1
62 157 1
157 62 1
62 163 1
163 62 1
62 176 -1
176 62 -1
62 201 1
201 62 1
62 203 1
203 62 1
62 228 1
228 62 1
62 254 1
254 62 1
62 257 1
257 62 1
62 268 1
268 62 1
62 272 -1
272 62 -1
62 275 -1
275 62 -1
62 279 1
279 62 1
62 282 1
282 62 1
62 292 1
292 62 1
62 300 1
300 62 1
62 305 1
305 62 1
62 316 -1
316 62 -1
62 331 1
331 62 1
62 336 -1
336 62 -1
62 348 -1
348 62 -1
62 392 -1
392 62 -1
62 401 1
401 62 1
62 404 1
404 62 1
62 414 -1
414 62 -1
62 426 1
426 62 1
62 434 1
434 62 1
62 473 1
473 62 1
63 130 1
130 63 1
63 131 1
131 63 1
63 188 1
188 63 1
63 191 1
191 63 1
63 193 1
193 63 1
63 219 1
219 63 1
63 230 1
230 63 1
63 270 1
270 63 1
63 314 1
314 63 1
63 340 -1
340 63 -1
63 367 1
367 63 1
63 369 1
369 63 1
63 378 -1
378 63 -1
63 382 1
382 63 1
63 433 1
433 63 1
63 481 1
481 63 1
63 498 1
498 63 1
64 69 1
69 64 1
64 149 1
149 64 1
64 166 1
166 64 1
64 169 1
169 64 1
64 196 1
196 64 1
64 262 1
262 64 1
64 271 1
271 64 1
64 324 1
324 64 1
64 371 -1
371 64 -1
64 388 1
388 64 1
64 393 1
393 64 1
64 395 1
395 64 1
64 406 1
406 64 1
65 76 1
76 65 1
65 93 -1
93 65 -1
65 123 1
123 65 1
65 125 1
125 65 1
65 158 1
158 65 1
65 172 1
172 65 1
65 175 1
175 65 1
65 183 -1
183 65 -1
65 199 1
199 65 1
65 217 1
217 65 1
65 238 1
238 65 1
65 241 1
241 65 1
65 273 1
273 65 1
65 291 1
291 65 1
65 403 1
403 65 1
65 406 1
406 65 1
65 413 1
413 65 1
65 415 -1
415 65 -1
65 493 1
493 65 1
66 84 1
84 66 1
66 107 1
107 66 1
66 112 -1
112 66 -1
66 113 1
113 66 1
66 117 -1
117 66 -1
66 147 1
147 66 1
66 206 1
206 66 1
66 209 1
209 66 1
66 210 1
210 66 1
66 214 1
214 66 1
66 220 1
220 66 1
66 231 1
231 66 1
66 234 1
234 66 1
66 239 1
239 66 1
66 250 -1
250 66 -1
66 277 1
277 66 1
66 281 1
281 66 1
66 286 1
286 66 1
66 290 1
290 66 1
66 302 1
302 66 1
66 334 1
334 66 1
66 342 1
342 66 1
66 345 -1
345 66 -1
66 350 1
350 66 1
66 351 1
351 66 1
66 380 1
380 66 1
66 383 1
383 66 1
66 384 1
384 66 1
66 411 1
411 66 1
66 418 1
418 66 1
66 440 1
440 66 1
66 443 -1
443 66 -1
66 445 1
445 66 1
66 465 1
465 66 1
66 469 1
469 66 1
66 472 -1
472 66 -1
66 483 1
483 66 1
66 496 1
496 66 1
66 500 1
500 66 1
67 116 1
116 67 1
67 151 1
151 67 1
67 210 -1
210 67 -1
67 215 -1
215 67 -1
67 315 1
315 67 1
67 319 1
319 67 1
67 364 1
364 67 1
67 385 -1
385 67 -1
67 459 1
459 67 1
68 86 1
86 68 1
68 106 -1
106 68 -1
68 143 1
143 68 1
68 148 1
148 68 1
68 192 1
192 68 1
68 259 1
259 68 1
68 260 1
260 68 1
68 320 1
320 68 1
68 354 1
354 68 1
68 356 1
356 68 1
68 359 1
359 68 1
68 364 -1
364 68 -1
68 487 -1
487 68 -1
69 82 -1
82 69 -1
69 166 1
166 69 1
69 169 1
169 69 1
69 196 1
196 69 1
69 262 -1
262 69 -1
69 271 1
271 69 1
69 295 -1
295 69 -1
69 323 1
323 69 1
69 324 1
324 69 1
69 378 1
378 69 1
69 379 -1
379 69 -1
69 388 1
388 69 1
69 391 1
391 69 1
69 393 1
393 69 1
69 395 1
395 69 1
69 405 1
405 69 1
69 427 -1
427 69 -1
69 428 -1
428 69 -1
69 431 1
431 69 1
69 440 -1
440 69 -1
69 468 1
468 69 1
70 76 1
76 70 1
70 93 1
93 70 1
70 123 1
123 70 1
70 125 1
125 70 1
70 158 1
158 70 1
70 172 1
172 70 1
70 175 1
175 70 1
70 183 1
183 70 1
70 199 -1
199 70 -1
70 238 1
238 70 1
70 296 1
296 70 1
70 402 -1
402 70 -1
70 406 -1
406 70 -1
70 413 1
413 70 1
70 429 1
429 70 1
70 467 1
467 70 1
70 498 -1
498 70 -1
71 140 -1
140 71 -1
71 190 1
190 71 1
71 233 1
233 71 1
71 249 1
249 71 1
71 264 1
264 71 1
71 265 -1
265 71 -1
71 283 -1
283 71 -1
71 298 -1
298 71 -1
71 299 1
299 71 1
71 330 1
330 71 1
71 387 -1
387 71 -1
71 398 1
398 71 1
71 448 -1
448 71 -1
71 463 1
463 71 1
71 492 -1
492 71 -1
72 75 1
75 72 1
72 100 1
100 72 1
72 105 1
105 72 1
72 116 1
116 72 1
72 140 -1
140 72 -1
72 151 1
151 72 1
72 178 1
178 72 1
72 195 1
195 72 1
72 200 1
200 72 1
72 208 -1
208 72 -1
72 215 1
215 72 1
72 252 1
252 72 1
72 263 1
263 72 1
72 267 1
267 72 1
72 287 1
287 72 1
72 289 1
289 72 1
72 307 1
307 72 1
72 309 1
309 72 1
72 315 1
315 72 1
72 319 1
319 72 1
72 322 1
322 72 1
72 341 -1
341 72 -1
72 357 1
357 72 1
72 358 -1
358 72 -1
72 364 1
364 72 1
72 373 1
373 72 1
72 376 1
376 72 1
72 385 1
385 72 1
72 386 1
386 72 1
72 399 1
399 72 1
72 409 1
409 72 1
72 459 1
459 72 1
72 462 1
462 72 1
72 482 1
482 72 1
73 111 -1
111 73 -1
73 134 1
134 73 1
73 135 1
135 73 1
73 148 -1
148 73 -1
73 156 1
156 73 1
73 162 1
162 73 1
73 173 1
173 73 1
73 177 1
177 73 1
73 185 1
185 73 1
73 237 1
237 73 1
73 253 1
253 73 1
73 450 1
450 73 1
74 79 1
79 74 1
74 103 1
103 74 1
74 119 1
119 74 1
74 138 1
138 74 1
74 157 1
157 74 1
74 163 1
163 74 1
74 164 1
164 74 1
74 194 1
194 74 1
74 203 1
203 74 1
74 228 1
228 74 1
74 254 1
254 74 1
74 257 1
257 74 1
74 272 1
272 74 1
74 275 1
275 74 1
74 279 1
279 74 1
74 282 1
282 74 1
74 292 1
292 74 1
74 300 -1
300 74 -1
74 305 1
305 74 1
74 316 1
316 74 1
74 331 -1
331 74 -1
74 336 1
336 74 1
74 348 1
348 74 1
74 384 -1
384 74 -1
74 401 1
401 74 1
74 426 1
426 74 1
74 434 1
434 74 1
74 473 1
473 74 1
74 485 1
485 74 1
74 486 1
486 74 1
75 208 1
208 75 1
75 315 1
315 75 1
75 321 1
321 75 1
75 357 -1
357 75 -1
75 358 1
358 75 1
75 364 1
364 75 1
75 385 1
385 75 1
75 386 1
386 75 1
75 409 1
409 75 1
76 93 1
93 76 1
76 123 1
123 76 1
76 125 1
125 76 1
76 127 1
127 76 1
76 132 1
132 76 1
76 134 -1
134 76 -1
76 158 -1
158 76 -1
76 172 1
172 76 1
76 175 1
175 76 1
76 183 1
183 76 1
76 197 1
197 76 1
76 199 1
199 76 1
76 217 1
217 76 1
76 238 1
238 76 1
76 241 1
241 76 1
76 291 1
291 76 1
76 335 1
335 76 1
76 337 -1
337 76 -1
76 346 -1
346 76 -1
76 349 1
349 76 1
76 402 1
402 76 1
76 406 1
406 76 1
76 413 1
413 76 1
76 415 1
415 76 1
76 429 1
429 76 1
76 442 1
442 76 1
76 456 1
456 76 1
76 467 1
467 76 1
76 478 1
478 76 1
76 494 1
494 76 1
76 495 1
495 76 1
77 78 1
78 77 1
77 81 1
81 77 1
77 90 1
90 77 1
77 97 1
97 77 1
77 181 1
181 77 1
77 245 1
245 77 1
77 288 1
288 77 1
77 311 1
311 77 1
77 464 1
464 77 1
77 484 -1
484 77 -1
77 497 1
497 77 1
78 81 1
81 78 1
78 91 1
91 78 1
78 97 1
97 78 1
78 115 1
115 78 1
78 118 1
118 78 1
78 172 1
172 78 1
78 180 1
180 78 1
78 181 -1
181 78 -1
78 182 1
182 78 1
78 204 1
204 78 1
78 207 1
207 78 1
78 218 -1
218 78 -1
78 222 1
222 78 1
78 223 1
223 78 1
78 228 -1
228 78 -1
78 245 1
245 78 1
78 288 1
288 78 1
78 311 -1
311 78 -1
78 447 1
447 78 1
78 464 -1
464 78 -1
78 466 -1
466 78 -1
78 484 1
484 78 1
78 497 -1
497 78 -1
79 94 1
94 79 1
79 103 1
103 79 1
79 119 1
119 79 1
79 121 1
121 79 1
79 138 1
138 79 1
79 146 -1
146 79 -1
79 157 1
157 79 1
79 163 -1
163 79 -1
79 164 1
164 79 1
79 176 -1
176 79 -1
79 194 1
194 79 1
79 201 1
201 79 1
79 203 1
203 79 1
79 228 1
228 79 1
79 243 -1
243 79 -1
79 244 1
244 79 1
79 254 1
254 79 1
79 257 1
257 79 1
79 268 -1
268 79 -1
79 272 -1
272 79 -1
79 275 1
275 79 1
79 279 1
279 79 1
79 282 1
282 79 1
79 292 1
292 79 1
79 300 1
300 79 1
79 305 1
305 79 1
79 316 1
316 79 1
79 328 1
328 79 1
79 331 1
331 79 1
79 336 1
336 79 1
79 348 1
348 79 1
79 374 1
374 79 1
79 392 1
392 79 1
79 401 -1
401 79 -1
79 404 1
404 79 1
79 426 1
426 79 1
79 434 1
434 79 1
79 473 1
473 79 1
79 485 1
485 79 1
79 486 1
486 79 1
80 86 1
86 80 1
80 87 1
87 80 1
80 143 1
143 80 1
80 260 1
260 80 1
80 333 1
333 80 1
80 353 1
353 80 1
80 356 -1
356 80 -1
80 363 1
363 80 1
80 487 1
487 80 1
81 91 1
91 81 1
81 180 1
180 81 1
81 181 1
181 81 1
81 245 1
245 81 1
81 288 1
288 81 1
81 484 1
484 81 1
82 166 1
166 82 1
82 169 1
169 82 1
82 187 -1
187 82 -1
82 196 1
196 82 1
82 388 1
388 82 1
82 393 1
393 82 1
82 427 1
427 82 1
83 111 1
111 83 1
83 134 1
134 83 1
83 135 1
135 83 1
83 144 1
144 83 1
83 162 1
162 83 1
83 171 1
171 83 1
83 179 1
179 83 1
83 185 1
185 83 1
83 253 1
253 83 1
83 329 1
329 83 1
83 424 1
424 83 1
83 450 1
450 83 1
84 112 1
112 84 1
84 113 1
113 84 1
84 117 -1
117 84 -1
84 214 1
214 84 1
84 281 1
281 84 1
84 345 1
345 84 1
84 384 -1
384 84 -1
84 418 1
418 84 1
84 440 1
440 84 1
84 445 -1
445 84 -1
84 494 1
494 84 1
84 500 1
500 84 1
85 229 1
229 85 1
85 274 1
274 85 1
85 294 1
294 85 1
85 317 1
317 85 1
85 326 1
326 85 1
85 368 1
368 85 1
85 390 1
390 85 1
85 414 1
414 85 1
85 438 1
438 85 1
86 106 1
106 86 1
86 137 1
137 86 1
86 148 1
148 86 1
86 192 -1
192 86 -1
86 260 1
260 86 1
86 265 1
265 86 1
86 333 1
333 86 1
86 356 1
356 86 1
86 363 1
363 86 1
86 419 1
419 86 1
86 454 -1
454 86 -1
86 487 1
487 86 1
87 148 1
148 87 1
87 167 1
167 87 1
87 192 1
192 87 1
87 240 1
240 87 1
87 260 -1
260 87 -1
87 318 1
318 87 1
87 354 1
354 87 1
87 356 1
356 87 1
87 487 1
487 87 1
88 126 -1
126 88 -1
88 140 1
140 88 1
88 249 -1
249 88 -1
88 283 1
283 88 1
88 330 1
330 88 1
88 337 1
337 88 1
88 338 1
338 88 1
88 381 1
381 88 1
88 398 1
398 88 1
88 425 -1
425 88 -1
88 448 1
448 88 1
88 463 1
463 88 1
88 492 -1
492 88 -1
89 111 1
111 89 1
89 134 1
134 89 1
89 135 1
135 89 1
89 156 1
156 89 1
89 162 1
162 89 1
89 171 1
171 89 1
89 177 1
177 89 1
89 185 1
185 89 1
89 224 1
224 89 1
89 237 1
237 89 1
89 398 -1
398 89 -1
89 424 1
424 89 1
89 450 1
450 89 1
90 91 1
91 90 1
90 97 1
97 90 1
90 104 1
104 90 1
90 115 1
115 90 1
90 180 1
180 90 1
90 181 1
181 90 1
90 182 1
182 90 1
90 207 1
207 90 1
90 218 1
218 90 1
90 245 -1
245 90 -1
90 271 -1
271 90 -1
90 288 1
288 90 1
90 408 -1
408 90 -1
90 464 1
464 90 1
90 484 1
484 90 1
90 497 1
497 90 1
91 181 1
181 91 1
91 182 -1
182 91 -1
91 204 1
204 91 1
91 207 1
207 91 1
91 222 1
222 91 1
91 245 1
245 91 1
91 288 1
288 91 1
91 311 1
311 91 1
91 464 1
464 91 1
91 484 1
484 91 1
91 497 1
497 91 1
92 128 -1
128 92 -1
92 154 1
154 92 1
92 258 -1
258 92 -1
92 261 1
261 92 1
92 343 1
343 92 1
92 372 1
372 92 1
92 400 1
400 92 1
92 407 -1
407 92 -1
92 417 1
417 92 1
92 423 1
423 92 1
92 455 -1
455 92 -1
92 461 1
461 92 1
92 489 1
489 92 1
93 123 -1
123 93 -1
93 125 1
125 93 1
93 127 1
127 93 1
93 132 1
132 93 1
93 158 -1
158 93 -1
93 164 -1
164 93 -1
93 172 1
172 93 1
93 175 1
175 93 1
93 183 1
183 93 1
93 197 1
197 93 1
93 198 1
198 93 1
93 199 1
199 93 1
93 217 1
217 93 1
93 238 1
238 93 1
93 241 -1
241 93 -1
93 273 1
273 93 1
93 291 1
291 93 1
93 296 1
296 93 1
93 325 -1
325 93 -1
93 335 1
335 93 1
93 336 -1
336 93 -1
93 346 1
346 93 1
93 349 1
349 93 1
93 402 1
402 93 1
93 403 1
403 93 1
93 406 1
406 93 1
93 412 1
412 93 1
93 413 1
413 93 1
93 415 1
415 93 1
93 416 1
416 93 1
93 429 1
429 93 1
93 442 1
442 93 1
93 449 -1
449 93 -1
93 456 1
456 93 1
93 467 1
467 93 1
93 478 1
478 93 1
93 493 1
493 93 1
93 494 1
494 93 1
93 495 -1
495 93 -1
94 119 1
119 94 1
94 138 -1
138 94 -1
94 164 1
164 94 1
94 197 -1
197 94 -1
94 203 1
203 94 1
94 228 1
228 94 1
94 254 -1
254 94 -1
94 275 1
275 94 1
94 282 1
282 94 1
94 300 1
300 94 1
94 374 1
374 94 1
94 426 1
426 94 1
94 486 1
486 94 1
95 170 1
170 95 1
95 233 1
233 95 1
95 330 1
330 95 1
95 337 1
337 95 1
95 361 -1
361 95 -1
95 398 1
398 95 1
95 463 1
463 95 1
96 109 1
109 96 1
96 128 -1
128 96 -1
96 154 1
154 96 1
96 207 -1
207 96 -1
96 258 1
258 96 1
96 301 1
301 96 1
96 343 1
343 96 1
96 360 1
360 96 1
96 400 1
400 96 1
96 423 1
423 96 1
96 455 1
455 96 1
96 489 1
489 96 1
97 104 1
104 97 1
97 181 1
181 97 1
97 182 1
182 97 1
97 218 1
218 97 1
97 223 -1
223 97 -1
97 245 -1
245 97 -1
97 288 1
288 97 1
97 464 1
464 97 1
97 484 1
484 97 1
98 140 1
140 98 1
98 233 -1
233 98 -1
98 330 1
330 98 1
98 347 1
347 98 1
98 361 1
361 98 1
98 387 -1
387 98 -1
98 440 -1
440 98 -1
98 448 1
448 98 1
98 463 1
463 98 1
99 122 1
122 99 1
99 140 1
140 99 1
99 190 1
190 99 1
99 233 1
233 99 1
99 249 1
249 99 1
99 330 1
330 99 1
99 381 1
381 99 1
99 448 1
448 99 1
99 463 -1
463 99 -1
100 116 1
116 100 1
100 151 1
151 100 1
100 200 1
200 100 1
100 263 1
263 100 1
100 307 1
307 100 1
100 315 1
315 100 1
100 319 1
319 100 1
100 357 1
357 100 1
100 364 1
364 100 1
100 459 1
459 100 1
101 111 -1
111 101 -1
101 135 -1
135 101 -1
101 144 1
144 101 1
101 162 1
162 101 1
101 173 1
173 101 1
101 177 1
177 101 1
101 185 1
185 101 1
101 237 1
237 101 1
101 370 -1
370 101 -1
101 450 1
450 101 1
102 190 1
190 102 1
102 233 1
233 102 1
102 330 -1
330 102 -1
102 347 -1
347 102 -1
102 361 1
361 102 1
102 375 1
375 102 1
102 448 1
448 102 1
102 492 -1
492 102 -1
103 119 1
119 103 1
103 121 1
121 103 1
103 138 1
138 103 1
103 146 1
146 103 1
103 157 1
157 103 1
103 201 1
201 103 1
103 203 1
203 103 1
103 268 -1
268 103 -1
103 275 1
275 103 1
103 282 1
282 103 1
103 292 1
292 103 1
103 300 1
300 103 1
103 348 1
348 103 1
103 404 1
404 103 1
103 473 1
473 103 1
103 485 1
485 103 1
104 181 1
181 104 1
104 207 1
207 104 1
104 218 1
218 104 1
104 245 1
245 104 1
104 288 -1
288 104 -1
104 464 1
464 104 1
104 484 1
484 104 1
105 116 1
116 105 1
105 151 -1
151 105 -1
105 195 -1
195 105 -1
105 215 1
215 105 1
105 315 1
315 105 1
105 319 1
319 105 1
105 357 1
357 105 1
105 358 1
358 105 1
105 385 -1
385 105 -1
105 459 1
459 105 1
106 114 1
114 106 1
106 143 1
143 106 1
106 167 1
167 106 1
106 192 -1
192 106 -1
106 225 1
225 106 1
106 240 1
240 106 1
106 260 -1
260 106 -1
106 265 1
265 106 1
106 280 1
280 106 1
106 303 1
303 106 1
106 318 1
318 106 1
106 320 1
320 106 1
106 333 1
333 106 1
106 353 -1
353 106 -1
106 356 1
356 106 1
106 363 1
363 106 1
106 377 1
377 106 1
106 454 1
454 106 1
106 487 -1
487 106 -1
107 214 1
214 107 1
107 281 1
281 107 1
107 334 1
334 107 1
107 345 1
345 107 1
107 351 1
351 107 1
107 384 -1
384 107 -1
107 418 1
418 107 1
107 443 1
443 107 1
107 445 1
445 107 1
107 458 1
458 107 1
107 483 -1
483 107 -1
107 500 1
500 107 1
108 111 -1
111 108 -1
108 116 1
116 108 1
108 142 1
142 108 1
108 151 -1
151 108 -1
108 195 -1
195 108 -1
108 200 -1
200 108 -1
108 211 1
211 108 1
108 215 1
215 108 1
108 236 1
236 108 1
108 263 1
263 108 1
108 267 1
267 108 1
108 287 1
287 108 1
108 289 1
289 108 1
108 315 1
315 108 1
108 319 1
319 108 1
108 357 1
357 108 1
108 358 1
358 108 1
108 364 1
364 108 1
108 373 1
373 108 1
108 385 -1
385 108 -1
108 386 1
386 108 1
108 399 1
399 108 1
108 409 1
409 108 1
108 459 -1
459 108 -1
109 120 1
120 109 1
109 138 1
138 109 1
109 145 1
145 109 1
109 174 1
174 109 1
109 258 1
258 109 1
109 261 -1
261 109 -1
109 360 -1
360 109 -1
109 372 1
372 109 1
109 400 1
400 109 1
109 455 1
455 109 1
109 475 1
475 109 1
109 491 1
491 109 1
110 129 -1
129 110 -1
110 213 1
213 110 1
110 284 -1
284 110 -1
110 306 1
306 110 1
110 366 1
366 110 1
110 479 1
479 110 1
110 499 1
499 110 1
111 134 1
134 111 1
111 135 1
135 111 1
111 144 -1
144 111 -1
111 155 1
155 111 1
111 156 1
156 111 1
111 162 1
162 111 1
111 171 1
171 111 1
111 173 1
173 111 1
111 177 1
177 111 1
111 179 1
179 111 1
111 185 1
185 111 1
111 224 1
224 111 1
111 253 1
253 111 1
111 329 -1
329 111 -1
111 424 -1
424 111 -1
111 450 -1
450 111 -1
112 117 1
117 112 1
112 206 1
206 112 1
112 210 1
210 112 1
112 214 1
214 112 1
112 250 1
250 112 1
112 277 1
277 112 1
112 281 1
281 112 1
112 286 1
286 112 1
112 290 1
290 112 1
112 342 1
342 112 1
112 345 -1
345 112 -1
112 350 1
350 112 1
112 351 1
351 112 1
112 380 1
380 112 1
112 383 1
383 112 1
112 384 1
384 112 1
112 411 1
411 112 1
112 418 1
418 112 1
112 440 1
440 112 1
112 443 1
443 112 1
112 445 1
445 112 1
112 465 -1
465 112 -1
112 472 1
472 112 1
112 483 1
483 112 1
112 487 -1
487 112 -1
112 496 1
496 112 1
113 117 1
117 113 1
113 210 1
210 113 1
113 214 1
214 113 1
113 231 1
231 113 1
113 234 -1
234 113 -1
113 250 1
250 113 1
113 277 1
277 113 1
113 281 -1
281 113 -1
113 286 1
286 113 1
113 334 1
334 113 1
113 339 1
339 113 1
113 345 1
345 113 1
113 350 1
350 113 1
113 351 -1
351 113 -1
113 384 1
384 113 1
113 401 -1
401 113 -1
113 411 1
411 113 1
113 418 1
418 113 1
113 440 1
440 113 1
113 445 1
445 113 1
113 472 1
472 113 1
113 483 1
483 113 1
113 500 1
500 113 1
114 139 1
139 114 1
114 265 -1
265 114 -1
114 318 1
318 114 1
114 320 1
320 114 1
114 332 1
332 114 1
114 353 1
353 114 1
114 386 -1
386 114 -1
114 487 1
487 114 1
115 181 -1
181 115 -1
115 204 1
204 115 1
115 245 -1
245 115 -1
115 288 1
288 115 1
115 464 1
464 115 1
115 484 1
484 115 1
115 497 1
497 115 1
116 151 1
151 116 1
116 178 1
178 116 1
116 195 1
195 116 1
116 200 1
200 116 1
116 208 1
208 116 1
116 215 1
215 116 1
116 221 1
221 116 1
116 236 1
236 116 1
116 263 1
263 116 1
116 264 -1
264 116 -1
116 267 1
267 116 1
116 287 -1
287 116 -1
116 289 1
289 116 1
116 315 1
315 116 1
116 319 1
319 116 1
116 321 1
321 116 1
116 322 1
322 116 1
116 355 1
355 116 1
116 357 1
357 116 1
116 364 1
364 116 1
116 373 1
373 116 1
116 376 1
376 116 1
116 385 1
385 116 1
116 386 1
386 116 1
116 399 1
399 116 1
116 409 1
409 116 1
116 420 1
420 116 1
116 458 -1
458 116 -1
116 459 1
459 116 1
116 462 1
462 116 1
116 482 1
482 116 1
116 487 -1
487 116 -1
117 214 -1
214 117 -1
117 235 1
235 117 1
117 239 -1
239 117 -1
117 250 1
250 117 1
117 281 -1
281 117 -1
117 286 1
286 117 1
117 339 1
339 117 1
117 345 1
345 117 1
117 350 1
350 117 1
117 351 1
351 117 1
117 384 1
384 117 1
117 410 1
410 117 1
117 411 1
411 117 1
117 418 1
418 117 1
117 440 1
440 117 1
117 445 1
445 117 1
117 483 1
483 117 1
117 495 -1
495 117 -1
117 500 -1
500 117 -1
118 181 -1
181 118 -1
118 197 -1
197 118 -1
118 207 1
207 118 1
118 218 1
218 118 1
118 245 1
245 118 1
118 464 1
464 118 1
118 484 -1
484 118 -1
119 138 1
138 119 1
119 157 1
157 119 1
119 159 1
159 119 1
119 164 1
164 119 1
119 176 1
176 119 1
119 194 1
194 119 1
119 201 1
201 119 1
119 203 -1
203 119 -1
119 228 -1
228 119 -1
119 243 1
243 119 1
119 254 1
254 119 1
119 257 1
257 119 1
119 268 1
268 119 1
119 275 1
275 119 1
119 279 -1
279 119 -1
119 282 1
282 119 1
119 292 1
292 119 1
119 300 1
300 119 1
119 305 1
305 119 1
119 316 1
316 119 1
119 331 1
331 119 1
119 336 1
336 119 1
119 348 1
348 119 1
119 356 -1
356 119 -1
119 374 1
374 119 1
119 401 1
401 119 1
119 426 1
426 119 1
119 434 1
434 119 1
119 438 1
438 119 1
119 473 1
473 119 1
119 485 1
485 119 1
119 486 -1
486 119 -1
120 124 1
124 120 1
120 128 1
128 120 1
120 153 1
153 120 1
120 154 1
154 120 1
120 155 1
155 120 1
120 168 1
168 120 1
120 174 1
174 120 1
120 242 1
242 120 1
120 258 -1
258 120 -1
120 261 1
261 120 1
120 343 1
343 120 1
120 352 1
352 120 1
120 372 1
372 120 1
120 400 1
400 120 1
120 407 1
407 120 1
120 421 1
421 120 1
120 455 1
455 120 1
120 461 1
461 120 1
120 480 1
480 120 1
121 138 1
138 121 1
121 157 -1
157 121 -1
121 163 1
163 121 1
121 203 1
203 121 1
121 228 1
228 121 1
121 254 1
254 121 1
121 268 1
268 121 1
121 272 1
272 121 1
121 275 1
275 121 1
121 282 1
282 121 1
121 336 -1
336 121 -1
121 348 1
348 121 1
121 401 1
401 121 1
121 479 -1
479 121 -1
121 486 1
486 121 1
122 170 -1
170 122 -1
122 216 1
216 122 1
122 227 1
227 122 1
122 330 1
330 122 1
122 398 -1
398 122 -1
122 448 1
448 122 1
123 125 1
125 123 1
123 127 1
127 123 1
123 128 -1
128 123 -1
123 132 1
132 123 1
123 158 1
158 123 1
123 172 1
172 123 1
123 175 1
175 123 1
123 183 1
183 123 1
123 197 1
197 123 1
123 198 1
198 123 1
123 199 1
199 123 1
123 238 1
238 123 1
123 273 1
273 123 1
123 291 -1
291 123 -1
123 296 -1
296 123 -1
123 335 -1
335 123 -1
123 346 1
346 123 1
123 349 1
349 123 1
123 397 1
397 123 1
123 402 1
402 123 1
123 406 -1
406 123 -1
123 413 1
413 123 1
123 415 1
415 123 1
123 429 1
429 123 1
123 442 1
442 123 1
123 449 1
449 123 1
123 456 1
456 123 1
123 467 1
467 123 1
123 493 1
493 123 1
123 495 1
495 123 1
124 128 1
128 124 1
124 174 1
174 124 1
124 242 1
242 124 1
124 258 1
258 124 1
124 261 1
261 124 1
124 360 1
360 124 1
124 400 1
400 124 1
124 407 1
407 124 1
124 435 -1
435 124 -1
124 455 1
455 124 1
124 475 1
475 124 1
124 476 1
476 124 1
124 489 1
489 124 1
125 132 1
132 125 1
125 140 -1
140 125 -1
125 158 1
158 125 1
125 172 1
172 125 1
125 175 1
175 125 1
125 183 1
183 125 1
125 197 1
197 125 1
125 199 1
199 125 1
125 238 1
238 125 1
125 291 1
291 125 1
125 296 1
296 125 1
125 335 -1
335 125 -1
125 349 1
349 125 1
125 405 -1
405 125 -1
125 406 -1
406 125 -1
125 412 1
412 125 1
125 413 1
413 125 1
125 456 1
456 125 1
125 467 -1
467 125 -1
125 478 1
478 125 1
125 493 -1
493 125 -1
126 159 1
159 126 1
126 184 1
184 126 1
126 229 1
229 126 1
126 246 -1
246 126 -1
126 248 1
248 126 1
126 276 -1
276 126 -1
126 326 1
326 126 1
126 390 1
390 126 1
126 414 -1
414 126 -1
126 477 1
477 126 1
127 132 1
132 127 1
127 158 1
158 127 1
127 172 1
172 127 1
127 175 1
175 127 1
127 183 1
183 127 1
127 199 -1
199 127 -1
127 241 1
241 127 1
127 349 1
349 127 1
127 406 1
406 127 1
127 413 -1
413 127 -1
128 141 1
141 128 1
128 145 1
145 128 1
128 154 1
154 128 1
128 168 1
168 128 1
128 174 1
174 128 1
128 242 1
242 128 1
128 258 1
258 128 1
128 261 1
261 128 1
128 301 1
301 128 1
128 343 -1
343 128 -1
128 360 1
360 128 1
128 372 1
372 128 1
128 400 -1
400 128 -1
128 407 1
407 128 1
128 421 1
421 128 1
128 455 1
455 128 1
128 461 1
461 128 1
128 471 1
471 128 1
128 475 1
475 128 1
128 476 -1
476 128 -1
128 489 1
489 128 1
128 491 -1
491 128 -1
129 136 1
136 129 1
129 161 1
161 129 1
129 165 1
165 129 1
129 202 1
202 129 1
129 205 -1
205 129 -1
129 212 1
212 129 1
129 213 1
213 129 1
129 284 1
284 129 1
129 297 1
297 129 1
129 304 1
304 129 1
129 308 -1
308 129 -1
129 312 1
312 129 1
129 328 1
328 129 1
129 344 1
344 129 1
129 366 1
366 129 1
129 439 1
439 129 1
129 453 1
453 129 1
129 456 -1
456 129 -1
129 479 1
479 129 1
129 499 1
499 129 1
130 131 1
131 130 1
130 187 1
187 130 1
130 188 1
188 130 1
130 219 1
219 130 1
130 270 1
270 130 1
130 314 -1
314 130 -1
130 347 -1
347 130 -1
130 365 1
365 130 1
130 367 1
367 130 1
130 369 1
369 130 1
130 382 1
382 130 1
130 433 1
433 130 1
130 481 1
481 130 1
131 188 1
188 131 1
131 191 1
191 131 1
131 219 1
219 131 1
131 230 -1
230 131 -1
131 270 1
270 131 1
131 314 1
314 131 1
131 364 1
364 131 1
131 365 1
365 131 1
131 367 1
367 131 1
131 382 1
382 131 1
131 433 -1
433 131 -1
131 498 1
498 131 1
132 158 -1
158 132 -1
132 172 1
172 132 1
132 175 1
175 132 1
132 183 -1
183 132 -1
132 197 1
197 132 1
132 199 1
199 132 1
132 217 1
217 132 1
132 238 -1
238 132 -1
132 291 1
291 132 1
132 296 1
296 132 1
132 297 -1
297 132 -1
132 335 -1
335 132 -1
132 349 1
349 132 1
132 406 -1
406 132 -1
132 413 1
413 132 1
132 429 1
429 132 1
132 442 1
442 132 1
133 160 1
160 133 1
133 232 1
232 133 1
133 266 1
266 133 1
133 327 1
327 133 1
133 389 1
389 133 1
133 444 -1
444 133 -1
133 457 1
457 133 1
133 460 1
460 133 1
133 470 1
470 133 1
133 488 1
488 133 1
134 135 -1
135 134 -1
134 144 -1
144 134 -1
134 155 1
155 134 1
134 156 1
156 134 1
134 162 1
162 134 1
134 171 1
171 134 1
134 173 1
173 134 1
134 177 1
177 134 1
134 179 1
179 134 1
134 185 1
185 134 1
134 224 1
224 134 1
134 237 1
237 134 1
134 253 1
253 134 1
134 329 1
329 134 1
134 396 1
396 134 1
134 424 1
424 134 1
134 450 1
450 134 1
135 144 1
144 135 1
135 156 1
156 135 1
135 162 1
162 135 1
135 171 1
171 135 1
135 173 1
173 135 1
135 177 1
177 135 1
135 179 1
179 135 1
135 185 1
185 135 1
135 188 -1
188 135 -1
135 224 -1
224 135 -1
135 237 1
237 135 1
135 253 1
253 135 1
135 329 -1
329 135 -1
135 396 1
396 135 1
135 424 1
424 135 1
135 450 1
450 135 1
136 161 1
161 136 1
136 165 1
165 136 1
136 189 1
189 136 1
136 202 1
202 136 1
136 205 1
205 136 1
136 208 -1
208 136 -1
136 212 1
212 136 1
136 213 1
213 136 1
136 226 -1
226 136 -1
136 269 1
269 136 1
136 284 1
284 136 1
136 293 1
293 136 1
136 297 1
297 136 1
136 304 1
304 136 1
136 306 -1
306 136 -1
136 312 1
312 136 1
136 328 1
328 136 1
136 344 1
344 136 1
136 366 1
366 136 1
136 439 1
439 136 1
136 453 1
453 136 1
136 479 1
479 136 1
136 499 1
499 136 1
137 148 1
148 137 1
137 259 1
259 137 1
137 318 1
318 137 1
137 320 1
320 137 1
137 356 -1
356 137 -1
137 359 1
359 137 1
137 487 1
487 137 1
138 146 1
146 138 1
138 157 1
157 138 1
138 163 1
163 138 1
138 164 1
164 138 1
138 176 1
176 138 1
138 194 1
194 138 1
138 201 -1
201 138 -1
138 203 1
203 138 1
138 228 1
228 138 1
138 234 -1
234 138 -1
138 243 1
243 138 1
138 244 1
244 138 1
138 254 1
254 138 1
138 257 1
257 138 1
138 268 1
268 138 1
138 272 1
272 138 1
138 275 1
275 138 1
138 279 1
279 138 1
138 282 -1
282 138 -1
138 292 1
292 138 1
138 300 1
300 138 1
138 305 1
305 138 1
138 316 1
316 138 1
138 331 1
331 138 1
138 336 1
336 138 1
138 348 1
348 138 1
138 374 1
374 138 1
138 392 1
392 138 1
138 401 1
401 138 1
138 404 1
404 138 1
138 426 -1
426 138 -1
138 434 1
434 138 1
138 455 -1
455 138 -1
138 486 1
486 138 1
139 143 1
143 139 1
139 148 1
148 139 1
139 265 1
265 139 1
139 318 1
318 139 1
139 356 -1
356 139 -1
139 359 1
359 139 1
139 363 1
363 139 1
139 436 1
436 139 1
139 487 -1
487 139 -1
140 170 1
170 140 1
140 190 1
190 140 1
140 216 1
216 140 1
140 227 1
227 140 1
140 233 1
233 140 1
140 249 1
249 140 1
140 255 1
255 140 1
140 264 -1
264 140 -1
140 278 -1
278 140 -1
140 285 1
285 140 1
140 299 -1
299 140 -1
140 330 1
330 140 1
140 337 1
337 140 1
140 347 1
347 140 1
140 361 1
361 140 1
140 375 -1
375 140 -1
140 381 1
381 140 1
140 387 1
387 140 1
140 398 1
398 140 1
140 425 1
425 140 1
140 448 1
448 140 1
140 451 1
451 140 1
140 463 1
463 140 1
140 490 1
490 140 1
140 492 1
492 140 1
141 261 1
261 141 1
141 400 1
400 141 1
141 421 -1
421 141 -1
141 423 -1
423 141 -1
141 455 -1
455 141 -1
141 461 1
461 141 1
141 476 1
476 141 1
141 480 1
480 141 1
141 489 1
489 141 1
142 151 1
151 142 1
142 200 1
200 142 1
142 287 1
287 142 1
142 319 1
319 142 1
142 322 -1
322 142 -1
142 364 1
364 142 1
142 409 1
409 142 1
142 459 1
459 142 1
143 148 1
148 143 1
143 181 -1
181 143 -1
143 240 1
240 143 1
143 260 1
260 143 1
143 280 1
280 143 1
143 318 1
318 143 1
143 325 -1
325 143 -1
143 353 1
353 143 1
143 356 1
356 143 1
143 357 -1
357 143 -1
143 363 1
363 143 1
143 377 1
377 143 1
143 487 1
487 143 1
144 162 1
162 144 1
144 171 1
171 144 1
144 173 1
173 144 1
144 177 1
177 144 1
144 179 1
179 144 1
144 185 -1
185 144 -1
144 224 -1
224 144 -1
144 237 1
237 144 1
144 249 -1
249 144 -1
144 329 1
329 144 1
144 424 1
424 144 1
144 450 1
450 144 1
145 154 1
154 145 1
145 261 1
261 145 1
145 372 1
372 145 1
145 400 -1
400 145 -1
145 407 -1
407 145 -1
145 459 -1
459 145 -1
145 476 1
476 145 1
146 157 1
157 146 1
146 203 1
203 146 1
146 257 1
257 146 1
146 268 1
268 146 1
146 275 1
275 146 1
146 282 1
282 146 1
146 292 1
292 146 1
146 300 1
300 146 1
146 321 1
321 146 1
146 331 1
331 146 1
146 348 1
348 146 1
146 473 1
473 146 1
146 486 1
486 146 1
147 214 -1
214 147 -1
147 220 1
220 147 1
147 281 1
281 147 1
147 345 1
345 147 1
147 350 1
350 147 1
147 384 1
384 147 1
147 418 1
418 147 1
147 440 1
440 147 1
147 443 1
443 147 1
147 445 -1
445 147 -1
147 483 1
483 147 1
147 500 1
500 147 1
148 167 1
167 148 1
148 192 1
192 148 1
148 225 -1
225 148 -1
148 259 1
259 148 1
148 260 1
260 148 1
148 265 1
265 148 1
148 280 1
280 148 1
148 318 1
318 148 1
148 320 1
320 148 1
148 325 1
325 148 1
148 332 1
332 148 1
148 353 1
353 148 1
148 354 1
354 148 1
148 356 1
356 148 1
148 359 1
359 148 1
148 363 -1
363 148 -1
148 419 1
419 148 1
148 454 1
454 148 1
148 487 1
487 148 1
149 166 1
166 149 1
149 169 -1
169 149 -1
149 271 1
271 149 1
149 295 1
295 149 1
149 324 1
324 149 1
149 343 1
343 149 1
149 371 1
371 149 1
149 388 1
388 149 1
149 427 1
427 149 1
150 184 1
184 150 1
150 229 1
229 150 1
150 246 1
246 150 1
150 274 1
274 150 1
150 276 1
276 150 1
150 368 1
368 150 1
150 390 -1
390 150 -1
150 438 1
438 150 1
150 452 -1
452 150 -1
151 178 1
178 151 1
151 195 1
195 151 1
151 200 -1
200 151 -1
151 208 1
208 151 1
151 211 1
211 151 1
151 215 -1
215 151 -1
151 221 1
221 151 1
151 236 1
236 151 1
151 252 1
252 151 1
151 263 1
263 151 1
151 267 1
267 151 1
151 287 1
287 151 1
151 289 1
289 151 1
151 307 -1
307 151 -1
151 309 1
309 151 1
151 315 1
315 151 1
151 319 -1
319 151 -1
151 321 1
321 151 1
151 341 1
341 151 1
151 355 1
355 151 1
151 357 1
357 151 1
151 358 1
358 151 1
151 364 -1
364 151 -1
151 373 1
373 151 1
151 376 1
376 151 1
151 384 1
384 151 1
151 385 1
385 151 1
151 386 1
386 151 1
151 399 1
399 151 1
151 404 -1
404 151 -1
151 408 1
408 151 1
151 409 1
409 151 1
151 420 1
420 151 1
151 458 1
458 151 1
151 459 -1
459 151 -1
151 462 1
462 151 1
151 482 1
482 151 1
152 160 1
160 152 1
152 232 1
232 152 1
152 247 1
247 152 1
152 266 1
266 152 1
152 389 1
389 152 1
152 430 1
430 152 1
152 444 1
444 152 1
152 446 1
446 152 1
152 457 1
457 152 1
152 460 -1
460 152 -1
152 470 1
470 152 1
152 474 1
474 152 1
152 488 1
488 152 1
153 258 1
258 153 1
153 372 1
372 153 1
153 400 1
400 153 1
153 423 1
423 153 1
153 455 1
455 153 1
153 461 1
461 153 1
153 475 1
475 153 1
154 168 1
168 154 1
154 174 1
174 154 1
154 242 1
242 154 1
154 258 1
258 154 1
154 261 1
261 154 1
154 343 -1
343 154 -1
154 352 -1
352 154 -1
154 372 1
372 154 1
154 393 -1
393 154 -1
154 400 1
400 154 1
154 407 1
407 154 1
154 417 -1
417 154 -1
154 423 1
423 154 1
154 435 1
435 154 1
154 455 1
455 154 1
154 461 -1
461 154 -1
154 475 1
475 154 1
154 476 1
476 154 1
154 489 1
489 154 1
155 156 1
156 155 1
155 162 1
162 155 1
155 171 1
171 155 1
155 177 1
177 155 1
155 185 1
185 155 1
155 424 1
424 155 1
155 450 1
450 155 1
156 162 1
162 156 1
156 177 1
177 156 1
156 185 1
185 156 1
156 444 -1
444 156 -1
156 450 1
450 156 1
157 163 1
163 157 1
157 164 1
164 157 1
157 177 -1
177 157 -1
157 201 -1
201 157 -1
157 203 1
203 157 1
157 228 1
228 157 1
157 254 1
254 157 1
157 257 1
257 157 1
157 268 1
268 157 1
157 272 1
272 157 1
157 275 -1
275 157 -1
157 282 1
282 157 1
157 292 1
292 157 1
157 331 1
331 157 1
157 348 1
348 157 1
157 401 1
401 157 1
157 473 1
473 157 1
157 485 1
485 157 1
157 486 1
486 157 1
158 167 1
167 158 1
158 172 1
172 158 1
158 175 -1
175 158 -1
158 183 1
183 158 1
158 197 1
197 158 1
158 198 -1
198 158 -1
158 199 1
199 158 1
158 215 -1
215 158 -1
158 217 1
217 158 1
158 238 1
238 158 1
158 241 1
241 158 1
158 273 1
273 158 1
158 291 1
291 158 1
158 296 1
296 158 1
158 335 1
335 158 1
158 346 1
346 158 1
158 349 1
349 158 1
158 397 1
397 158 1
158 403 1
403 158 1
158 406 -1
406 158 -1
158 412 1
412 158 1
158 413 1
413 158 1
158 416 1
416 158 1
158 442 -1
442 158 -1
158 456 1
456 158 1
158 478 1
478 158 1
158 494 1
494 158 1
158 495 1
495 158 1
159 184 1
184 159 1
159 229 -1
229 159 -1
159 246 -1
246 159 -1
159 274 -1
274 159 -1
159 276 -1
276 159 -1
159 390 -1
390 159 -1
159 414 1
414 159 1
159 438 1
438 159 1
159 477 1
477 159 1
160 247 1
247 160 1
160 327 1
327 160 1
160 362 -1
362 160 -1
160 389 1
389 160 1
160 422 1
422 160 1
160 430 1
430 160 1
160 442 -1
442 160 -1
160 444 -1
444 160 -1
160 446 1
446 160 1
160 460 1
460 160 1
160 470 1
470 160 1
160 474 1
474 160 1
160 488 1
488 160 1
161 202 -1
202 161 -1
161 205 -1
205 161 -1
161 212 1
212 161 1
161 226 1
226 161 1
161 269 1
269 161 1
161 284 1
284 161 1
161 293 1
293 161 1
161 304 1
304 161 1
161 306 1
306 161 1
161 330 -1
330 161 -1
161 366 1
366 161 1
161 439 -1
439 161 -1
161 479 1
479 161 1
161 499 1
499 161 1
162 171 1
171 162 1
162 173 1
173 162 1
162 177 1
177 162 1
162 179 1
179 162 1
162 185 1
185 162 1
162 224 1
224 162 1
162 237 1
237 162 1
162 253 1
253 162 1
162 329 -1
329 162 -1
162 396 1
396 162 1
162 424 1
424 162 1
162 450 1
450 162 1
162 474 -1
474 162 -1
163 164 1
164 163 1
163 176 1
176 163 1
163 203 1
203 163 1
163 228 1
228 163 1
163 254 1
254 163 1
163 268 1
268 163 1
163 275 1
275 163 1
163 279 1
279 163 1
163 282 1
282 163 1
163 292 1
292 163 1
163 300 1
300 163 1
163 305 -1
305 163 -1
163 331 1
331 163 1
163 336 1
336 163 1
163 348 1
348 163 1
163 392 1
392 163 1
163 426 1
426 163 1
163 473 1
473 163 1
164 176 1
176 164 1
164 201 1
201 164 1
164 203 1
203 164 1
164 228 1
228 164 1
164 243 1
243 164 1
164 244 1
244 164 1
164 254 1
254 164 1
164 257 1
257 164 1
164 268 1
268 164 1
164 272 1
272 164 1
164 275 -1
275 164 -1
164 282 1
282 164 1
164 292 1
292 164 1
164 300 1
300 164 1
164 305 1
305 164 1
164 331 1
331 164 1
164 348 1
348 164 1
164 401 1
401 164 1
164 426 1
426 164 1
164 439 -1
439 164 -1
164 485 1
485 164 1
165 202 1
202 165 1
165 226 1
226 165 1
165 269 1
269 165 1
165 284 1
284 165 1
165 304 1
304 165 1
165 344 1
344 165 1
165 366 -1
366 165 -1
165 453 1
453 165 1
165 479 1
479 165 1
166 169 1
169 166 1
166 186 1
186 166 1
166 196 1
196 166 1
166 262 1
262 166 1
166 271 1
271 166 1
166 324 -1
324 166 -1
166 358 -1
358 166 -1
166 371 1
371 166 1
166 388 1
388 166 1
166 391 1
391 166 1
166 393 -1
393 166 -1
166 395 1
395 166 1
166 405 1
405 166 1
166 427 1
427 166 1
166 428 1
428 166 1
166 431 1
431 166 1
166 468 1
468 166 1
167 260 1
260 167 1
167 318 1
318 167 1
167 320 1
320 167 1
167 356 1
356 167 1
167 363 1
363 167 1
167 394 1
394 167 1
167 419 1
419 167 1
167 436 1
436 167 1
167 454 -1
454 167 -1
168 242 1
242 168 1
168 343 1
343 168 1
168 372 1
372 168 1
168 400 1
400 168 1
168 455 1
455 168 1
168 475 1
475 168 1
168 489 1
489 168 1
169 186 1
186 169 1
169 196 -1
196 169 -1
169 262 1
262 169 1
169 271 1
271 169 1
169 295 1
295 169 1
169 323 1
323 169 1
169 324 1
324 169 1
169 349 -1
349 169 -1
169 371 1
371 169 1
169 378 1
378 169 1
169 379 1
379 169 1
169 388 1
388 169 1
169 393 1
393 169 1
169 405 1
405 169 1
169 427 1
427 169 1
169 428 1
428 169 1
169 431 1
431 169 1
169 468 1
468 169 1
170 216 1
216 170 1
170 233 1
233 170 1
170 255 1
255 170 1
170 256 -1
256 170 -1
170 278 1
278 170 1
170 330 1
330 170 1
170 347 1
347 170 1
170 361 1
361 170 1
170 381 1
381 170 1
170 398 1
398 170 1
170 448 1
448 170 1
170 492 1
492 170 1
171 177 1
177 171 1
171 185 1
185 171 1
171 424 1
424 171 1
171 431 -1
431 171 -1
171 450 1
450 171 1
172 175 -1
175 172 -1
172 183 1
183 172 1
172 197 1
197 172 1
172 198 1
198 172 1
172 199 -1
199 172 -1
172 217 1
217 172 1
172 238 1
238 172 1
172 241 1
241 172 1
172 273 1
273 172 1
172 291 1
291 172 1
172 296 1
296 172 1
172 312 -1
312 172 -1
172 335 1
335 172 1
172 346 1
346 172 1
172 349 1
349 172 1
172 397 1
397 172 1
172 402 1
402 172 1
172 406 1
406 172 1
172 412 1
412 172 1
172 413 1
413 172 1
172 415 1
415 172 1
172 416 -1
416 172 -1
172 429 1
429 172 1
172 442 1
442 172 1
172 449 1
449 172 1
172 456 1
456 172 1
172 467 -1
467 172 -1
172 493 1
493 172 1
172 494 -1
494 172 -1
172 495 1
495 172 1
173 177 1
177 173 1
173 185 1
185 173 1
173 224 -1
224 173 -1
173 253 1
253 173 1
173 450 1
450 173 1
174 242 1
242 174 1
174 251 1
251 174 1
174 258 1
258 174 1
174 261 1
261 174 1
174 343 1
343 174 1
174 400 -1
400 174 -1
174 407 1
407 174 1
174 423 1
423 174 1
174 435 1
435 174 1
174 455 1
455 174 1
174 461 1
461 174 1
175 183 1
183 175 1
175 197 1
197 175 1
175 198 1
198 175 1
175 199 1
199 175 1
175 202 -1
202 175 -1
175 217 1
217 175 1
175 233 -1
233 175 -1
175 238 -1
238 175 -1
175 241 -1
241 175 -1
175 273 1
273 175 1
175 291 1
291 175 1
175 296 1
296 175 1
175 335 1
335 175 1
175 346 1
346 175 1
175 349 1
349 175 1
175 397 -1
397 175 -1
175 402 1
402 175 1
175 403 1
403 175 1
175 406 1
406 175 1
175 412 -1
412 175 -1
175 413 1
413 175 1
175 415 -1
415 175 -1
175 416 1
416 175 1
175 429 1
429 175 1
175 442 1
442 175 1
175 449 -1
449 175 -1
175 456 1
456 175 1
175 467 1
467 175 1
175 493 1
493 175 1
175 495 1
495 175 1
176 203 -1
203 176 -1
176 244 1
244 176 1
176 275 1
275 176 1
176 404 1
404 176 1
176 459 -1
459 176 -1
176 485 -1
485 176 -1
177 179 1
179 177 1
177 185 1
185 177 1
177 224 1
224 177 1
177 237 1
237 177 1
177 253 1
253 177 1
177 329 1
329 177 1
177 396 1
396 177 1
177 424 1
424 177 1
177 450 -1
450 177 -1
178 195 1
195 178 1
178 215 1
215 178 1
178 315 1
315 178 1
178 319 1
319 178 1
178 355 1
355 178 1
178 364 -1
364 178 -1
179 185 1
185 179 1
179 253 1
253 179 1
179 329 1
329 179 1
179 424 -1
424 179 -1
179 450 1
450 179 1
180 181 1
181 180 1
180 204 1
204 180 1
180 222 1
222 180 1
180 245 -1
245 180 -1
180 288 1
288 180 1
180 464 1
464 180 1
180 484 1
484 180 1
180 497 1
497 180 1
181 182 1
182 181 1
181 204 -1
204 181 -1
181 207 1
207 181 1
181 218 1
218 181 1
181 222 1
222 181 1
181 223 1
223 181 1
181 245 1
245 181 1
181 288 1
288 181 1
181 350 -1
350 181 -1
181 447 1
447 181 1
181 464 -1
464 181 -1
181 466 1
466 181 1
181 484 1
484 181 1
182 207 1
207 182 1
182 223 1
223 182 1
182 245 1
245 182 1
182 311 1
311 182 1
182 346 -1
346 182 -1
182 484 -1
484 182 -1
182 497 1
497 182 1
183 197 1
197 183 1
183 199 1
199 183 1
183 217 -1
217 183 -1
183 238 1
238 183 1
183 291 -1
291 183 -1
183 296 -1
296 183 -1
183 335 1
335 183 1
183 340 -1
340 183 -1
183 341 -1
341 183 -1
183 346 1
346 183 1
183 349 -1
349 183 -1
183 397 1
397 183 1
183 402 1
402 183 1
183 403 1
403 183 1
183 406 1
406 183 1
183 412 1
412 183 1
183 413 1
413 183 1
183 415 1
415 183 1
183 429 1
429 183 1
183 442 1
442 183 1
183 456 1
456 183 1
183 467 1
467 183 1
183 478 1
478 183 1
183 494 1
494 183 1
183 495 1
495 183 1
184 229 1
229 184 1
184 246 1
246 184 1
184 248 -1
248 184 -1
184 274 -1
274 184 -1
184 294 1
294 184 1
184 310 1
310 184 1
184 368 -1
368 184 -1
184 390 1
390 184 1
184 414 1
414 184 1
184 438 1
438 184 1
185 224 1
224 185 1
185 237 1
237 185 1
185 253 1
253 185 1
185 281 1
281 185 1
185 329 1
329 185 1
185 396 1
396 185 1
185 424 1
424 185 1
185 450 -1
450 185 -1
185 451 -1
451 185 -1
186 271 -1
271 186 -1
186 378 1
378 186 1
186 379 1
379 186 1
186 388 1
388 186 1
186 395 1
395 186 1
186 413 1
413 186 1
186 427 1
427 186 1
186 468 1
468 186 1
187 188 1
188 187 1
187 191 1
191 187 1
187 193 1
193 187 1
187 230 1
230 187 1
187 270 1
270 187 1
187 340 1
340 187 1
187 369 -1
369 187 -1
188 191 1
191 188 1
188 193 1
193 188 1
188 230 1
230 188 1
188 270 1
270 188 1
188 314 1
314 188 1
188 365 1
365 188 1
188 367 1
367 188 1
188 369 1
369 188 1
188 382 1
382 188 1
188 433 1
433 188 1
188 481 1
481 188 1
188 498 1
498 188 1
189 202 -1
202 189 -1
189 203 -1
203 189 -1
189 269 1
269 189 1
189 284 1
284 189 1
189 306 1
306 189 1
189 308 -1
308 189 -1
189 392 1
392 189 1
189 453 1
453 189 1
189 479 1
479 189 1
189 499 1
499 189 1
190 216 1
216 190 1
190 233 1
233 190 1
190 246 1
246 190 1
190 249 1
249 190 1
190 255 1
255 190 1
190 256 1
256 190 1
190 285 1
285 190 1
190 330 1
330 190 1
190 337 1
337 190 1
190 347 -1
347 190 -1
190 361 1
361 190 1
190 381 1
381 190 1
190 398 1
398 190 1
190 425 1
425 190 1
190 437 1
437 190 1
190 448 1
448 190 1
190 463 1
463 190 1
190 490 1
490 190 1
190 492 1
492 190 1
191 193 1
193 191 1
191 219 1
219 191 1
191 270 1
270 191 1
191 314 1
314 191 1
191 365 1
365 191 1
191 369 1
369 191 1
191 433 1
433 191 1
192 225 1
225 192 1
192 240 1
240 192 1
192 259 1
259 192 1
192 260 1
260 192 1
192 265 1
265 192 1
192 303 1
303 192 1
192 318 1
318 192 1
192 333 1
333 192 1
192 354 1
354 192 1
192 356 1
356 192 1
192 363 1
363 192 1
192 436 1
436 192 1
192 487 1
487 192 1
193 219 1
219 193 1
193 230 1
230 193 1
193 270 -1
270 193 -1
193 314 1
314 193 1
193 340 1
340 193 1
193 365 1
365 193 1
193 433 1
433 193 1
193 481 1
481 193 1
193 497 -1
497 193 -1
193 498 1
498 193 1
194 203 1
203 194 1
194 228 1
228 194 1
194 254 1
254 194 1
194 272 1
272 194 1
194 348 1
348 194 1
194 353 -1
353 194 -1
194 485 -1
485 194 -1
195 200 1
200 195 1
195 208 -1
208 195 -1
195 253 -1
253 195 -1
195 287 1
287 195 1
195 289 1
289 195 1
195 315 1
315 195 1
195 319 1
319 195 1
195 355 1
355 195 1
195 357 1
357 195 1
195 358 1
358 195 1
195 364 1
364 195 1
195 376 1
376 195 1
195 385 1
385 195 1
195 386 1
386 195 1
195 409 1
409 195 1
195 459 1
459 195 1
195 500 1
500 195 1
196 262 -1
262 196 -1
196 271 1
271 196 1
196 324 1
324 196 1
196 333 -1
333 196 -1
196 388 1
388 196 1
196 393 1
393 196 1
196 395 1
395 196 1
196 405 1
405 196 1
196 428 1
428 196 1
197 199 -1
199 197 -1
197 217 1
217 197 1
197 238 -1
238 197 -1
197 241 1
241 197 1
197 291 1
291 197 1
197 296 -1
296 197 -1
197 349 -1
349 197 -1
197 397 1
397 197 1
197 402 1
402 197 1
197 406 1
406 197 1
197 412 1
412 197 1
197 413 -1
413 197 -1
197 416 1
416 197 1
197 429 -1
429 197 -1
197 442 1
442 197 1
197 449 -1
449 197 -1
197 493 1
493 197 1
197 494 1
494 197 1
198 238 1
238 198 1
198 241 -1
241 198 -1
198 335 1
335 198 1
198 346 1
346 198 1
198 406 1
406 198 1
198 413 1
413 198 1
199 217 1
217 199 1
199 238 -1
238 199 -1
199 241 1
241 199 1
199 273 -1
273 199 -1
199 291 1
291 199 1
199 296 1
296 199 1
199 346 -1
346 199 -1
199 349 1
349 199 1
199 397 1
397 199 1
199 402 1
402 199 1
199 403 1
403 199 1
199 406 1
406 199 1
199 412 1
412 199 1
199 413 1
413 199 1
199 415 1
415 199 1
199 422 -1
422 199 -1
199 449 1
449 199 1
199 467 1
467 199 1
199 469 1
469 199 1
199 493 1
493 199 1
199 495 1
495 199 1
200 208 1
208 200 1
200 211 1
211 200 1
200 215 -1
215 200 -1
200 221 1
221 200 1
200 263 1
263 200 1
200 287 1
287 200 1
200 289 1
289 200 1
200 309 1
309 200 1
200 315 1
315 200 1
200 319 1
319 200 1
200 321 1
321 200 1
200 332 -1
332 200 -1
200 357 1
357 200 1
200 358 1
358 200 1
200 364 1
364 200 1
200 373 1
373 200 1
200 376 1
376 200 1
200 381 -1
381 200 -1
200 385 1
385 200 1
200 386 1
386 200 1
200 399 -1
399 200 -1
200 409 1
409 200 1
200 459 1
459 200 1
200 462 -1
462 200 -1
201 203 1
203 201 1
201 228 1
228 201 1
201 243 -1
243 201 -1
201 254 1
254 201 1
201 257 1
257 201 1
201 268 1
268 201 1
201 272 1
272 201 1
201 275 1
275 201 1
201 279 1
279 201 1
201 282 -1
282 201 -1
201 300 1
300 201 1
201 336 1
336 201 1
201 404 1
404 201 1
201 409 -1
409 201 -1
201 426 1
426 201 1
201 434 1
434 201 1
201 473 -1
473 201 -1
201 485 1
485 201 1
201 486 1
486 201 1
202 212 1
212 202 1
202 226 1
226 202 1
202 269 -1
269 202 -1
202 284 1
284 202 1
202 293 1
293 202 1
202 297 1
297 202 1
202 304 1
304 202 1
202 306 -1
306 202 -1
202 308 1
308 202 1
202 366 1
366 202 1
202 453 1
453 202 1
202 479 1
479 202 1
203 228 1
228 203 1
203 243 1
243 203 1
203 244 1
244 203 1
203 254 1
254 203 1
203 257 1
257 203 1
203 268 1
268 203 1
203 272 1
272 203 1
203 275 -1
275 203 -1
203 279 1
279 203 1
203 282 -1
282 203 -1
203 292 1
292 203 1
203 300 1
300 203 1
203 305 1
305 203 1
203 316 1
316 203 1
203 331 1
331 203 1
203 336 1
336 203 1
203 348 1
348 203 1
203 392 1
392 203 1
203 401 1
401 203 1
203 404 1
404 203 1
203 426 -1
426 203 -1
203 434 1
434 203 1
203 473 1
473 203 1
203 485 1
485 203 1
203 486 1
486 203 1
204 207 1
207 204 1
204 218 1
218 204 1
204 222 1
222 204 1
204 245 -1
245 204 -1
204 484 1
484 204 1
204 497 1
497 204 1
205 212 1
212 205 1
205 284 1
284 205 1
205 308 1
308 205 1
205 366 1
366 205 1
205 479 1
479 205 1
206 214 1
214 206 1
206 239 -1
239 206 -1
206 250 -1
250 206 -1
206 277 1
277 206 1
206 281 1
281 206 1
206 334 1
334 206 1
206 345 1
345 206 1
206 350 1
350 206 1
206 365 -1
365 206 -1
206 384 1
384 206 1
206 418 1
418 206 1
206 440 1
440 206 1
206 445 1
445 206 1
206 483 1
483 206 1
207 245 1
245 207 1
207 288 1
288 207 1
207 447 1
447 207 1
207 464 1
464 207 1
207 466 1
466 207 1
207 497 -1
497 207 -1
208 215 1
215 208 1
208 221 1
221 208 1
208 263 1
263 208 1
208 287 1
287 208 1
208 289 1
289 208 1
208 307 1
307 208 1
208 315 1
315 208 1
208 343 -1
343 208 -1
208 355 1
355 208 1
208 357 1
357 208 1
208 364 1
364 208 1
208 376 1
376 208 1
208 385 1
385 208 1
208 386 1
386 208 1
208 399 1
399 208 1
208 409 1
409 208 1
208 458 1
458 208 1
208 459 -1
459 208 -1
208 462 1
462 208 1
209 214 1
214 209 1
209 281 1
281 209 1
209 290 -1
290 209 -1
209 338 1
338 209 1
209 345 1
345 209 1
209 350 1
350 209 1
209 379 -1
379 209 -1
209 418 1
418 209 1
209 445 1
445 209 1
209 483 1
483 209 1
210 214 -1
214 210 -1
210 281 1
281 210 1
210 345 1
345 210 1
210 384 1
384 210 1
210 418 1
418 210 1
210 445 1
445 210 1
210 483 1
483 210 1
211 252 1
252 211 1
211 263 1
263 211 1
211 315 1
315 211 1
211 319 1
319 211 1
211 357 1
357 211 1
211 364 -1
364 211 -1
211 459 1
459 211 1
212 213 1
213 212 1
212 226 1
226 212 1
212 284 1
284 212 1
212 297 1
297 212 1
212 306 -1
306 212 -1
212 328 1
328 212 1
212 344 1
344 212 1
212 479 1
479 212 1
212 499 1
499 212 1
213 226 -1
226 213 -1
213 284 -1
284 213 -1
213 293 1
293 213 1
214 220 1
220 214 1
214 231 1
231 214 1
214 234 -1
234 214 -1
214 235 1
235 214 1
214 239 1
239 214 1
214 250 1
250 214 1
214 277 -1
277 214 -1
214 281 1
281 214 1
214 286 1
286 214 1
214 290 1
290 214 1
214 302 1
302 214 1
214 334 1
334 214 1
214 339 1
339 214 1
214 342 1
342 214 1
214 345 1
345 214 1
214 350 1
350 214 1
214 351 1
351 214 1
214 380 -1
380 214 -1
214 383 1
383 214 1
214 384 -1
384 214 -1
214 410 1
410 214 1
214 411 1
411 214 1
214 418 1
418 214 1
214 440 1
440 214 1
214 443 1
443 214 1
214 445 1
445 214 1
214 465 1
465 214 1
214 469 1
469 214 1
214 472 1
472 214 1
214 483 1
483 214 1
214 496 1
496 214 1
214 500 1
500 214 1
215 221 1
221 215 1
215 252 1
252 215 1
215 263 1
263 215 1
215 287 1
287 215 1
215 289 -1
289 215 -1
215 315 1
315 215 1
215 319 1
319 215 1
215 341 -1
341 215 -1
215 356 -1
356 215 -1
215 357 1
357 215 1
215 358 1
358 215 1
215 364 1
364 215 1
215 373 1
373 215 1
215 376 1
376 215 1
215 385 -1
385 215 -1
215 386 1
386 215 1
215 408 1
408 215 1
215 409 1
409 215 1
215 459 1
459 215 1
216 233 1
233 216 1
216 238 1
238 216 1
216 249 1
249 216 1
216 283 1
283 216 1
216 298 1
298 216 1
216 313 1
313 216 1
216 330 -1
330 216 -1
216 337 1
337 216 1
216 338 1
338 216 1
216 347 1
347 216 1
216 370 1
370 216 1
216 375 1
375 216 1
216 381 1
381 216 1
216 425 1
425 216 1
216 437 1
437 216 1
216 441 1
441 216 1
216 448 1
448 216 1
216 463 1
463 216 1
216 464 -1
464 216 -1
216 492 -1
492 216 -1
217 238 1
238 217 1
217 241 1
241 217 1
217 273 1
273 217 1
217 291 1
291 217 1
217 406 1
406 217 1
217 413 -1
413 217 -1
217 415 1
415 217 1
217 456 -1
456 217 -1
217 461 -1
461 217 -1
218 245 1
245 218 1
218 288 1
288 218 1
218 484 -1
484 218 -1
218 497 -1
497 218 -1
219 230 -1
230 219 -1
219 270 1
270 219 1
219 340 1
340 219 1
219 365 1
365 219 1
219 369 -1
369 219 -1
219 382 1
382 219 1
219 433 1
433 219 1
219 445 -1
445 219 -1
219 481 -1
481 219 -1
219 498 1
498 219 1
220 250 1
250 220 1
220 345 1
345 220 1
220 350 -1
350 220 -1
220 384 1
384 220 1
220 418 -1
418 220 -1
220 440 1
440 220 1
220 445 1
445 220 1
220 483 1
483 220 1
221 241 -1
241 221 -1
221 287 -1
287 221 -1
221 289 1
289 221 1
221 315 1
315 221 1
221 322 1
322 221 1
221 357 1
357 221 1
221 358 1
358 221 1
221 364 1
364 221 1
221 376 1
376 221 1
221 385 1
385 221 1
221 399 1
399 221 1
221 459 1
459 221 1
222 464 -1
464 222 -1
222 466 1
466 222 1
222 484 -1
484 222 -1
222 497 1
497 222 1
223 245 1
245 223 1
223 288 -1
288 223 -1
223 464 1
464 223 1
223 484 1
484 223 1
223 497 1
497 223 1
224 396 1
396 224 1
224 450 1
450 224 1
225 259 -1
259 225 -1
225 260 1
260 225 1
225 318 1
318 225 1
225 320 1
320 225 1
225 353 -1
353 225 -1
225 356 1
356 225 1
225 454 1
454 225 1
225 487 1
487 225 1
226 269 1
269 226 1
226 284 1
284 226 1
226 306 -1
306 226 -1
226 479 1
479 226 1
227 249 1
249 227 1
227 330 1
330 227 1
227 359 -1
359 227 -1
227 381 1
381 227 1
227 398 -1
398 227 -1
227 448 1
448 227 1
227 492 1
492 227 1
228 244 1
244 228 1
228 254 1
254 228 1
228 268 1
268 228 1
228 275 1
275 228 1
228 279 1
279 228 1
228 282 1
282 228 1
228 300 1
300 228 1
228 305 1
305 228 1
228 316 1
316 228 1
228 331 -1
331 228 -1
228 336 1
336 228 1
228 348 1
348 228 1
228 392 -1
392 228 -1
228 401 1
401 228 1
228 403 -1
403 228 -1
228 426 1
426 228 1
228 473 1
473 228 1
229 246 1
246 229 1
229 248 1
248 229 1
229 274 1
274 229 1
229 276 1
276 229 1
229 310 1
310 229 1
229 317 1
317 229 1
229 326 1
326 229 1
229 385 1
385 229 1
229 390 -1
390 229 -1
229 414 1
414 229 1
229 438 1
438 229 1
229 452 1
452 229 1
229 477 1
477 229 1
230 270 1
270 230 1
230 314 -1
314 230 -1
230 340 1
340 230 1
230 367 1
367 230 1
230 382 1
382 230 1
230 481 1
481 230 1
231 281 -1
281 231 -1
231 350 -1
350 231 -1
231 351 1
351 231 1
231 384 -1
384 231 -1
231 418 1
418 231 1
231 440 1
440 231 1
231 443 1
443 231 1
231 445 1
445 231 1
231 483 1
483 231 1
231 500 -1
500 231 -1
232 247 1
247 232 1
232 422 1
422 232 1
232 425 -1
425 232 -1
232 446 1
446 232 1
232 457 1
457 232 1
232 460 -1
460 232 -1
232 470 1
470 232 1
232 474 -1
474 232 -1
232 488 1
488 232 1
233 245 -1
245 233 -1
233 249 1
249 233 1
233 255 -1
255 233 -1
233 256 1
256 233 1
233 264 -1
264 233 -1
233 278 1
278 233 1
233 330 1
330 233 1
233 337 1
337 233 1
233 338 1
338 233 1
233 361 1
361 233 1
233 370 1
370 233 1
233 375 1
375 233 1
233 381 1
381 233 1
233 387 1
387 233 1
233 398 1
398 233 1
233 425 1
425 233 1
233 437 -1
437 233 -1
233 448 1
448 233 1
233 451 1
451 233 1
233 463 1
463 233 1
233 490 1
490 233 1
233 492 1
492 233 1
234 281 1
281 234 1
234 345 1
345 234 1
234 350 1
350 234 1
234 351 1
351 234 1
234 418 1
418 234 1
234 445 1
445 234 1
235 281 1
281 235 1
235 345 1
345 235 1
235 350 1
350 235 1
235 384 1
384 235 1
235 418 1
418 235 1
235 445 1
445 235 1
235 465 1
465 235 1
235 483 1
483 235 1
236 263 1
263 236 1
236 289 1
289 236 1
236 315 1
315 236 1
236 357 1
357 236 1
236 385 1
385 236 1
236 459 1
459 236 1
236 468 -1
468 236 -1
237 302 -1
302 237 -1
238 241 1
241 238 1
238 291 1
291 238 1
238 296 1
296 238 1
238 331 -1
331 238 -1
238 335 1
335 238 1
238 346 1
346 238 1
238 349 -1
349 238 -1
238 402 1
402 238 1
238 403 1
403 238 1
238 406 1
406 238 1
238 412 1
412 238 1
238 413 1
413 238 1
238 416 -1
416 238 -1
238 442 1
442 238 1
238 456 1
456 238 1
238 493 1
493 238 1
238 495 1
495 238 1
239 250 1
250 239 1
239 277 -1
277 239 -1
239 281 1
281 239 1
239 350 1
350 239 1
239 351 1
351 239 1
239 384 -1
384 239 -1
239 418 1
418 239 1
239 445 1
445 239 1
239 472 1
472 239 1
239 500 1
500 239 1
240 259 1
259 240 1
240 260 -1
260 240 -1
240 318 1
318 240 1
240 320 1
320 240 1
240 325 1
325 240 1
240 333 1
333 240 1
240 354 1
354 240 1
240 356 1
356 240 1
240 363 1
363 240 1
240 394 1
394 240 1
240 448 -1
448 240 -1
240 454 1
454 240 1
240 487 -1
487 240 -1
241 291 1
291 241 1
241 296 1
296 241 1
241 335 1
335 241 1
241 346 -1
346 241 -1
241 406 1
406 241 1
241 412 1
412 241 1
241 413 1
413 241 1
241 416 1
416 241 1
241 429 1
429 241 1
241 449 1
449 241 1
241 467 1
467 241 1
241 478 1
478 241 1
242 251 1
251 242 1
242 258 1
258 242 1
242 261 1
261 242 1
242 301 1
301 242 1
242 343 1
343 242 1
242 371 -1
371 242 -1
242 372 1
372 242 1
242 400 1
400 242 1
242 421 1
421 242 1
242 423 1
423 242 1
242 455 1
455 242 1
242 475 1
475 242 1
242 489 -1
489 242 -1
243 254 1
254 243 1
243 268 1
268 243 1
243 272 1
272 243 1
243 275 1
275 243 1
243 279 -1
279 243 -1
243 282 1
282 243 1
243 300 -1
300 243 -1
243 345 -1
345 243 -1
243 401 1
401 243 1
243 434 1
434 243 1
244 268 1
268 244 1
244 331 1
331 244 1
244 426 1
426 244 1
244 473 1
473 244 1
245 288 1
288 245 1
245 464 1
464 245 1
245 466 1
466 245 1
245 484 -1
484 245 -1
245 497 1
497 245 1
246 248 1
248 246 1
246 274 1
274 246 1
246 276 -1
276 246 -1
246 310 1
310 246 1
246 317 1
317 246 1
246 390 1
390 246 1
246 414 1
414 246 1
246 438 1
438 246 1
246 452 1
452 246 1
246 477 -1
477 246 -1
247 266 1
266 247 1
247 327 1
327 247 1
247 389 -1
389 247 -1
247 457 1
457 247 1
247 460 -1
460 247 -1
247 470 1
470 247 1
247 488 1
488 247 1
248 317 -1
317 248 -1
248 368 -1
368 248 -1
248 390 -1
390 248 -1
248 414 1
414 248 1
248 438 1
438 248 1
248 452 1
452 248 1
248 477 1
477 248 1
249 255 1
255 249 1
249 285 -1
285 249 -1
249 298 1
298 249 1
249 299 1
299 249 1
249 313 1
313 249 1
249 330 1
330 249 1
249 338 1
338 249 1
249 347 1
347 249 1
249 361 1
361 249 1
249 375 1
375 249 1
249 381 1
381 249 1
249 387 1
387 249 1
249 398 1
398 249 1
249 425 1
425 249 1
249 437 1
437 249 1
249 448 1
448 249 1
249 463 1
463 249 1
249 490 1
490 249 1
249 492 1
492 249 1
250 269 -1
269 250 -1
250 277 1
277 250 1
250 281 1
281 250 1
250 290 1
290 250 1
250 302 -1
302 250 -1
250 334 1
334 250 1
250 339 1
339 250 1
250 345 1
345 250 1
250 350 1
350 250 1
250 351 1
351 250 1
250 383 -1
383 250 -1
250 384 1
384 250 1
250 418 1
418 250 1
250 426 -1
426 250 -1
250 440 1
440 250 1
250 443 1
443 250 1
250 445 1
445 250 1
250 465 1
465 250 1
250 469 1
469 250 1
250 472 1
472 250 1
250 483 1
483 250 1
250 496 1
496 250 1
251 261 -1
261 251 -1
251 352 1
352 251 1
251 360 1
360 251 1
251 400 1
400 251 1
251 407 1
407 251 1
251 423 1
423 251 1
251 435 -1
435 251 -1
251 455 1
455 251 1
252 289 -1
289 252 -1
252 315 1
315 252 1
252 357 1
357 252 1
252 358 1
358 252 1
252 364 1
364 252 1
252 385 1
385 252 1
252 386 1
386 252 1
252 412 -1
412 252 -1
252 459 1
459 252 1
253 396 1
396 253 1
253 450 1
450 253 1
254 257 1
257 254 1
254 268 1
268 254 1
254 275 1
275 254 1
254 279 1
279 254 1
254 282 1
282 254 1
254 292 -1
292 254 -1
254 300 1
300 254 1
254 305 1
305 254 1
254 331 1
331 254 1
254 348 1
348 254 1
254 392 1
392 254 1
254 401 1
401 254 1
254 426 1
426 254 1
254 448 1
448 254 1
254 473 1
473 254 1
254 486 1
486 254 1
255 330 1
330 255 1
255 375 1
375 255 1
255 381 1
381 255 1
255 398 1
398 255 1
255 483 -1
483 255 -1
255 490 1
490 255 1
255 492 1
492 255 1
256 330 1
330 256 1
256 335 -1
335 256 -1
256 338 1
338 256 1
256 370 1
370 256 1
256 398 1
398 256 1
256 437 1
437 256 1
256 448 1
448 256 1
256 492 -1
492 256 -1
257 268 1
268 257 1
257 272 1
272 257 1
257 279 1
279 257 1
257 282 1
282 257 1
257 292 1
292 257 1
257 300 1
300 257 1
257 305 1
305 257 1
257 316 -1
316 257 -1
257 331 1
331 257 1
257 348 1
348 257 1
257 404 1
404 257 1
257 486 1
486 257 1
258 261 1
261 258 1
258 301 1
301 258 1
258 343 -1
343 258 -1
258 352 1
352 258 1
258 360 1
360 258 1
258 372 -1
372 258 -1
258 400 1
400 258 1
258 407 1
407 258 1
258 423 1
423 258 1
258 435 1
435 258 1
258 455 1
455 258 1
258 461 1
461 258 1
258 471 1
471 258 1
258 475 1
475 258 1
258 476 1
476 258 1
258 480 1
480 258 1
258 489 -1
489 258 -1
259 260 -1
260 259 -1
259 275 -1
275 259 -1
259 318 1
318 259 1
259 356 1
356 259 1
259 436 1
436 259 1
259 487 1
487 259 1
260 280 -1
280 260 -1
260 303 1
303 260 1
260 304 -1
304 260 -1
260 318 1
318 260 1
260 320 1
320 260 1
260 325 1
325 260 1
260 332 1
332 260 1
260 333 1
333 260 1
260 353 -1
353 260 -1
260 354 1
354 260 1
260 356 1
356 260 1
260 359 1
359 260 1
260 363 1
363 260 1
260 394 1
394 260 1
260 419 1
419 260 1
260 436 1
436 260 1
260 454 -1
454 260 -1
260 487 1
487 260 1
261 301 -1
301 261 -1
261 343 1
343 261 1
261 352 1
352 261 1
261 372 1
372 261 1
261 400 -1
400 261 -1
261 407 1
407 261 1
261 421 -1
421 261 -1
261 455 -1
455 261 -1
261 461 1
461 261 1
261 471 1
471 261 1
261 489 1
489 261 1
261 491 1
491 261 1
262 271 1
271 262 1
262 295 1
295 262 1
262 323 1
323 262 1
262 324 1
324 262 1
262 388 1
388 262 1
262 393 1
393 262 1
262 395 -1
395 262 -1
263 267 1
267 263 1
263 287 1
287 263 1
263 289 1
289 263 1
263 307 1
307 263 1
263 315 -1
315 263 -1
263 319 1
319 263 1
263 322 1
322 263 1
263 341 1
341 263 1
263 355 1
355 263 1
263 357 1
357 263 1
263 358 1
358 263 1
263 364 1
364 263 1
263 376 1
376 263 1
263 385 1
385 263 1
263 386 -1
386 263 -1
263 409 1
409 263 1
263 445 -1
445 263 -1
263 458 -1
458 263 -1
263 459 1
459 263 1
263 484 -1
484 263 -1
264 330 1
330 264 1
264 337 1
337 264 1
264 361 1
361 264 1
264 387 1
387 264 1
264 398 -1
398 264 -1
264 441 1
441 264 1
264 448 1
448 264 1
264 492 1
492 264 1
265 325 -1
325 265 -1
265 356 1
356 265 1
265 363 1
363 265 1
265 487 1
487 265 1
266 327 1
327 266 1
266 389 -1
389 266 -1
266 432 1
432 266 1
266 444 1
444 266 1
266 457 1
457 266 1
266 470 1
470 266 1
266 488 1
488 266 1
267 289 1
289 267 1
267 298 -1
298 267 -1
267 319 1
319 267 1
267 358 1
358 267 1
267 364 -1
364 267 -1
267 409 1
409 267 1
267 459 1
459 267 1
268 272 1
272 268 1
268 282 -1
282 268 -1
268 300 1
300 268 1
268 327 1
327 268 1
268 331 1
331 268 1
268 348 1
348 268 1
268 401 1
401 268 1
268 404 1
404 268 1
268 426 1
426 268 1
268 485 -1
485 268 -1
268 486 1
486 268 1
269 284 1
284 269 1
269 306 1
306 269 1
269 479 1
479 269 1
269 499 1
499 269 1
270 314 1
314 270 1
270 337 -1
337 270 -1
270 365 1
365 270 1
270 369 1
369 270 1
270 382 1
382 270 1
270 433 1
433 270 1
270 481 -1
481 270 -1
270 498 1
498 270 1
271 295 1
295 271 1
271 323 1
323 271 1
271 378 1
378 271 1
271 379 1
379 271 1
271 388 1
388 271 1
271 391 -1
391 271 -1
271 393 -1
393 271 -1
271 395 1
395 271 1
271 405 1
405 271 1
271 428 1
428 271 1
271 431 1
431 271 1
271 468 1
468 271 1
272 279 1
279 272 1
272 282 1
282 272 1
272 331 1
331 272 1
272 392 1
392 272 1
272 434 1
434 272 1
273 335 1
335 273 1
273 413 1
413 273 1
273 467 1
467 273 1
274 276 1
276 274 1
274 310 1
310 274 1
274 317 1
317 274 1
274 326 1
326 274 1
274 368 1
368 274 1
274 390 1
390 274 1
274 414 1
414 274 1
274 427 -1
427 274 -1
274 477 1
477 274 1
275 279 -1
279 275 -1
275 282 1
282 275 1
275 292 1
292 275 1
275 305 1
305 275 1
275 331 -1
331 275 -1
275 374 -1
374 275 -1
275 392 1
392 275 1
275 401 1
401 275 1
275 426 1
426 275 1
275 485 1
485 275 1
275 486 1
486 275 1
276 310 1
310 276 1
276 326 -1
326 276 -1
276 390 1
390 276 1
276 414 1
414 276 1
276 438 1
438 276 1
276 452 1
452 276 1
276 477 1
477 276 1
277 281 1
281 277 1
277 286 -1
286 277 -1
277 334 1
334 277 1
277 345 1
345 277 1
277 350 1
350 277 1
277 351 1
351 277 1
277 384 1
384 277 1
277 418 -1
418 277 -1
277 440 1
440 277 1
277 443 1
443 277 1
277 445 1
445 277 1
277 465 1
465 277 1
277 472 -1
472 277 -1
277 483 1
483 277 1
278 330 1
330 278 1
278 338 1
338 278 1
278 361 1
361 278 1
278 448 1
448 278 1
279 282 1
282 279 1
279 292 1
292 279 1
279 305 1
305 279 1
279 331 1
331 279 1
279 335 -1
335 279 -1
279 374 1
374 279 1
279 401 1
401 279 1
279 486 1
486 279 1
280 318 -1
318 280 -1
280 356 1
356 280 1
280 363 1
363 280 1
280 394 1
394 280 1
280 454 1
454 280 1
280 467 -1
467 280 -1
280 487 1
487 280 1
281 286 -1
286 281 -1
281 290 1
290 281 1
281 302 1
302 281 1
281 334 1
334 281 1
281 342 1
342 281 1
281 345 -1
345 281 -1
281 350 -1
350 281 -1
281 351 1
351 281 1
281 380 1
380 281 1
281 383 1
383 281 1
281 384 1
384 281 1
281 391 -1
391 281 -1
281 410 1
410 281 1
281 411 1
411 281 1
281 418 1
418 281 1
281 440 1
440 281 1
281 443 1
443 281 1
281 445 1
445 281 1
281 465 1
465 281 1
281 483 1
483 281 1
281 500 -1
500 281 -1
282 292 1
292 282 1
282 300 1
300 282 1
282 305 1
305 282 1
282 331 1
331 282 1
282 336 1
336 282 1
282 348 -1
348 282 -1
282 374 -1
374 282 -1
282 388 -1
388 282 -1
282 392 1
392 282 1
282 400 -1
400 282 -1
282 401 1
401 282 1
282 404 1
404 282 1
282 426 1
426 282 1
282 473 1
473 282 1
282 486 -1
486 282 -1
283 330 -1
330 283 -1
283 398 -1
398 283 -1
283 448 1
448 283 1
284 293 1
293 284 1
284 297 1
297 284 1
284 304 1
304 284 1
284 306 1
306 284 1
284 308 1
308 284 1
284 312 1
312 284 1
284 328 1
328 284 1
284 344 1
344 284 1
284 366 1
366 284 1
284 439 1
439 284 1
284 453 1
453 284 1
284 479 -1
479 284 -1
284 492 -1
492 284 -1
284 499 1
499 284 1
285 330 1
330 285 1
285 338 1
338 285 1
285 361 1
361 285 1
285 398 1
398 285 1
285 448 1
448 285 1
285 463 1
463 285 1
285 492 1
492 285 1
286 334 1
334 286 1
286 345 -1
345 286 -1
286 350 1
350 286 1
286 384 1
384 286 1
286 410 1
410 286 1
286 418 1
418 286 1
286 440 -1
440 286 -1
286 445 1
445 286 1
286 483 1
483 286 1
286 488 -1
488 286 -1
286 500 1
500 286 1
287 289 1
289 287 1
287 315 1
315 287 1
287 319 1
319 287 1
287 357 1
357 287 1
287 358 -1
358 287 -1
287 364 1
364 287 1
287 385 -1
385 287 -1
287 386 1
386 287 1
287 394 -1
394 287 -1
287 399 1
399 287 1
287 409 1
409 287 1
287 420 -1
420 287 -1
287 459 1
459 287 1
287 462 1
462 287 1
288 311 1
311 288 1
288 317 -1
317 288 -1
288 351 -1
351 288 -1
288 447 1
447 288 1
288 484 1
484 288 1
288 497 1
497 288 1
289 315 1
315 289 1
289 319 1
319 289 1
289 321 1
321 289 1
289 341 1
341 289 1
289 355 1
355 289 1
289 357 1
357 289 1
289 358 1
358 289 1
289 364 -1
364 289 -1
289 376 1
376 289 1
289 384 -1
384 289 -1
289 385 1
385 289 1
289 386 1
386 289 1
289 399 -1
399 289 -1
289 408 1
408 289 1
289 409 1
409 289 1
289 458 1
458 289 1
289 459 1
459 289 1
289 482 1
482 289 1
289 486 -1
486 289 -1
290 334 1
334 290 1
290 345 1
345 290 1
290 350 1
350 290 1
290 351 1
351 290 1
290 384 1
384 290 1
290 418 1
418 290 1
290 440 1
440 290 1
290 445 1
445 290 1
290 472 1
472 290 1
290 483 1
483 290 1
290 500 1
500 290 1
291 296 1
296 291 1
291 346 1
346 291 1
291 349 1
349 291 1
291 406 -1
406 291 -1
291 413 1
413 291 1
291 415 1
415 291 1
291 442 1
442 291 1
292 300 -1
300 292 -1
292 305 1
305 292 1
292 331 1
331 292 1
292 348 -1
348 292 -1
292 404 1
404 292 1
292 475 -1
475 292 -1
293 308 1
308 293 1
293 312 1
312 293 1
293 366 1
366 293 1
293 479 1
479 293 1
294 305 -1
305 294 -1
294 310 1
310 294 1
294 317 1
317 294 1
294 368 1
368 294 1
294 390 1
390 294 1
294 414 1
414 294 1
294 438 1
438 294 1
294 452 -1
452 294 -1
295 378 1
378 295 1
295 379 1
379 295 1
295 388 1
388 295 1
295 427 -1
427 295 -1
295 468 1
468 295 1
296 346 1
346 296 1
296 360 -1
360 296 -1
296 402 1
402 296 1
296 406 1
406 296 1
296 413 1
413 296 1
296 416 1
416 296 1
296 430 -1
430 296 -1
296 442 1
442 296 1
296 449 1
449 296 1
296 456 1
456 296 1
296 467 1
467 296 1
296 495 1
495 296 1
297 304 -1
304 297 -1
297 306 1
306 297 1
297 366 1
366 297 1
297 479 1
479 297 1
298 330 -1
330 298 -1
298 337 1
337 298 1
298 398 1
398 298 1
298 448 1
448 298 1
299 330 1
330 299 1
299 398 1
398 299 1
299 448 1
448 299 1
299 490 1
490 299 1
300 305 1
305 300 1
300 316 1
316 300 1
300 324 -1
324 300 -1
300 331 1
331 300 1
300 348 1
348 300 1
300 387 1
387 300 1
300 392 1
392 300 1
300 401 -1
401 300 -1
300 404 1
404 300 1
300 473 -1
473 300 -1
301 319 -1
319 301 -1
301 343 1
343 301 1
301 400 -1
400 301 -1
301 407 1
407 301 1
301 417 -1
417 301 -1
301 423 -1
423 301 -1
301 435 1
435 301 1
301 455 1
455 301 1
301 461 1
461 301 1
301 476 1
476 301 1
301 489 1
489 301 1
301 491 1
491 301 1
302 345 1
345 302 1
302 350 1
350 302 1
302 351 -1
351 302 -1
302 384 1
384 302 1
302 418 1
418 302 1
302 440 1
440 302 1
302 443 1
443 302 1
302 445 -1
445 302 -1
302 472 1
472 302 1
303 325 1
325 303 1
303 352 -1
352 303 -1
303 354 1
354 303 1
303 356 1
356 303 1
303 377 1
377 303 1
303 487 1
487 303 1
304 312 1
312 304 1
304 366 1
366 304 1
304 479 1
479 304 1
305 331 1
331 305 1
305 336 -1
336 305 -1
305 348 1
348 305 1
305 401 1
401 305 1
305 404 1
404 305 1
305 434 1
434 305 1
305 473 1
473 305 1
305 485 1
485 305 1
305 486 1
486 305 1
306 344 1
344 306 1
306 479 -1
479 306 -1
307 319 1
319 307 1
307 358 1
358 307 1
307 364 1
364 307 1
307 385 1
385 307 1
307 409 1
409 307 1
308 472 -1
472 308 -1
308 479 -1
479 308 -1
309 315 1
315 309 1
309 319 1
319 309 1
309 322 1
322 309 1
309 364 1
364 309 1
309 385 -1
385 309 -1
309 399 1
399 309 1
310 367 -1
367 310 -1
310 414 1
414 310 1
310 438 1
438 310 1
311 358 -1
358 311 -1
311 484 1
484 311 1
311 497 1
497 311 1
312 328 1
328 312 1
312 366 1
366 312 1
312 453 -1
453 312 -1
312 479 1
479 312 1
313 330 1
330 313 1
313 347 1
347 313 1
313 361 1
361 313 1
313 398 1
398 313 1
313 448 1
448 313 1
314 340 -1
340 314 -1
314 365 1
365 314 1
314 367 1
367 314 1
314 369 1
369 314 1
314 382 -1
382 314 -1
314 433 1
433 314 1
314 481 -1
481 314 -1
314 498 1
498 314 1
315 319 1
319 315 1
315 321 -1
321 315 -1
315 322 1
322 315 1
315 341 1
341 315 1
315 355 1
355 315 1
315 357 1
357 315 1
315 358 1
358 315 1
315 364 -1
364 315 -1
315 373 -1
373 315 -1
315 385 1
385 315 1
315 386 1
386 315 1
315 399 -1
399 315 -1
315 408 1
408 315 1
315 409 1
409 315 1
315 416 1
416 315 1
315 420 1
420 315 1
315 458 1
458 315 1
315 459 1
459 315 1
315 462 1
462 315 1
315 482 1
482 315 1
316 331 1
331 316 1
316 401 1
401 316 1
317 326 1
326 317 1
317 368 1
368 317 1
317 414 1
414 317 1
317 477 -1
477 317 -1
318 320 1
320 318 1
318 325 -1
325 318 -1
318 332 1
332 318 1
318 333 1
333 318 1
318 353 1
353 318 1
318 354 -1
354 318 -1
318 356 1
356 318 1
318 363 1
363 318 1
318 394 1
394 318 1
318 419 -1
419 318 -1
318 436 1
436 318 1
318 454 1
454 318 1
318 487 1
487 318 1
319 321 1
321 319 1
319 322 1
322 319 1
319 355 1
355 319 1
319 357 1
357 319 1
319 364 1
364 319 1
319 373 1
373 319 1
319 376 -1
376 319 -1
319 385 1
385 319 1
319 386 1
386 319 1
319 399 1
399 319 1
319 408 1
408 319 1
319 409 1
409 319 1
319 459 1
459 319 1
319 482 1
482 319 1
319 483 -1
483 319 -1
320 333 1
333 320 1
320 355 -1
355 320 -1
320 356 1
356 320 1
320 363 1
363 320 1
320 394 1
394 320 1
320 454 1
454 320 1
320 487 1
487 320 1
321 322 1
322 321 1
321 357 -1
357 321 -1
321 358 1
358 321 1
321 364 1
364 321 1
321 409 1
409 321 1
321 458 1
458 321 1
322 323 -1
323 322 -1
322 357 1
357 322 1
322 364 1
364 322 1
322 385 1
385 322 1
322 458 -1
458 322 -1
322 459 1
459 322 1
323 324 1
324 323 1
323 371 1
371 323 1
323 388 1
388 323 1
323 393 1
393 323 1
323 395 1
395 323 1
323 468 1
468 323 1
324 388 1
388 324 1
324 393 1
393 324 1
324 427 1
427 324 1
324 431 1
431 324 1
324 468 1
468 324 1
325 332 1
332 325 1
325 333 1
333 325 1
325 356 1
356 325 1
325 359 1
359 325 1
325 363 1
363 325 1
325 377 1
377 325 1
325 419 1
419 325 1
325 454 -1
454 325 -1
325 487 -1
487 325 -1
326 368 1
368 326 1
326 414 1
414 326 1
326 438 1
438 326 1
326 477 1
477 326 1
327 389 1
389 327 1
327 419 -1
419 327 -1
327 422 1
422 327 1
327 432 1
432 327 1
327 457 1
457 327 1
327 460 1
460 327 1
327 488 1
488 327 1
328 366 -1
366 328 -1
328 453 1
453 328 1
328 479 -1
479 328 -1
329 406 -1
406 329 -1
329 424 1
424 329 1
330 337 -1
337 330 -1
330 338 1
338 330 1
330 347 -1
347 330 -1
330 361 1
361 330 1
330 370 1
370 330 1
330 375 1
375 330 1
330 381 1
381 330 1
330 387 1
387 330 1
330 393 -1
393 330 -1
330 398 1
398 330 1
330 425 1
425 330 1
330 437 1
437 330 1
330 441 1
441 330 1
330 448 1
448 330 1
330 451 -1
451 330 -1
330 463 -1
463 330 -1
330 490 -1
490 330 -1
330 492 1
492 330 1
331 348 1
348 331 1
331 401 1
401 331 1
331 404 1
404 331 1
331 466 -1
466 331 -1
331 473 -1
473 331 -1
331 485 1
485 331 1
331 486 1
486 331 1
332 353 1
353 332 1
332 356 1
356 332 1
332 377 1
377 332 1
332 436 1
436 332 1
332 487 1
487 332 1
333 354 1
354 333 1
333 356 1
356 333 1
333 436 1
436 333 1
333 487 1
487 333 1
334 345 1
345 334 1
334 350 1
350 334 1
334 384 1
384 334 1
334 410 1
410 334 1
334 418 -1
418 334 -1
334 440 1
440 334 1
334 445 -1
445 334 -1
334 460 -1
460 334 -1
334 465 -1
465 334 -1
334 483 -1
483 334 -1
334 500 1
500 334 1
335 349 1
349 335 1
335 406 1
406 335 1
335 413 1
413 335 1
336 348 1
348 336 1
336 392 1
392 336 1
337 361 1
361 337 1
337 381 1
381 337 1
337 448 1
448 337 1
337 463 1
463 337 1
337 492 1
492 337 1
338 361 1
361 338 1
338 375 1
375 338 1
338 381 1
381 338 1
338 398 1
398 338 1
338 448 -1
448 338 -1
339 345 1
345 339 1
339 350 -1
350 339 -1
339 384 1
384 339 1
339 418 1
418 339 1
339 440 -1
440 339 -1
339 445 1
445 339 1
339 483 1
483 339 1
340 369 1
369 340 1
340 481 1
481 340 1
340 498 -1
498 340 -1
341 357 1
357 341 1
341 385 1
385 341 1
342 345 1
345 342 1
342 350 -1
350 342 -1
342 351 1
351 342 1
342 362 1
362 342 1
342 384 1
384 342 1
342 418 1
418 342 1
342 443 1
443 342 1
342 445 1
445 342 1
342 483 -1
483 342 -1
342 500 1
500 342 1
343 360 1
360 343 1
343 372 1
372 343 1
343 400 1
400 343 1
343 407 1
407 343 1
343 421 1
421 343 1
343 455 1
455 343 1
343 461 1
461 343 1
343 475 -1
475 343 -1
343 489 1
489 343 1
344 479 1
479 344 1
345 350 1
350 345 1
345 351 1
351 345 1
345 380 1
380 345 1
345 383 1
383 345 1
345 384 -1
384 345 -1
345 400 -1
400 345 -1
345 410 -1
410 345 -1
345 411 -1
411 345 -1
345 418 1
418 345 1
345 440 1
440 345 1
345 443 1
443 345 1
345 445 -1
445 345 -1
345 465 1
465 345 1
345 469 1
469 345 1
345 472 1
472 345 1
345 483 1
483 345 1
345 500 1
500 345 1
346 349 1
349 346 1
346 406 1
406 346 1
346 413 1
413 346 1
346 415 -1
415 346 -1
346 494 1
494 346 1
347 361 1
361 347 1
347 381 1
381 347 1
347 398 1
398 347 1
347 448 1
448 347 1
347 463 -1
463 347 -1
347 492 1
492 347 1
348 386 -1
386 348 -1
348 392 1
392 348 1
348 426 1
426 348 1
348 473 -1
473 348 -1
348 486 1
486 348 1
349 350 -1
350 349 -1
349 406 1
406 349 1
349 413 1
413 349 1
349 449 1
449 349 1
349 495 1
495 349 1
350 351 1
351 350 1
350 380 1
380 350 1
350 383 1
383 350 1
350 384 -1
384 350 -1
350 410 1
410 350 1
350 411 1
411 350 1
350 418 1
418 350 1
350 440 1
440 350 1
350 443 1
443 350 1
350 445 1
445 350 1
350 465 1
465 350 1
350 469 1
469 350 1
350 472 1
472 350 1
350 483 1
483 350 1
350 496 -1
496 350 -1
350 500 1
500 350 1
351 361 1
361 351 1
351 383 -1
383 351 -1
351 384 -1
384 351 -1
351 418 1
418 351 1
351 440 1
440 351 1
351 443 1
443 351 1
351 445 1
445 351 1
351 483 1
483 351 1
351 500 1
500 351 1
352 372 1
372 352 1
352 400 1
400 352 1
352 455 1
455 352 1
352 480 1
480 352 1
353 356 1
356 353 1
353 363 1
363 353 1
353 487 1
487 353 1
354 356 1
356 354 1
354 394 1
394 354 1
354 470 -1
470 354 -1
354 487 1
487 354 1
355 357 1
357 355 1
355 364 1
364 355 1
356 359 1
359 356 1
356 363 1
363 356 1
356 377 1
377 356 1
356 394 -1
394 356 -1
356 419 1
419 356 1
356 436 1
436 356 1
356 454 1
454 356 1
356 487 1
487 356 1
357 358 1
358 357 1
357 364 1
364 357 1
357 373 1
373 357 1
357 385 1
385 357 1
357 386 1
386 357 1
357 399 1
399 357 1
357 409 1
409 357 1
357 420 -1
420 357 -1
357 458 1
458 357 1
357 459 1
459 357 1
357 462 1
462 357 1
357 482 -1
482 357 -1
358 364 1
364 358 1
358 385 1
385 358 1
358 386 1
386 358 1
358 399 1
399 358 1
358 409 1
409 358 1
358 420 1
420 358 1
358 458 1
458 358 1
358 459 1
459 358 1
358 462 1
462 358 1
359 454 1
454 359 1
359 487 1
487 359 1
360 372 1
372 360 1
360 400 1
400 360 1
360 407 1
407 360 1
360 435 1
435 360 1
360 455 1
455 360 1
360 489 -1
489 360 -1
360 491 -1
491 360 -1
361 381 1
381 361 1
361 398 1
398 361 1
361 441 1
441 361 1
361 448 1
448 361 1
361 463 -1
463 361 -1
361 490 1
490 361 1
361 492 1
492 361 1
362 422 1
422 362 1
362 432 1
432 362 1
362 444 -1
444 362 -1
362 457 1
457 362 1
362 460 1
460 362 1
362 470 1
470 362 1
362 474 1
474 362 1
362 488 1
488 362 1
363 454 1
454 363 1
363 487 1
487 363 1
364 385 1
385 364 1
364 386 1
386 364 1
364 399 1
399 364 1
364 408 1
408 364 1
364 409 1
409 364 1
364 459 1
459 364 1
364 462 1
462 364 1
364 482 1
482 364 1
365 367 1
367 365 1
365 369 1
369 365 1
365 481 1
481 365 1
365 498 1
498 365 1
366 388 -1
388 366 -1
366 439 1
439 366 1
366 453 1
453 366 1
366 479 1
479 366 1
367 369 1
369 367 1
367 481 1
481 367 1
368 390 1
390 368 1
368 438 1
438 368 1
368 452 1
452 368 1
368 473 -1
473 368 -1
368 477 1
477 368 1
369 382 1
382 369 1
370 448 1
448 370 1
371 388 -1
388 371 -1
371 393 1
393 371 1
372 400 1
400 372 1
372 407 -1
407 372 -1
372 417 1
417 372 1
372 418 -1
418 372 -1
372 455 1
455 372 1
372 461 1
461 372 1
372 471 1
471 372 1
372 475 1
475 372 1
372 476 1
476 372 1
372 491 1
491 372 1
373 459 1
459 373 1
374 486 -1
486 374 -1
375 448 1
448 375 1
375 492 1
492 375 1
376 385 1
385 376 1
376 389 -1
389 376 -1
376 409 1
409 376 1
376 459 1
459 376 1
376 462 1
462 376 1
377 407 -1
407 377 -1
377 419 1
419 377 1
377 487 1
487 377 1
378 388 1
388 378 1
378 393 1
393 378 1
379 388 1
388 379 1
379 393 1
393 379 1
379 468 1
468 379 1
380 384 1
384 380 1
380 418 1
418 380 1
380 445 1
445 380 1
380 483 1
483 380 1
381 398 1
398 381 1
381 407 -1
407 381 -1
381 441 1
441 381 1
381 463 1
463 381 1
381 492 1
492 381 1
382 433 -1
433 382 -1
382 498 1
498 382 1
383 384 1
384 383 1
383 418 1
418 383 1
383 440 1
440 383 1
383 443 1
443 383 1
383 445 1
445 383 1
383 465 1
465 383 1
383 483 1
483 383 1
384 410 1
410 384 1
384 411 1
411 384 1
384 418 1
418 384 1
384 440 1
440 384 1
384 443 1
443 384 1
384 445 1
445 384 1
384 465 1
465 384 1
384 469 1
469 384 1
384 472 1
472 384 1
384 483 1
483 384 1
384 496 -1
496 384 -1
384 500 1
500 384 1
385 386 -1
386 385 -1
385 399 1
399 385 1
385 408 1
408 385 1
385 447 -1
447 385 -1
385 458 1
458 385 1
385 459 1
459 385 1
385 482 1
482 385 1
386 399 -1
399 386 -1
386 409 -1
409 386 -1
386 459 1
459 386 1
387 398 1
398 387 1
387 448 1
448 387 1
387 451 1
451 387 1
387 492 1
492 387 1
388 391 1
391 388 1
388 393 1
393 388 1
388 395 1
395 388 1
388 405 1
405 388 1
388 427 -1
427 388 -1
388 428 1
428 388 1
388 431 1
431 388 1
388 468 1
468 388 1
389 422 1
422 389 1
389 432 1
432 389 1
389 444 1
444 389 1
389 457 1
457 389 1
389 460 1
460 389 1
389 470 1
470 389 1
389 474 -1
474 389 -1
389 488 1
488 389 1
390 418 -1
418 390 -1
390 438 1
438 390 1
390 452 1
452 390 1
390 477 1
477 390 1
391 393 1
393 391 1
391 395 -1
395 391 -1
391 468 1
468 391 1
392 486 1
486 392 1
393 395 1
395 393 1
393 427 1
427 393 1
393 428 1
428 393 1
393 431 1
431 393 1
393 468 1
468 393 1
394 436 1
436 394 1
394 487 1
487 394 1
395 468 1
468 395 1
396 450 -1
450 396 -1
397 406 1
406 397 1
397 413 -1
413 397 -1
397 489 -1
489 397 -1
398 441 1
441 398 1
398 448 1
448 398 1
398 451 1
451 398 1
398 463 1
463 398 1
398 492 1
492 398 1
399 409 1
409 399 1
399 459 1
459 399 1
400 407 1
407 400 1
400 421 1
421 400 1
400 423 1
423 400 1
400 435 -1
435 400 -1
400 455 1
455 400 1
400 461 1
461 400 1
400 471 1
471 400 1
400 475 1
475 400 1
400 476 1
476 400 1
400 480 1
480 400 1
400 489 1
489 400 1
400 491 1
491 400 1
401 404 1
404 401 1
401 473 1
473 401 1
402 406 1
406 402 1
402 413 1
413 402 1
402 417 -1
417 402 -1
403 406 1
406 403 1
403 413 1
413 403 1
404 434 1
434 404 1
404 485 1
485 404 1
405 468 1
468 405 1
406 412 1
412 406 1
406 413 1
413 406 1
406 416 1
416 406 1
406 429 1
429 406 1
406 442 1
442 406 1
406 449 1
449 406 1
406 456 1
456 406 1
406 467 -1
467 406 -1
406 478 1
478 406 1
406 493 1
493 406 1
406 494 1
494 406 1
406 495 1
495 406 1
407 455 1
455 407 1
407 461 1
461 407 1
407 471 1
471 407 1
407 475 -1
475 407 -1
407 480 1
480 407 1
407 489 1
489 407 1
408 459 1
459 408 1
409 420 1
420 409 1
409 459 1
459 409 1
409 462 1
462 409 1
410 418 1
418 410 1
410 440 1
440 410 1
410 445 1
445 410 1
410 500 1
500 410 1
411 418 1
418 411 1
411 440 1
440 411 1
411 445 1
445 411 1
412 413 1
413 412 1
412 478 -1
478 412 -1
413 415 1
415 413 1
413 416 1
416 413 1
413 429 1
429 413 1
413 442 1
442 413 1
413 445 -1
445 413 -1
413 449 1
449 413 1
413 456 -1
456 413 -1
413 467 1
467 413 1
413 478 1
478 413 1
413 493 -1
493 413 -1
413 494 1
494 413 1
413 495 1
495 413 1
414 438 1
438 414 1
414 452 1
452 414 1
415 429 1
429 415 1
416 495 1
495 416 1
417 423 1
423 417 1
417 455 1
455 417 1
417 489 1
489 417 1
417 491 1
491 417 1
418 440 1
440 418 1
418 443 1
443 418 1
418 445 1
445 418 1
418 465 1
465 418 1
418 469 -1
469 418 -1
418 472 1
472 418 1
418 483 1
483 418 1
418 496 1
496 418 1
418 500 1
500 418 1
419 487 1
487 419 1
420 459 1
459 420 1
420 496 -1
496 420 -1
421 455 1
455 421 1
421 461 -1
461 421 -1
421 489 -1
489 421 -1
422 432 1
432 422 1
422 444 1
444 422 1
422 446 -1
446 422 -1
422 457 1
457 422 1
422 460 1
460 422 1
422 470 1
470 422 1
422 488 1
488 422 1
423 455 1
455 423 1
423 461 -1
461 423 -1
423 463 -1
463 423 -1
423 471 1
471 423 1
423 480 1
480 423 1
423 489 1
489 423 1
423 491 1
491 423 1
424 450 1
450 424 1
425 448 1
448 425 1
427 468 -1
468 427 -1
428 431 -1
431 428 -1
428 454 -1
454 428 -1
428 468 1
468 428 1
429 495 1
495 429 1
430 446 -1
446 430 -1
430 457 1
457 430 1
430 460 -1
460 430 -1
430 470 1
470 430 1
430 474 1
474 430 1
430 488 1
488 430 1
431 468 -1
468 431 -1
432 444 1
444 432 1
432 460 1
460 432 1
432 470 -1
470 432 -1
432 474 1
474 432 1
432 488 1
488 432 1
433 498 1
498 433 1
433 500 -1
500 433 -1
435 455 1
455 435 1
435 475 1
475 435 1
435 476 1
476 435 1
435 489 -1
489 435 -1
436 487 1
487 436 1
436 491 -1
491 436 -1
437 448 1
448 437 1
437 451 1
451 437 1
437 463 1
463 437 1
438 452 1
452 438 1
438 477 1
477 438 1
439 479 1
479 439 1
440 443 1
443 440 1
440 445 1
445 440 1
440 465 1
465 440 1
440 472 1
472 440 1
440 483 1
483 440 1
440 496 1
496 440 1
440 500 1
500 440 1
441 448 -1
448 441 -1
442 467 1
467 442 1
443 445 1
445 443 1
443 465 -1
465 443 -1
443 483 1
483 443 1
443 500 1
500 443 1
444 446 1
446 444 1
444 457 1
457 444 1
444 460 1
460 444 1
444 470 1
470 444 1
444 474 1
474 444 1
444 488 1
488 444 1
445 465 1
465 445 1
445 469 -1
469 445 -1
445 472 1
472 445 1
445 483 -1
483 445 -1
445 496 -1
496 445 -1
445 500 1
500 445 1
446 457 1
457 446 1
446 460 1
460 446 1
446 470 1
470 446 1
446 474 -1
474 446 -1
446 488 1
488 446 1
447 484 1
484 447 1
447 497 1
497 447 1
448 451 1
451 448 1
448 463 1
463 448 1
448 490 -1
490 448 -1
448 492 1
492 448 1
453 465 -1
465 453 -1
453 479 -1
479 453 -1
454 487 1
487 454 1
455 461 1
461 455 1
455 471 1
471 455 1
455 476 1
476 455 1
455 480 1
480 455 1
455 489 -1
489 455 -1
455 491 1
491 455 1
457 460 1
460 457 1
457 470 1
470 457 1
457 474 1
474 457 1
457 488 1
488 457 1
458 459 -1
459 458 -1
459 462 1
462 459 1
459 482 1
482 459 1
460 470 -1
470 460 -1
460 474 1
474 460 1
460 488 1
488 460 1
461 476 1
476 461 1
461 489 -1
489 461 -1
461 491 1
491 461 1
463 490 1
490 463 1
463 492 1
492 463 1
464 484 1
484 464 1
465 472 1
472 465 1
465 483 1
483 465 1
465 500 1
500 465 1
466 484 1
484 466 1
469 500 1
500 469 1
470 474 1
474 470 1
470 488 1
488 470 1
473 486 1
486 473 1
474 488 1
488 474 1
475 491 1
491 475 1
476 489 1
489 476 1
476 491 1
491 476 1
479 499 1
499 479 1
481 498 -1
498 481 -1
483 500 1
500 483 1
484 497 1
497 484 1
485 486 1
486 485 1
490 492 1
492 490 1
496 500 1
500 496 1
