1 15 -1
15 1 -1
1 33 1
33 1 1
1 54 1
54 1 1
1 55 -1
55 1 -1
1 78 -1
78 1 -1
1 80 1
80 1 1
1 87 1
87 1 1
1 88 -1
88 1 -1
1 92 -1
92 1 -1
1 97 -1
97 1 -1
1 109 -1
109 1 -1
1 114 -1
114 1 -1
1 138 -1
138 1 -1
1 154 1
154 1 1
1 160 -1
160 1 -1
1 167 1
167 1 1
1 169 -1
169 1 -1
1 176 -1
176 1 -1
1 187 -1
187 1 -1
1 195 1
195 1 1
1 196 1
196 1 1
1 201 -1
201 1 -1
1 202 1
202 1 1
1 209 -1
209 1 -1
1 218 -1
218 1 -1
1 220 1
220 1 1
1 233 1
233 1 1
1 236 1
236 1 1
1 248 1
248 1 1
1 250 1
250 1 1
1 263 -1
263 1 -1
1 279 1
279 1 1
1 288 1
288 1 1
1 338 1
338 1 1
1 394 1
394 1 1
1 402 -1
402 1 -1
1 425 -1
425 1 -1
1 429 -1
429 1 -1
1 431 1
431 1 1
1 448 -1
448 1 -1
1 451 1
451 1 1
1 459 1
459 1 1
1 473 -1
473 1 -1
1 492 1
492 1 1
2 9 1
9 2 1
2 39 1
39 2 1
2 44 -1
44 2 -1
2 67 1
67 2 1
2 82 -1
82 2 -1
2 87 -1
87 2 -1
2 93 1
93 2 1
2 100 1
100 2 1
2 125 1
125 2 1
2 166 1
166 2 1
2 173 1
173 2 1
2 225 1
225 2 1
2 226 1
226 2 1
2 241 -1
241 2 -1
2 254 1
254 2 1
2 295 1
295 2 1
2 346 1
346 2 1
2 433 -1
433 2 -1
2 443 -1
443 2 -1
3 19 1
19 3 1
3 36 -1
36 3 -1
3 59 1
59 3 1
3 83 1
83 3 1
3 87 -1
87 3 -1
3 104 -1
104 3 -1
3 146 1
146 3 1
3 163 -1
163 3 -1
3 217 -1
217 3 -1
3 233 -1
233 3 -1
3 310 -1
310 3 -1
3 319 -1
319 3 -1
3 370 1
370 3 1
3 403 1
403 3 1
3 415 1
415 3 1
3 437 1
437 3 1
3 439 1
439 3 1
3 465 -1
465 3 -1
3 483 1
483 3 1
3 494 1
494 3 1
3 495 1
495 3 1
4 11 1
11 4 1
4 14 -1
14 4 -1
4 44 1
44 4 1
4 46 1
46 4 1
4 56 1
56 4 1
4 59 -1
59 4 -1
4 60 -1
60 4 -1
4 70 1
70 4 1
4 99 -1
99 4 -1
4 109 1
109 4 1
4 111 1
111 4 1
4 124 1
124 4 1
4 166 -1
166 4 -1
4 231 1
231 4 1
4 241 1
241 4 1
4 244 -1
244 4 -1
4 302 1
302 4 1
4 311 -1
311 4 -1
4 312 -1
312 4 -1
4 370 1
370 4 1
4 376 -1
376 4 -1
4 439 -1
439 4 -1
4 461 -1
461 4 -1
4 477 1
477 4 1
4 478 -1
478 4 -1
4 491 -1
491 4 -1
5 12 -1
12 5 -1
5 14 -1
14 5 -1
5 44 -1
44 5 -1
5 57 -1
57 5 -1
5 141 -1
141 5 -1
5 149 -1
149 5 -1
5 236 1
236 5 1
5 251 1
251 5 1
5 351 -1
351 5 -1
5 372 1
372 5 1
5 373 1
373 5 1
5 382 -1
382 5 -1
5 391 1
391 5 1
5 400 1
400 5 1
5 403 -1
403 5 -1
5 423 1
423 5 1
5 428 1
428 5 1
5 469 1
469 5 1
6 33 1
33 6 1
6 87 1
87 6 1
6 119 -1
119 6 -1
6 143 -1
143 6 -1
6 167 1
167 6 1
6 195 1
195 6 1
6 373 -1
373 6 -1
6 444 -1
444 6 -1
6 446 -1
446 6 -1
6 477 -1
477 6 -1
7 30 1
30 7 1
7 35 1
35 7 1
7 50 1
50 7 1
7 53 1
53 7 1
7 58 1
58 7 1
7 60 1
60 7 1
7 197 -1
197 7 -1
7 289 1
289 7 1
7 318 -1
318 7 -1
7 407 -1
407 7 -1
7 419 -1
419 7 -1
7 476 -1
476 7 -1
8 14 1
14 8 1
8 24 -1
24 8 -1
8 46 -1
46 8 -1
8 50 1
50 8 1
8 56 -1
56 8 -1
8 62 1
62 8 1
8 66 -1
66 8 -1
8 78 1
78 8 1
8 93 1
93 8 1
8 101 -1
101 8 -1
8 113 -1
113 8 -1
8 139 -1
139 8 -1
8 146 1
146 8 1
8 158 1
158 8 1
8 173 -1
173 8 -1
8 183 1
183 8 1
8 184 1
184 8 1
8 194 1
194 8 1
8 202 -1
202 8 -1
8 206 1
206 8 1
8 210 1
210 8 1
8 224 -1
224 8 -1
8 231 1
231 8 1
8 244 1
244 8 1
8 265 -1
265 8 -1
8 270 -1
270 8 -1
8 283 -1
283 8 -1
8 303 -1
303 8 -1
8 334 1
334 8 1
8 335 -1
335 8 -1
8 346 -1
346 8 -1
8 353 1
353 8 1
8 371 -1
371 8 -1
8 372 -1
372 8 -1
8 377 1
377 8 1
8 388 1
388 8 1
8 391 -1
391 8 -1
8 392 -1
392 8 -1
8 448 -1
448 8 -1
8 454 -1
454 8 -1
8 464 1
464 8 1
8 468 1
468 8 1
9 67 -1
67 9 -1
9 75 -1
75 9 -1
9 133 -1
133 9 -1
9 209 1
209 9 1
9 236 1
236 9 1
9 249 1
249 9 1
9 372 1
372 9 1
9 391 1
391 9 1
9 469 1
469 9 1
10 88 -1
88 10 -1
10 93 1
93 10 1
10 100 -1
100 10 -1
10 125 1
125 10 1
10 205 1
205 10 1
10 239 -1
239 10 -1
10 303 1
303 10 1
10 346 1
346 10 1
10 378 1
378 10 1
10 391 -1
391 10 -1
10 468 -1
468 10 -1
11 46 -1
46 11 -1
11 50 -1
50 11 -1
11 56 -1
56 11 -1
11 104 1
104 11 1
11 109 1
109 11 1
11 119 -1
119 11 -1
11 138 -1
138 11 -1
11 177 1
177 11 1
11 199 1
199 11 1
11 237 1
237 11 1
11 250 -1
250 11 -1
11 272 -1
272 11 -1
11 302 1
302 11 1
11 316 -1
316 11 -1
11 395 -1
395 11 -1
11 399 -1
399 11 -1
11 406 1
406 11 1
11 414 1
414 11 1
11 439 -1
439 11 -1
11 477 1
477 11 1
12 43 1
43 12 1
12 72 1
72 12 1
12 108 1
108 12 1
12 125 -1
125 12 -1
12 165 -1
165 12 -1
12 198 1
198 12 1
12 212 1
212 12 1
12 214 1
214 12 1
12 217 -1
217 12 -1
12 262 -1
262 12 -1
12 264 -1
264 12 -1
12 285 -1
285 12 -1
12 312 -1
312 12 -1
12 315 1
315 12 1
12 320 1
320 12 1
12 325 -1
325 12 -1
12 378 1
378 12 1
12 382 -1
382 12 -1
12 404 -1
404 12 -1
12 411 1
411 12 1
12 432 1
432 12 1
12 434 1
434 12 1
12 451 -1
451 12 -1
12 455 -1
455 12 -1
12 481 1
481 12 1
13 33 1
33 13 1
13 46 -1
46 13 -1
13 61 1
61 13 1
13 80 1
80 13 1
13 88 1
88 13 1
13 143 1
143 13 1
13 194 -1
194 13 -1
13 195 1
195 13 1
13 202 1
202 13 1
13 224 1
224 13 1
13 250 1
250 13 1
13 283 -1
283 13 -1
13 325 -1
325 13 -1
13 341 1
341 13 1
13 436 -1
436 13 -1
13 448 -1
448 13 -1
13 475 -1
475 13 -1
14 18 -1
18 14 -1
14 29 -1
29 14 -1
14 40 -1
40 14 -1
14 62 1
62 14 1
14 66 -1
66 14 -1
14 69 1
69 14 1
14 70 -1
70 14 -1
14 78 1
78 14 1
14 92 -1
92 14 -1
14 113 1
113 14 1
14 120 -1
120 14 -1
14 146 1
146 14 1
14 173 -1
173 14 -1
14 180 1
180 14 1
14 183 1
183 14 1
14 205 -1
205 14 -1
14 218 -1
218 14 -1
14 228 -1
228 14 -1
14 231 1
231 14 1
14 238 -1
238 14 -1
14 239 -1
239 14 -1
14 267 -1
267 14 -1
14 274 -1
274 14 -1
14 282 1
282 14 1
14 315 1
315 14 1
14 334 1
334 14 1
14 353 -1
353 14 -1
14 377 1
377 14 1
14 384 1
384 14 1
14 388 1
388 14 1
14 409 -1
409 14 -1
14 433 1
433 14 1
14 464 1
464 14 1
14 468 1
468 14 1
14 478 1
478 14 1
14 489 -1
489 14 -1
14 500 1
500 14 1
15 32 -1
32 15 -1
15 96 -1
96 15 -1
15 145 1
145 15 1
15 195 -1
195 15 -1
15 208 -1
208 15 -1
15 245 1
245 15 1
15 290 1
290 15 1
15 417 1
417 15 1
15 441 1
441 15 1
15 473 1
473 15 1
15 493 -1
493 15 -1
16 41 -1
41 16 -1
16 87 -1
87 16 -1
16 100 1
100 16 1
16 114 -1
114 16 -1
16 137 -1
137 16 -1
16 170 -1
170 16 -1
16 173 -1
173 16 -1
16 182 1
182 16 1
16 185 -1
185 16 -1
16 192 1
192 16 1
16 225 -1
225 16 -1
16 243 -1
243 16 -1
16 300 1
300 16 1
16 357 -1
357 16 -1
16 423 1
423 16 1
16 440 -1
440 16 -1
17 52 -1
52 17 -1
17 90 1
90 17 1
17 105 -1
105 17 -1
17 106 1
106 17 1
17 108 1
108 17 1
17 110 -1
110 17 -1
17 209 -1
209 17 -1
17 275 1
275 17 1
17 291 1
291 17 1
17 306 1
306 17 1
17 320 1
320 17 1
17 329 -1
329 17 -1
17 332 -1
332 17 -1
17 414 1
414 17 1
17 470 1
470 17 1
17 475 -1
475 17 -1
17 494 -1
494 17 -1
18 81 1
81 18 1
18 96 -1
96 18 -1
18 150 1
150 18 1
18 189 1
189 18 1
18 206 -1
206 18 -1
18 240 1
240 18 1
18 306 1
306 18 1
18 311 -1
311 18 -1
18 314 1
314 18 1
18 372 -1
372 18 -1
18 400 -1
400 18 -1
18 402 1
402 18 1
18 450 -1
450 18 -1
18 463 -1
463 18 -1
18 493 1
493 18 1
18 495 1
495 18 1
18 499 1
499 18 1
19 42 -1
42 19 -1
19 46 -1
46 19 -1
19 51 -1
51 19 -1
19 83 1
83 19 1
19 91 1
91 19 1
19 94 1
94 19 1
19 101 -1
101 19 -1
19 104 1
104 19 1
19 124 -1
124 19 -1
19 142 1
142 19 1
19 143 1
143 19 1
19 157 -1
157 19 -1
19 159 1
159 19 1
19 164 1
164 19 1
19 170 -1
170 19 -1
19 172 1
172 19 1
19 229 -1
229 19 -1
19 275 -1
275 19 -1
19 325 1
325 19 1
19 345 -1
345 19 -1
19 371 1
371 19 1
19 379 1
379 19 1
19 405 1
405 19 1
19 415 1
415 19 1
19 437 1
437 19 1
19 439 -1
439 19 -1
19 447 1
447 19 1
19 495 1
495 19 1
19 496 1
496 19 1
20 61 1
61 20 1
20 97 -1
97 20 -1
20 119 -1
119 20 -1
20 124 -1
124 20 -1
20 139 -1
139 20 -1
20 179 1
179 20 1
20 204 1
204 20 1
20 212 -1
212 20 -1
20 235 1
235 20 1
20 255 -1
255 20 -1
20 258 -1
258 20 -1
20 273 -1
273 20 -1
20 366 -1
366 20 -1
20 392 1
392 20 1
21 56 -1
56 21 -1
21 75 -1
75 21 -1
21 236 1
236 21 1
21 251 -1
251 21 -1
21 372 1
372 21 1
21 391 1
391 21 1
21 400 1
400 21 1
21 413 -1
413 21 -1
21 451 -1
451 21 -1
21 471 -1
471 21 -1
22 30 1
30 22 1
22 89 1
89 22 1
22 101 -1
101 22 -1
22 153 1
153 22 1
22 160 1
160 22 1
22 337 1
337 22 1
22 341 -1
341 22 -1
22 402 -1
402 22 -1
22 444 1
444 22 1
22 446 -1
446 22 -1
23 24 -1
24 23 -1
23 29 1
29 23 1
23 53 1
53 23 1
23 58 1
58 23 1
23 60 1
60 23 1
23 80 -1
80 23 -1
23 134 -1
134 23 -1
23 165 -1
165 23 -1
23 225 -1
225 23 -1
23 322 1
322 23 1
23 405 -1
405 23 -1
23 421 1
421 23 1
23 443 1
443 23 1
23 466 1
466 23 1
23 480 1
480 23 1
23 489 -1
489 23 -1
24 64 -1
64 24 -1
24 72 -1
72 24 -1
24 81 1
81 24 1
24 86 -1
86 24 -1
24 130 -1
130 24 -1
24 156 1
156 24 1
24 201 -1
201 24 -1
24 220 1
220 24 1
24 261 1
261 24 1
24 291 1
291 24 1
24 306 1
306 24 1
24 314 1
314 24 1
24 402 1
402 24 1
24 414 1
414 24 1
24 415 -1
415 24 -1
24 469 -1
469 24 -1
24 486 1
486 24 1
24 493 1
493 24 1
25 43 -1
43 25 -1
25 46 1
46 25 1
25 70 -1
70 25 -1
25 105 -1
105 25 -1
25 109 1
109 25 1
25 111 1
111 25 1
25 112 -1
112 25 -1
25 124 -1
124 25 -1
25 272 -1
272 25 -1
25 302 -1
302 25 -1
25 372 1
372 25 1
25 475 -1
475 25 -1
26 33 1
33 26 1
26 87 1
87 26 1
26 90 -1
90 26 -1
26 123 -1
123 26 -1
26 129 -1
129 26 -1
26 193 -1
193 26 -1
26 195 1
195 26 1
26 209 1
209 26 1
26 264 -1
264 26 -1
26 431 1
431 26 1
26 477 -1
477 26 -1
27 59 -1
59 27 -1
27 60 1
60 27 1
27 70 1
70 27 1
27 105 1
105 27 1
27 130 1
130 27 1
27 143 -1
143 27 -1
27 148 1
148 27 1
27 190 -1
190 27 -1
27 196 -1
196 27 -1
27 210 -1
210 27 -1
27 213 1
213 27 1
27 214 1
214 27 1
27 349 1
349 27 1
27 375 -1
375 27 -1
27 408 -1
408 27 -1
27 437 -1
437 27 -1
27 482 1
482 27 1
27 485 1
485 27 1
27 497 1
497 27 1
28 74 -1
74 28 -1
28 77 1
77 28 1
28 82 1
82 28 1
28 157 1
157 28 1
28 184 1
184 28 1
28 205 1
205 28 1
28 233 -1
233 28 -1
28 259 1
259 28 1
28 270 -1
270 28 -1
28 304 1
304 28 1
28 401 -1
401 28 -1
28 448 -1
448 28 -1
28 450 1
450 28 1
29 30 1
30 29 1
29 53 1
53 29 1
29 55 1
55 29 1
29 88 -1
88 29 -1
29 160 -1
160 29 -1
29 172 1
172 29 1
29 181 -1
181 29 -1
29 200 1
200 29 1
29 253 -1
253 29 -1
29 289 -1
289 29 -1
29 312 -1
312 29 -1
29 322 1
322 29 1
29 349 -1
349 29 -1
29 480 1
480 29 1
30 38 -1
38 30 -1
30 53 1
53 30 1
30 54 -1
54 30 -1
30 60 1
60 30 1
30 109 -1
109 30 -1
30 135 1
135 30 1
30 165 -1
165 30 -1
30 200 1
200 30 1
30 211 1
211 30 1
30 214 -1
214 30 -1
30 230 -1
230 30 -1
30 259 -1
259 30 -1
30 268 1
268 30 1
30 321 1
321 30 1
30 322 1
322 30 1
30 337 1
337 30 1
30 474 -1
474 30 -1
31 41 1
41 31 1
31 60 -1
60 31 -1
31 107 1
107 31 1
31 141 1
141 31 1
31 160 1
160 31 1
31 280 1
280 31 1
31 294 -1
294 31 -1
31 296 1
296 31 1
31 347 -1
347 31 -1
31 397 -1
397 31 -1
31 415 -1
415 31 -1
32 41 1
41 32 1
32 58 1
58 32 1
32 109 -1
109 32 -1
32 123 1
123 32 1
32 141 -1
141 32 -1
32 150 -1
150 32 -1
32 170 1
170 32 1
32 188 -1
188 32 -1
32 198 -1
198 32 -1
32 213 -1
213 32 -1
32 272 -1
272 32 -1
32 273 1
273 32 1
32 285 1
285 32 1
32 297 -1
297 32 -1
32 312 -1
312 32 -1
32 372 1
372 32 1
32 395 -1
395 32 -1
32 416 1
416 32 1
32 454 1
454 32 1
32 462 1
462 32 1
32 475 -1
475 32 -1
32 486 1
486 32 1
33 34 -1
34 33 -1
33 37 -1
37 33 -1
33 54 1
54 33 1
33 76 -1
76 33 -1
33 80 1
80 33 1
33 87 1
87 33 1
33 93 -1
93 33 -1
33 132 -1
132 33 -1
33 138 -1
138 33 -1
33 139 -1
139 33 -1
33 186 -1
186 33 -1
33 195 1
195 33 1
33 196 -1
196 33 -1
33 198 -1
198 33 -1
33 209 1
209 33 1
33 214 -1
214 33 -1
33 219 -1
219 33 -1
33 223 -1
223 33 -1
33 224 1
224 33 1
33 232 1
232 33 1
33 244 -1
244 33 -1
33 247 -1
247 33 -1
33 248 1
248 33 1
33 250 1
250 33 1
33 258 1
258 33 1
33 259 -1
259 33 -1
33 272 -1
272 33 -1
33 279 1
279 33 1
33 288 1
288 33 1
33 291 -1
291 33 -1
33 318 -1
318 33 -1
33 331 1
331 33 1
33 338 -1
338 33 -1
33 363 -1
363 33 -1
33 371 1
371 33 1
33 389 1
389 33 1
33 391 1
391 33 1
33 392 -1
392 33 -1
33 423 -1
423 33 -1
33 427 1
427 33 1
33 442 -1
442 33 -1
33 446 1
446 33 1
33 453 1
453 33 1
33 460 -1
460 33 -1
33 462 -1
462 33 -1
33 492 1
492 33 1
34 65 -1
65 34 -1
34 85 -1
85 34 -1
34 87 1
87 34 1
34 149 -1
149 34 -1
34 195 1
195 34 1
34 196 1
196 34 1
34 209 1
209 34 1
34 258 -1
258 34 -1
34 335 -1
335 34 -1
34 475 1
475 34 1
35 40 -1
40 35 -1
35 53 1
53 35 1
35 55 1
55 35 1
35 59 -1
59 35 -1
35 92 -1
92 35 -1
35 100 -1
100 35 -1
35 132 1
132 35 1
35 176 -1
176 35 -1
35 200 -1
200 35 -1
35 211 -1
211 35 -1
35 289 1
289 35 1
35 309 1
309 35 1
35 322 1
322 35 1
35 339 1
339 35 1
35 414 -1
414 35 -1
35 443 1
443 35 1
36 75 1
75 36 1
36 92 1
92 36 1
36 128 1
128 36 1
36 164 -1
164 36 -1
36 175 -1
175 36 -1
36 176 -1
176 36 -1
36 320 1
320 36 1
36 370 -1
370 36 -1
36 449 1
449 36 1
36 456 1
456 36 1
36 458 -1
458 36 -1
37 76 -1
76 37 -1
37 105 -1
105 37 -1
37 195 1
195 37 1
37 209 1
209 37 1
37 210 1
210 37 1
37 258 1
258 37 1
37 279 -1
279 37 -1
37 283 -1
283 37 -1
37 288 1
288 37 1
37 392 -1
392 37 -1
37 442 1
442 37 1
37 452 -1
452 37 -1
38 62 -1
62 38 -1
38 63 -1
63 38 -1
38 97 1
97 38 1
38 103 1
103 38 1
38 108 -1
108 38 -1
38 125 -1
125 38 -1
38 138 -1
138 38 -1
38 169 -1
169 38 -1
38 183 -1
183 38 -1
38 221 1
221 38 1
38 227 1
227 38 1
38 255 1
255 38 1
38 269 1
269 38 1
38 281 -1
281 38 -1
38 299 1
299 38 1
38 312 -1
312 38 -1
38 329 -1
329 38 -1
38 364 -1
364 38 -1
38 366 -1
366 38 -1
38 383 1
383 38 1
38 385 1
385 38 1
38 390 1
390 38 1
38 408 1
408 38 1
38 426 1
426 38 1
38 438 -1
438 38 -1
38 442 1
442 38 1
38 448 1
448 38 1
38 474 -1
474 38 -1
38 499 -1
499 38 -1
39 44 -1
44 39 -1
39 96 -1
96 39 -1
39 125 1
125 39 1
39 164 -1
164 39 -1
39 215 -1
215 39 -1
39 254 1
254 39 1
39 257 -1
257 39 -1
39 264 1
264 39 1
39 318 1
318 39 1
39 346 1
346 39 1
39 367 -1
367 39 -1
39 389 1
389 39 1
39 415 -1
415 39 -1
39 475 -1
475 39 -1
40 47 1
47 40 1
40 65 1
65 40 1
40 145 1
145 40 1
40 304 1
304 40 1
40 312 -1
312 40 -1
40 346 1
346 40 1
40 441 1
441 40 1
40 475 -1
475 40 -1
41 49 1
49 41 1
41 69 -1
69 41 -1
41 101 1
101 41 1
41 109 -1
109 41 -1
41 117 1
117 41 1
41 138 1
138 41 1
41 174 1
174 41 1
41 208 1
208 41 1
41 226 -1
226 41 -1
41 228 1
228 41 1
41 232 -1
232 41 -1
41 233 -1
233 41 -1
41 261 -1
261 41 -1
41 264 -1
264 41 -1
41 278 1
278 41 1
41 283 -1
283 41 -1
41 296 1
296 41 1
41 301 1
301 41 1
41 308 1
308 41 1
41 320 -1
320 41 -1
41 332 1
332 41 1
41 345 -1
345 41 -1
41 355 -1
355 41 -1
41 362 1
362 41 1
41 363 1
363 41 1
41 370 1
370 41 1
41 372 -1
372 41 -1
41 375 -1
375 41 -1
41 377 -1
377 41 -1
41 385 1
385 41 1
41 398 -1
398 41 -1
41 416 1
416 41 1
41 437 1
437 41 1
41 444 1
444 41 1
41 445 1
445 41 1
41 454 1
454 41 1
41 462 -1
462 41 -1
41 475 1
475 41 1
41 480 -1
480 41 -1
41 487 1
487 41 1
42 50 -1
50 42 -1
42 276 -1
276 42 -1
42 339 -1
339 42 -1
42 382 -1
382 42 -1
42 403 1
403 42 1
42 415 1
415 42 1
42 437 1
437 42 1
42 450 -1
450 42 -1
42 483 1
483 42 1
42 495 1
495 42 1
43 56 -1
56 43 -1
43 91 1
91 43 1
43 108 1
108 43 1
43 158 -1
158 43 -1
43 214 1
214 43 1
43 241 -1
241 43 -1
43 315 1
315 43 1
43 411 1
411 43 1
43 432 1
432 43 1
44 46 1
46 44 1
44 56 1
56 44 1
44 64 1
64 44 1
44 70 1
70 44 1
44 109 1
109 44 1
44 138 -1
138 44 -1
44 199 1
199 44 1
44 232 -1
232 44 -1
44 270 1
270 44 1
44 278 1
278 44 1
44 292 1
292 44 1
44 302 1
302 44 1
44 376 1
376 44 1
44 437 -1
437 44 -1
44 464 -1
464 44 -1
44 477 1
477 44 1
44 495 -1
495 44 -1
44 500 -1
500 44 -1
45 69 -1
69 45 -1
45 105 1
105 45 1
45 121 -1
121 45 -1
45 183 -1
183 45 -1
45 237 1
237 45 1
45 277 -1
277 45 -1
45 286 1
286 45 1
45 311 1
311 45 1
45 339 -1
339 45 -1
45 342 -1
342 45 -1
45 364 1
364 45 1
45 367 -1
367 45 -1
45 422 -1
422 45 -1
45 482 1
482 45 1
45 500 -1
500 45 -1
46 47 -1
47 46 -1
46 56 1
56 46 1
46 64 1
64 46 1
46 70 1
70 46 1
46 92 -1
92 46 -1
46 101 1
101 46 1
46 109 1
109 46 1
46 124 -1
124 46 -1
46 177 -1
177 46 -1
46 191 1
191 46 1
46 193 1
193 46 1
46 212 -1
212 46 -1
46 254 -1
254 46 -1
46 256 1
256 46 1
46 259 -1
259 46 -1
46 270 -1
270 46 -1
46 285 -1
285 46 -1
46 286 -1
286 46 -1
46 292 1
292 46 1
46 302 1
302 46 1
46 304 -1
304 46 -1
46 310 -1
310 46 -1
46 355 -1
355 46 -1
46 366 -1
366 46 -1
46 371 -1
371 46 -1
46 439 1
439 46 1
46 477 1
477 46 1
47 64 -1
64 47 -1
47 65 1
65 47 1
47 173 -1
173 47 -1
47 216 1
216 47 1
47 245 1
245 47 1
47 251 -1
251 47 -1
47 291 -1
291 47 -1
47 367 1
367 47 1
47 433 -1
433 47 -1
47 459 1
459 47 1
48 75 1
75 48 1
48 92 -1
92 48 -1
48 118 1
118 48 1
48 128 -1
128 48 -1
48 131 1
131 48 1
48 142 -1
142 48 -1
48 181 -1
181 48 -1
48 240 -1
240 48 -1
48 248 1
248 48 1
48 263 -1
263 48 -1
48 266 1
266 48 1
48 298 1
298 48 1
48 344 -1
344 48 -1
48 360 -1
360 48 -1
48 444 -1
444 48 -1
48 448 -1
448 48 -1
48 449 1
449 48 1
48 458 1
458 48 1
48 498 1
498 48 1
49 107 -1
107 49 -1
49 212 -1
212 49 -1
49 238 -1
238 49 -1
49 275 -1
275 49 -1
49 312 1
312 49 1
49 390 1
390 49 1
49 442 1
442 49 1
49 448 1
448 49 1
49 488 1
488 49 1
50 108 -1
108 50 -1
50 112 1
112 50 1
50 120 -1
120 50 -1
50 154 -1
154 50 -1
50 184 1
184 50 1
50 230 1
230 50 1
50 267 1
267 50 1
50 302 -1
302 50 -1
50 356 1
356 50 1
50 384 1
384 50 1
50 386 -1
386 50 -1
50 399 1
399 50 1
50 433 -1
433 50 -1
50 464 1
464 50 1
50 500 1
500 50 1
51 82 -1
82 51 -1
51 90 -1
90 51 -1
51 97 -1
97 51 -1
51 251 1
251 51 1
51 318 -1
318 51 -1
51 342 1
342 51 1
51 382 -1
382 51 -1
51 391 -1
391 51 -1
51 469 1
469 51 1
52 87 -1
87 52 -1
52 110 -1
110 52 -1
52 141 -1
141 52 -1
52 261 -1
261 52 -1
52 320 -1
320 52 -1
52 372 -1
372 52 -1
52 395 -1
395 52 -1
52 402 1
402 52 1
52 414 1
414 52 1
52 457 -1
457 52 -1
52 493 1
493 52 1
52 498 1
498 52 1
53 60 1
60 53 1
53 62 -1
62 53 -1
53 105 1
105 53 1
53 108 1
108 53 1
53 111 -1
111 53 -1
53 124 -1
124 53 -1
53 132 1
132 53 1
53 141 -1
141 53 -1
53 164 -1
164 53 -1
53 198 -1
198 53 -1
53 200 -1
200 53 -1
53 211 -1
211 53 -1
53 228 -1
228 53 -1
53 263 -1
263 53 -1
53 268 -1
268 53 -1
53 297 1
297 53 1
53 306 -1
306 53 -1
53 309 1
309 53 1
53 320 -1
320 53 -1
53 321 1
321 53 1
53 322 1
322 53 1
53 337 1
337 53 1
53 355 1
355 53 1
53 361 1
361 53 1
53 362 1
362 53 1
53 365 1
365 53 1
53 366 -1
366 53 -1
53 375 -1
375 53 -1
53 380 -1
380 53 -1
53 383 1
383 53 1
53 386 -1
386 53 -1
53 399 -1
399 53 -1
53 421 1
421 53 1
53 424 -1
424 53 -1
53 435 -1
435 53 -1
53 450 -1
450 53 -1
53 457 -1
457 53 -1
53 473 -1
473 53 -1
53 480 1
480 53 1
53 498 -1
498 53 -1
54 72 -1
72 54 -1
54 87 1
87 54 1
54 111 -1
111 54 -1
54 157 -1
157 54 -1
54 232 1
232 54 1
54 258 1
258 54 1
54 327 -1
327 54 -1
54 359 -1
359 54 -1
54 394 1
394 54 1
54 483 -1
483 54 -1
55 60 -1
60 55 -1
55 62 -1
62 55 -1
55 125 -1
125 55 -1
55 132 1
132 55 1
55 145 -1
145 55 -1
55 200 1
200 55 1
55 212 1
212 55 1
55 218 -1
218 55 -1
55 247 -1
247 55 -1
55 318 -1
318 55 -1
55 350 1
350 55 1
55 355 1
355 55 1
55 360 -1
360 55 -1
55 362 -1
362 55 -1
55 403 -1
403 55 -1
55 424 1
424 55 1
55 440 1
440 55 1
55 443 1
443 55 1
55 447 -1
447 55 -1
55 480 1
480 55 1
56 61 -1
61 56 -1
56 64 1
64 56 1
56 70 -1
70 56 -1
56 82 -1
82 56 -1
56 109 1
109 56 1
56 110 1
110 56 1
56 124 1
124 56 1
56 125 -1
125 56 -1
56 132 -1
132 56 -1
56 168 1
168 56 1
56 170 -1
170 56 -1
56 177 1
177 56 1
56 179 -1
179 56 -1
56 186 -1
186 56 -1
56 191 1
191 56 1
56 193 1
193 56 1
56 195 -1
195 56 -1
56 196 -1
196 56 -1
56 198 -1
198 56 -1
56 225 -1
225 56 -1
56 241 1
241 56 1
56 256 1
256 56 1
56 262 -1
262 56 -1
56 263 1
263 56 1
56 275 -1
275 56 -1
56 283 -1
283 56 -1
56 289 -1
289 56 -1
56 292 1
292 56 1
56 302 1
302 56 1
56 322 -1
322 56 -1
56 356 -1
356 56 -1
56 375 -1
375 56 -1
56 376 -1
376 56 -1
56 392 -1
392 56 -1
56 406 1
406 56 1
56 418 -1
418 56 -1
56 422 1
422 56 1
56 429 1
429 56 1
56 439 -1
439 56 -1
56 467 1
467 56 1
56 474 1
474 56 1
56 477 1
477 56 1
57 72 1
72 57 1
57 108 1
108 57 1
57 121 -1
121 57 -1
57 130 -1
130 57 -1
57 157 -1
157 57 -1
57 165 1
165 57 1
57 189 -1
189 57 -1
57 198 1
198 57 1
57 214 1
214 57 1
57 411 -1
411 57 -1
58 60 1
60 58 1
58 61 -1
61 58 -1
58 78 -1
78 58 -1
58 82 1
82 58 1
58 122 1
122 58 1
58 123 -1
123 58 -1
58 192 -1
192 58 -1
58 276 -1
276 58 -1
58 296 -1
296 58 -1
58 307 -1
307 58 -1
58 322 1
322 58 1
58 337 1
337 58 1
58 340 -1
340 58 -1
58 350 1
350 58 1
58 359 1
359 58 1
58 365 1
365 58 1
58 418 1
418 58 1
58 421 1
421 58 1
58 457 -1
457 58 -1
58 480 -1
480 58 -1
59 233 1
233 59 1
59 282 1
282 59 1
59 325 1
325 59 1
59 403 1
403 59 1
59 410 -1
410 59 -1
59 415 1
415 59 1
59 447 -1
447 59 -1
59 476 -1
476 59 -1
59 490 -1
490 59 -1
60 91 -1
91 60 -1
60 111 -1
111 60 -1
60 122 1
122 60 1
60 207 -1
207 60 -1
60 210 -1
210 60 -1
60 231 -1
231 60 -1
60 233 -1
233 60 -1
60 251 -1
251 60 -1
60 257 1
257 60 1
60 268 -1
268 60 -1
60 297 1
297 60 1
60 313 -1
313 60 -1
60 322 -1
322 60 -1
60 361 1
361 60 1
60 362 1
362 60 1
60 386 -1
386 60 -1
60 418 1
418 60 1
60 443 1
443 60 1
60 472 -1
472 60 -1
60 480 1
480 60 1
60 485 -1
485 60 -1
61 62 -1
62 61 -1
61 77 1
77 61 1
61 97 -1
97 61 -1
61 104 -1
104 61 -1
61 139 1
139 61 1
61 141 -1
141 61 -1
61 142 -1
142 61 -1
61 147 1
147 61 1
61 163 -1
163 61 -1
61 164 1
164 61 1
61 176 1
176 61 1
61 179 1
179 61 1
61 181 1
181 61 1
61 204 1
204 61 1
61 212 1
212 61 1
61 218 -1
218 61 -1
61 226 -1
226 61 -1
61 250 -1
250 61 -1
61 257 1
257 61 1
61 262 -1
262 61 -1
61 276 -1
276 61 -1
61 283 -1
283 61 -1
61 287 -1
287 61 -1
61 303 1
303 61 1
61 309 -1
309 61 -1
61 375 1
375 61 1
61 389 -1
389 61 -1
61 392 1
392 61 1
61 420 1
420 61 1
61 424 -1
424 61 -1
61 435 1
435 61 1
61 450 1
450 61 1
61 494 1
494 61 1
61 495 -1
495 61 -1
62 72 -1
72 62 -1
62 101 1
101 62 1
62 112 1
112 62 1
62 173 -1
173 62 -1
62 184 1
184 62 1
62 194 -1
194 62 -1
62 197 1
197 62 1
62 212 -1
212 62 -1
62 219 1
219 62 1
62 224 -1
224 62 -1
62 244 1
244 62 1
62 300 -1
300 62 -1
62 334 1
334 62 1
62 335 -1
335 62 -1
62 377 1
377 62 1
62 384 1
384 62 1
62 388 1
388 62 1
62 402 1
402 62 1
62 468 1
468 62 1
63 92 -1
92 63 -1
63 114 -1
114 63 -1
63 128 1
128 63 1
63 166 -1
166 63 -1
63 225 -1
225 63 -1
63 259 -1
259 63 -1
63 261 -1
261 63 -1
63 266 1
266 63 1
63 293 1
293 63 1
63 298 -1
298 63 -1
63 385 -1
385 63 -1
63 439 -1
439 63 -1
63 456 1
456 63 1
63 498 1
498 63 1
64 70 1
70 64 1
64 109 -1
109 64 -1
64 117 -1
117 64 -1
64 124 1
124 64 1
64 139 -1
139 64 -1
64 164 1
164 64 1
64 274 1
274 64 1
64 302 1
302 64 1
64 318 -1
318 64 -1
64 395 -1
395 64 -1
64 439 1
439 64 1
65 96 -1
96 65 -1
65 109 -1
109 65 -1
65 145 1
145 65 1
65 216 1
216 65 1
65 225 1
225 65 1
65 231 -1
231 65 -1
65 287 1
287 65 1
65 367 1
367 65 1
65 379 1
379 65 1
65 409 -1
409 65 -1
65 417 1
417 65 1
65 469 -1
469 65 -1
65 471 1
471 65 1
65 473 1
473 65 1
65 486 -1
486 65 -1
65 489 -1
489 65 -1
66 73 1
73 66 1
66 106 1
106 66 1
66 112 1
112 66 1
66 113 1
113 66 1
66 183 1
183 66 1
66 195 -1
195 66 -1
66 213 -1
213 66 -1
66 318 -1
318 66 -1
66 386 -1
386 66 -1
66 463 -1
463 66 -1
67 93 1
93 67 1
67 114 1
114 67 1
67 155 1
155 67 1
67 173 1
173 67 1
67 175 -1
175 67 -1
67 182 1
182 67 1
67 196 1
196 67 1
67 209 -1
209 67 -1
67 225 1
225 67 1
67 240 -1
240 67 -1
67 254 1
254 67 1
67 268 1
268 67 1
67 270 -1
270 67 -1
67 302 -1
302 67 -1
67 323 -1
323 67 -1
67 346 -1
346 67 -1
67 389 1
389 67 1
67 423 1
423 67 1
67 440 1
440 67 1
67 450 -1
450 67 -1
67 468 -1
468 67 -1
67 474 -1
474 67 -1
68 83 -1
83 68 -1
68 163 1
163 68 1
68 166 -1
166 68 -1
68 188 1
188 68 1
68 221 -1
221 68 -1
68 223 1
223 68 1
68 271 1
271 68 1
68 272 1
272 68 1
68 286 -1
286 68 -1
68 302 -1
302 68 -1
68 404 1
404 68 1
68 425 1
425 68 1
68 443 1
443 68 1
68 458 1
458 68 1
68 466 1
466 68 1
69 75 -1
75 69 -1
69 93 1
93 69 1
69 112 1
112 69 1
69 113 1
113 69 1
69 160 -1
160 69 -1
69 180 -1
180 69 -1
69 182 -1
182 69 -1
69 184 1
184 69 1
69 189 1
189 69 1
69 194 1
194 69 1
69 207 -1
207 69 -1
69 210 1
210 69 1
69 243 -1
243 69 -1
69 244 1
244 69 1
69 251 -1
251 69 -1
69 291 -1
291 69 -1
69 344 -1
344 69 -1
69 357 1
357 69 1
69 384 1
384 69 1
69 388 1
388 69 1
69 444 -1
444 69 -1
69 464 1
464 69 1
69 468 1
468 69 1
69 496 -1
496 69 -1
70 81 -1
81 70 -1
70 96 -1
96 70 -1
70 109 1
109 70 1
70 111 1
111 70 1
70 143 -1
143 70 -1
70 177 1
177 70 1
70 241 1
241 70 1
70 243 -1
243 70 -1
70 246 -1
246 70 -1
70 256 1
256 70 1
70 278 -1
278 70 -1
70 292 1
292 70 1
70 302 1
302 70 1
70 346 -1
346 70 -1
70 376 1
376 70 1
70 380 -1
380 70 -1
70 419 -1
419 70 -1
70 434 -1
434 70 -1
70 439 1
439 70 1
70 442 -1
442 70 -1
70 454 1
454 70 1
70 466 1
466 70 1
70 473 -1
473 70 -1
70 477 1
477 70 1
71 77 1
77 71 1
71 135 1
135 71 1
71 143 -1
143 71 -1
71 259 -1
259 71 -1
71 324 -1
324 71 -1
71 343 -1
343 71 -1
71 350 1
350 71 1
71 358 1
358 71 1
71 386 1
386 71 1
71 450 1
450 71 1
71 478 -1
478 71 -1
72 74 1
74 72 1
72 108 1
108 72 1
72 124 -1
124 72 -1
72 125 -1
125 72 -1
72 140 -1
140 72 -1
72 152 1
152 72 1
72 165 -1
165 72 -1
72 192 -1
192 72 -1
72 214 1
214 72 1
72 217 1
217 72 1
72 249 -1
249 72 -1
72 259 -1
259 72 -1
72 278 1
278 72 1
72 315 1
315 72 1
72 367 -1
367 72 -1
72 372 -1
372 72 -1
72 411 1
411 72 1
72 432 1
432 72 1
72 434 1
434 72 1
72 455 -1
455 72 -1
72 481 1
481 72 1
72 493 -1
493 72 -1
73 75 -1
75 73 -1
73 131 1
131 73 1
73 183 1
183 73 1
73 184 1
184 73 1
73 188 -1
188 73 -1
73 283 -1
283 73 -1
73 328 1
328 73 1
73 395 -1
395 73 -1
73 489 1
489 73 1
74 86 -1
86 74 -1
74 108 1
108 74 1
74 109 -1
109 74 -1
74 152 1
152 74 1
74 154 -1
154 74 -1
74 214 1
214 74 1
74 217 1
217 74 1
74 245 1
245 74 1
74 273 -1
273 74 -1
74 443 -1
443 74 -1
74 445 1
445 74 1
75 92 1
92 75 1
75 104 -1
104 75 -1
75 125 -1
125 75 -1
75 127 1
127 75 1
75 131 1
131 75 1
75 186 -1
186 75 -1
75 190 1
190 75 1
75 266 1
266 75 1
75 293 -1
293 75 -1
75 298 1
298 75 1
75 359 -1
359 75 -1
75 437 -1
437 75 -1
75 449 -1
449 75 -1
75 459 -1
459 75 -1
75 498 -1
498 75 -1
76 109 1
109 76 1
76 138 -1
138 76 -1
76 170 1
170 76 1
76 195 -1
195 76 -1
76 228 -1
228 76 -1
76 265 1
265 76 1
76 271 1
271 76 1
76 284 1
284 76 1
76 370 1
370 76 1
76 390 -1
390 76 -1
77 82 1
82 77 1
77 84 1
84 77 1
77 98 -1
98 77 -1
77 109 -1
109 77 -1
77 135 1
135 77 1
77 145 -1
145 77 -1
77 157 1
157 77 1
77 165 -1
165 77 -1
77 183 -1
183 77 -1
77 190 1
190 77 1
77 196 -1
196 77 -1
77 208 -1
208 77 -1
77 218 1
218 77 1
77 219 1
219 77 1
77 233 1
233 77 1
77 238 1
238 77 1
77 243 1
243 77 1
77 251 1
251 77 1
77 267 1
267 77 1
77 279 -1
279 77 -1
77 316 1
316 77 1
77 329 1
329 77 1
77 338 -1
338 77 -1
77 343 1
343 77 1
77 386 1
386 77 1
77 388 1
388 77 1
77 395 1
395 77 1
77 417 1
417 77 1
77 442 -1
442 77 -1
77 475 -1
475 77 -1
78 84 -1
84 78 -1
78 165 -1
165 78 -1
78 231 1
231 78 1
78 243 -1
243 78 -1
78 328 1
328 78 1
78 377 1
377 78 1
78 476 -1
476 78 -1
78 500 1
500 78 1
79 85 1
85 79 1
79 106 1
106 79 1
79 125 1
125 79 1
79 173 1
173 79 1
79 180 -1
180 79 -1
79 182 1
182 79 1
79 192 1
192 79 1
79 202 -1
202 79 -1
79 254 -1
254 79 -1
79 257 -1
257 79 -1
79 300 1
300 79 1
79 331 -1
331 79 -1
79 340 -1
340 79 -1
79 346 -1
346 79 -1
79 376 -1
376 79 -1
79 493 -1
493 79 -1
80 94 -1
94 80 -1
80 123 -1
123 80 -1
80 154 1
154 80 1
80 195 1
195 80 1
80 196 1
196 80 1
80 258 1
258 80 1
80 278 1
278 80 1
80 282 -1
282 80 -1
80 343 -1
343 80 -1
80 388 -1
388 80 -1
80 400 -1
400 80 -1
80 446 1
446 80 1
81 211 -1
211 81 -1
81 265 -1
265 81 -1
81 275 -1
275 81 -1
81 294 1
294 81 1
81 306 1
306 81 1
81 332 -1
332 81 -1
81 345 1
345 81 1
81 399 -1
399 81 -1
81 414 -1
414 81 -1
81 434 -1
434 81 -1
81 441 1
441 81 1
81 442 -1
442 81 -1
81 453 -1
453 81 -1
81 493 1
493 81 1
82 93 -1
93 82 -1
82 111 -1
111 82 -1
82 119 1
119 82 1
82 126 1
126 82 1
82 135 1
135 82 1
82 151 1
151 82 1
82 175 1
175 82 1
82 186 1
186 82 1
82 204 -1
204 82 -1
82 218 1
218 82 1
82 219 1
219 82 1
82 233 1
233 82 1
82 238 1
238 82 1
82 245 -1
245 82 -1
82 256 -1
256 82 -1
82 259 1
259 82 1
82 267 1
267 82 1
82 293 -1
293 82 -1
82 294 -1
294 82 -1
82 306 -1
306 82 -1
82 307 1
307 82 1
82 316 1
316 82 1
82 326 1
326 82 1
82 336 -1
336 82 -1
82 343 1
343 82 1
82 350 1
350 82 1
82 383 1
383 82 1
82 386 1
386 82 1
82 411 -1
411 82 -1
82 436 -1
436 82 -1
82 444 -1
444 82 -1
82 452 1
452 82 1
82 493 -1
493 82 -1
83 104 1
104 83 1
83 147 1
147 83 1
83 159 1
159 83 1
83 204 -1
204 83 -1
83 254 -1
254 83 -1
83 270 -1
270 83 -1
83 325 1
325 83 1
83 350 -1
350 83 -1
83 359 1
359 83 1
83 403 1
403 83 1
83 415 1
415 83 1
83 447 1
447 83 1
83 469 -1
469 83 -1
83 476 -1
476 83 -1
83 477 1
477 83 1
83 486 -1
486 83 -1
83 495 1
495 83 1
84 163 -1
163 84 -1
84 192 -1
192 84 -1
84 218 1
218 84 1
84 219 1
219 84 1
84 226 -1
226 84 -1
84 233 1
233 84 1
84 238 1
238 84 1
84 267 1
267 84 1
84 293 -1
293 84 -1
84 296 -1
296 84 -1
84 353 1
353 84 1
84 383 -1
383 84 -1
84 386 1
386 84 1
84 404 1
404 84 1
84 450 1
450 84 1
85 100 1
100 85 1
85 159 1
159 85 1
85 215 -1
215 85 -1
85 225 1
225 85 1
85 247 1
247 85 1
85 273 1
273 85 1
85 296 -1
296 85 -1
85 318 1
318 85 1
85 344 1
344 85 1
85 413 1
413 85 1
86 95 1
95 86 1
86 107 -1
107 86 -1
86 141 1
141 86 1
86 153 1
153 86 1
86 196 -1
196 86 -1
86 207 -1
207 86 -1
86 245 -1
245 86 -1
86 248 -1
248 86 -1
86 265 1
265 86 1
86 270 -1
270 86 -1
86 285 1
285 86 1
86 308 1
308 86 1
86 325 -1
325 86 -1
86 355 -1
355 86 -1
86 365 -1
365 86 -1
86 367 -1
367 86 -1
86 380 1
380 86 1
86 444 1
444 86 1
86 447 -1
447 86 -1
86 475 1
475 86 1
86 487 1
487 86 1
87 88 1
88 87 1
87 146 -1
146 87 -1
87 154 1
154 87 1
87 156 -1
156 87 -1
87 167 -1
167 87 -1
87 169 1
169 87 1
87 172 -1
172 87 -1
87 183 -1
183 87 -1
87 187 1
187 87 1
87 194 -1
194 87 -1
87 195 1
195 87 1
87 196 1
196 87 1
87 202 1
202 87 1
87 206 -1
206 87 -1
87 211 -1
211 87 -1
87 214 -1
214 87 -1
87 232 1
232 87 1
87 256 -1
256 87 -1
87 258 1
258 87 1
87 267 -1
267 87 -1
87 288 1
288 87 1
87 331 1
331 87 1
87 344 -1
344 87 -1
87 345 -1
345 87 -1
87 352 1
352 87 1
87 361 -1
361 87 -1
87 394 1
394 87 1
87 399 -1
399 87 -1
87 400 -1
400 87 -1
87 414 -1
414 87 -1
87 431 1
431 87 1
87 453 1
453 87 1
87 456 -1
456 87 -1
87 459 -1
459 87 -1
88 98 -1
98 88 -1
88 185 1
185 88 1
88 202 1
202 88 1
88 248 1
248 88 1
88 258 1
258 88 1
88 326 -1
326 88 -1
88 338 -1
338 88 -1
88 366 -1
366 88 -1
88 371 1
371 88 1
88 433 -1
433 88 -1
89 92 -1
92 89 -1
89 141 1
141 89 1
89 170 1
170 89 1
89 185 -1
185 89 -1
89 205 -1
205 89 -1
89 247 -1
247 89 -1
89 335 1
335 89 1
89 402 1
402 89 1
89 472 -1
472 89 -1
89 475 1
475 89 1
90 118 -1
118 90 -1
90 145 -1
145 90 -1
90 220 1
220 90 1
90 306 1
306 90 1
90 321 -1
321 90 -1
90 345 1
345 90 1
90 453 -1
453 90 -1
90 460 1
460 90 1
90 473 -1
473 90 -1
90 479 1
479 90 1
90 493 1
493 90 1
90 499 1
499 90 1
91 104 1
104 91 1
91 156 -1
156 91 -1
91 314 -1
314 91 -1
91 319 -1
319 91 -1
91 437 -1
437 91 -1
91 465 1
465 91 1
91 483 1
483 91 1
92 105 -1
105 92 -1
92 118 1
118 92 1
92 127 1
127 92 1
92 128 -1
128 92 -1
92 131 1
131 92 1
92 133 1
133 92 1
92 137 1
137 92 1
92 141 -1
141 92 -1
92 144 1
144 92 1
92 173 -1
173 92 -1
92 200 1
200 92 1
92 266 -1
266 92 -1
92 287 -1
287 92 -1
92 293 1
293 92 1
92 357 -1
357 92 -1
92 359 1
359 92 1
92 369 -1
369 92 -1
92 374 -1
374 92 -1
92 420 -1
420 92 -1
92 449 1
449 92 1
92 456 1
456 92 1
92 458 1
458 92 1
92 483 -1
483 92 -1
92 493 -1
493 92 -1
92 498 -1
498 92 -1
92 499 -1
499 92 -1
92 500 -1
500 92 -1
93 97 -1
97 93 -1
93 99 1
99 93 1
93 100 1
100 93 1
93 114 1
114 93 1
93 115 1
115 93 1
93 125 1
125 93 1
93 141 -1
141 93 -1
93 150 1
150 93 1
93 155 1
155 93 1
93 166 1
166 93 1
93 173 1
173 93 1
93 182 1
182 93 1
93 189 -1
189 93 -1
93 200 -1
200 93 -1
93 225 -1
225 93 -1
93 239 1
239 93 1
93 246 -1
246 93 -1
93 247 1
247 93 1
93 251 -1
251 93 -1
93 254 1
254 93 1
93 260 -1
260 93 -1
93 263 -1
263 93 -1
93 267 -1
267 93 -1
93 270 -1
270 93 -1
93 281 1
281 93 1
93 302 -1
302 93 -1
93 318 1
318 93 1
93 329 -1
329 93 -1
93 332 -1
332 93 -1
93 346 1
346 93 1
93 351 1
351 93 1
93 373 -1
373 93 -1
93 399 -1
399 93 -1
93 439 -1
439 93 -1
93 444 -1
444 93 -1
93 445 -1
445 93 -1
94 217 -1
217 94 -1
94 236 -1
236 94 -1
94 293 -1
293 94 -1
94 325 1
325 94 1
94 372 -1
372 94 -1
94 403 1
403 94 1
94 413 -1
413 94 -1
94 415 1
415 94 1
94 437 1
437 94 1
94 495 -1
495 94 -1
95 96 1
96 95 1
95 117 1
117 95 1
95 170 1
170 95 1
95 179 -1
179 95 -1
95 213 -1
213 95 -1
95 218 -1
218 95 -1
95 228 -1
228 95 -1
95 285 1
285 95 1
95 306 -1
306 95 -1
95 322 -1
322 95 -1
95 370 1
370 95 1
95 377 -1
377 95 -1
95 380 -1
380 95 -1
95 415 -1
415 95 -1
95 439 1
439 95 1
96 101 -1
101 96 -1
96 117 -1
117 96 -1
96 123 1
123 96 1
96 141 1
141 96 1
96 235 -1
235 96 -1
96 261 -1
261 96 -1
96 265 1
265 96 1
96 370 -1
370 96 -1
96 448 -1
448 96 -1
96 462 1
462 96 1
96 472 -1
472 96 -1
96 487 1
487 96 1
97 99 -1
99 97 -1
97 103 1
103 97 1
97 104 -1
104 97 -1
97 136 1
136 97 1
97 145 -1
145 97 -1
97 174 -1
174 97 -1
97 221 1
221 97 1
97 227 -1
227 97 -1
97 255 -1
255 97 -1
97 260 -1
260 97 -1
97 261 1
261 97 1
97 269 1
269 97 1
97 277 1
277 97 1
97 282 1
282 97 1
97 299 1
299 97 1
97 311 -1
311 97 -1
97 312 1
312 97 1
97 366 1
366 97 1
97 385 1
385 97 1
97 388 -1
388 97 -1
97 390 1
390 97 1
97 396 1
396 97 1
97 408 -1
408 97 -1
97 414 -1
414 97 -1
97 426 1
426 97 1
97 442 1
442 97 1
97 447 -1
447 97 -1
97 448 1
448 97 1
97 461 -1
461 97 -1
97 470 -1
470 97 -1
97 482 -1
482 97 -1
97 497 -1
497 97 -1
98 140 -1
140 98 -1
98 143 1
143 98 1
98 168 -1
168 98 -1
98 263 1
263 98 1
98 324 1
324 98 1
98 342 -1
342 98 -1
98 364 1
364 98 1
98 387 1
387 98 1
98 422 1
422 98 1
99 125 1
125 99 1
99 166 1
166 99 1
99 173 1
173 99 1
99 174 1
174 99 1
99 177 -1
177 99 -1
99 192 1
192 99 1
99 318 1
318 99 1
99 320 -1
320 99 -1
99 335 -1
335 99 -1
99 346 -1
346 99 -1
99 393 -1
393 99 -1
99 498 -1
498 99 -1
100 125 1
125 100 1
100 155 -1
155 100 -1
100 173 -1
173 100 -1
100 225 1
225 100 1
100 237 -1
237 100 -1
100 245 -1
245 100 -1
100 254 1
254 100 1
100 287 -1
287 100 -1
100 305 -1
305 100 -1
100 329 1
329 100 1
100 363 -1
363 100 -1
100 389 1
389 100 1
100 409 1
409 100 1
100 457 -1
457 100 -1
100 475 -1
475 100 -1
100 496 1
496 100 1
101 107 -1
107 101 -1
101 123 1
123 101 1
101 141 1
141 101 1
101 155 -1
155 101 -1
101 160 1
160 101 1
101 170 1
170 101 1
101 174 1
174 101 1
101 195 1
195 101 1
101 201 -1
201 101 -1
101 210 1
210 101 1
101 215 1
215 101 1
101 226 1
226 101 1
101 228 1
228 101 1
101 252 1
252 101 1
101 273 -1
273 101 -1
101 280 1
280 101 1
101 296 -1
296 101 -1
101 306 -1
306 101 -1
101 314 -1
314 101 -1
101 315 1
315 101 1
101 321 -1
321 101 -1
101 322 1
322 101 1
101 328 -1
328 101 -1
101 335 -1
335 101 -1
101 344 -1
344 101 -1
101 370 1
370 101 1
101 380 -1
380 101 -1
101 388 -1
388 101 -1
101 406 -1
406 101 -1
101 414 1
414 101 1
101 416 1
416 101 1
101 430 -1
430 101 -1
101 442 -1
442 101 -1
102 125 1
125 102 1
102 149 1
149 102 1
102 182 1
182 102 1
102 225 1
225 102 1
102 291 1
291 102 1
102 293 -1
293 102 -1
102 318 -1
318 102 -1
102 319 -1
319 102 -1
102 348 -1
348 102 -1
102 389 1
389 102 1
102 405 -1
405 102 -1
102 438 -1
438 102 -1
103 285 -1
285 103 -1
103 312 1
312 103 1
103 335 -1
335 103 -1
103 416 -1
416 103 -1
103 426 1
426 103 1
103 434 1
434 103 1
103 448 1
448 103 1
103 477 -1
477 103 -1
104 110 -1
110 104 -1
104 187 -1
187 104 -1
104 200 -1
200 104 -1
104 225 -1
225 104 -1
104 367 -1
367 104 -1
104 415 1
415 104 1
104 435 1
435 104 1
104 437 1
437 104 1
104 445 -1
445 104 -1
104 447 1
447 104 1
104 465 1
465 104 1
104 495 -1
495 104 -1
104 496 1
496 104 1
105 129 1
129 105 1
105 130 1
130 105 1
105 141 -1
141 105 -1
105 143 -1
143 105 -1
105 148 1
148 105 1
105 161 1
161 105 1
105 163 -1
163 105 -1
105 182 -1
182 105 -1
105 185 -1
185 105 -1
105 192 -1
192 105 -1
105 207 1
207 105 1
105 213 1
213 105 1
105 234 -1
234 105 -1
105 239 -1
239 105 -1
105 248 -1
248 105 -1
105 262 1
262 105 1
105 263 1
263 105 1
105 291 -1
291 105 -1
105 297 1
297 105 1
105 304 -1
304 105 -1
105 311 1
311 105 1
105 324 1
324 105 1
105 334 -1
334 105 -1
105 349 1
349 105 1
105 354 1
354 105 1
105 364 1
364 105 1
105 368 1
368 105 1
105 374 1
374 105 1
105 397 1
397 105 1
105 409 1
409 105 1
105 422 -1
422 105 -1
105 432 -1
432 105 -1
105 440 1
440 105 1
105 450 1
450 105 1
105 475 -1
475 105 -1
105 487 -1
487 105 -1
106 134 -1
134 106 -1
106 219 -1
219 106 -1
106 254 -1
254 106 -1
106 257 -1
257 106 -1
106 258 -1
258 106 -1
106 261 1
261 106 1
106 291 -1
291 106 -1
106 327 1
327 106 1
106 329 1
329 106 1
106 414 1
414 106 1
106 463 1
463 106 1
106 487 1
487 106 1
106 493 1
493 106 1
107 225 -1
225 107 -1
107 267 -1
267 107 -1
107 273 1
273 107 1
107 278 1
278 107 1
107 380 -1
380 107 -1
107 383 -1
383 107 -1
107 407 -1
407 107 -1
107 455 -1
455 107 -1
108 131 1
131 108 1
108 135 -1
135 108 -1
108 152 1
152 108 1
108 156 -1
156 108 -1
108 165 -1
165 108 -1
108 172 -1
172 108 -1
108 198 1
198 108 1
108 214 1
214 108 1
108 217 1
217 108 1
108 295 -1
295 108 -1
108 315 1
315 108 1
108 391 -1
391 108 -1
108 400 -1
400 108 -1
108 411 1
411 108 1
108 432 -1
432 108 -1
108 441 1
441 108 1
108 445 1
445 108 1
108 473 -1
473 108 -1
108 475 -1
475 108 -1
108 495 1
495 108 1
109 110 1
110 109 1
109 111 1
111 109 1
109 124 1
124 109 1
109 139 -1
139 109 -1
109 168 1
168 109 1
109 177 -1
177 109 -1
109 193 1
193 109 1
109 201 -1
201 109 -1
109 206 -1
206 109 -1
109 209 -1
209 109 -1
109 211 -1
211 109 -1
109 218 -1
218 109 -1
109 221 1
221 109 1
109 228 1
228 109 1
109 241 1
241 109 1
109 256 1
256 109 1
109 292 1
292 109 1
109 302 1
302 109 1
109 326 1
326 109 1
109 327 -1
327 109 -1
109 367 -1
367 109 -1
109 376 -1
376 109 -1
109 400 -1
400 109 -1
109 406 1
406 109 1
109 421 -1
421 109 -1
109 439 1
439 109 1
109 456 -1
456 109 -1
109 474 -1
474 109 -1
109 477 1
477 109 1
109 478 -1
478 109 -1
110 124 -1
124 110 -1
110 154 -1
154 110 -1
110 302 1
302 110 1
110 322 -1
322 110 -1
110 454 -1
454 110 -1
110 477 -1
477 110 -1
111 124 1
124 111 1
111 141 -1
141 111 -1
111 154 -1
154 111 -1
111 193 1
193 111 1
111 217 -1
217 111 -1
111 256 1
256 111 1
111 278 -1
278 111 -1
111 302 1
302 111 1
111 340 -1
340 111 -1
111 376 1
376 111 1
111 462 -1
462 111 -1
111 467 1
467 111 1
111 477 1
477 111 1
112 179 -1
179 112 -1
112 183 1
183 112 1
112 184 1
184 112 1
112 194 1
194 112 1
112 197 1
197 112 1
112 199 -1
199 112 -1
112 204 1
204 112 1
112 226 1
226 112 1
112 227 -1
227 112 -1
112 270 -1
270 112 -1
112 353 1
353 112 1
112 357 1
357 112 1
112 358 1
358 112 1
112 372 -1
372 112 -1
112 373 -1
373 112 -1
112 377 1
377 112 1
112 383 -1
383 112 -1
112 399 1
399 112 1
112 402 1
402 112 1
112 450 -1
450 112 -1
112 464 -1
464 112 -1
112 475 -1
475 112 -1
112 500 -1
500 112 -1
113 183 1
183 113 1
113 186 -1
186 113 -1
113 194 -1
194 113 -1
113 280 -1
280 113 -1
113 315 -1
315 113 -1
113 371 -1
371 113 -1
113 403 -1
403 113 -1
113 442 -1
442 113 -1
113 489 1
489 113 1
114 127 -1
127 114 -1
114 153 -1
153 114 -1
114 166 1
166 114 1
114 173 1
173 114 1
114 192 1
192 114 1
114 214 -1
214 114 -1
114 239 1
239 114 1
114 254 1
254 114 1
114 258 -1
258 114 -1
114 270 1
270 114 1
114 278 -1
278 114 -1
114 333 -1
333 114 -1
114 462 -1
462 114 -1
114 491 -1
491 114 -1
115 125 -1
125 115 -1
115 182 1
182 115 1
115 192 1
192 115 1
115 283 -1
283 115 -1
115 284 -1
284 115 -1
115 389 1
389 115 1
115 447 -1
447 115 -1
115 475 -1
475 115 -1
115 480 -1
480 115 -1
116 139 -1
139 116 -1
116 177 -1
177 116 -1
116 245 1
245 116 1
116 304 1
304 116 1
116 367 -1
367 116 -1
116 379 1
379 116 1
116 393 -1
393 116 -1
116 459 1
459 116 1
116 480 -1
480 116 -1
116 482 -1
482 116 -1
117 141 1
141 117 1
117 144 -1
144 117 -1
117 229 -1
229 117 -1
117 283 1
283 117 1
117 444 1
444 117 1
117 467 -1
467 117 -1
117 470 -1
470 117 -1
117 475 1
475 117 1
118 131 -1
131 118 -1
118 177 -1
177 118 -1
118 210 -1
210 118 -1
118 298 1
298 118 1
118 354 -1
354 118 -1
118 414 -1
414 118 -1
118 498 1
498 118 1
119 126 -1
126 119 -1
119 240 1
240 119 1
119 261 -1
261 119 -1
119 306 1
306 119 1
119 314 1
314 119 1
119 351 1
351 119 1
119 385 -1
385 119 -1
119 419 1
419 119 1
119 493 -1
493 119 -1
120 251 1
251 120 1
120 256 -1
256 120 -1
120 285 -1
285 120 -1
120 304 -1
304 120 -1
120 339 1
339 120 1
120 372 1
372 120 1
120 379 -1
379 120 -1
120 391 1
391 120 1
120 400 1
400 120 1
120 428 1
428 120 1
121 129 1
129 121 1
121 139 -1
139 121 -1
121 143 1
143 121 1
121 215 -1
215 121 -1
121 387 -1
387 121 -1
121 394 1
394 121 1
121 428 1
428 121 1
121 482 1
482 121 1
122 125 -1
125 122 -1
122 200 1
200 122 1
122 211 -1
211 122 -1
122 221 -1
221 122 -1
122 308 -1
308 122 -1
122 322 1
322 122 1
122 333 -1
333 122 -1
122 355 1
355 122 1
122 362 1
362 122 1
122 365 1
365 122 1
122 380 -1
380 122 -1
122 412 -1
412 122 -1
122 422 -1
422 122 -1
122 457 -1
457 122 -1
123 134 -1
134 123 -1
123 141 1
141 123 1
123 143 1
143 123 1
123 252 1
252 123 1
123 278 1
278 123 1
123 286 -1
286 123 -1
123 370 1
370 123 1
123 414 1
414 123 1
123 433 1
433 123 1
123 439 -1
439 123 -1
123 444 1
444 123 1
123 457 -1
457 123 -1
123 475 1
475 123 1
123 486 1
486 123 1
124 125 1
125 124 1
124 145 -1
145 124 -1
124 151 1
151 124 1
124 168 1
168 124 1
124 193 1
193 124 1
124 194 -1
194 124 -1
124 196 -1
196 124 -1
124 205 -1
205 124 -1
124 241 1
241 124 1
124 244 -1
244 124 -1
124 256 1
256 124 1
124 283 -1
283 124 -1
124 302 -1
302 124 -1
124 310 -1
310 124 -1
124 322 -1
322 124 -1
124 335 -1
335 124 -1
124 380 -1
380 124 -1
124 406 1
406 124 1
124 429 1
429 124 1
124 439 1
439 124 1
124 448 -1
448 124 -1
124 467 1
467 124 1
124 477 1
477 124 1
124 500 -1
500 124 -1
125 164 -1
164 125 -1
125 166 1
166 125 1
125 173 -1
173 125 -1
125 182 -1
182 125 -1
125 192 1
192 125 1
125 199 -1
199 125 -1
125 203 -1
203 125 -1
125 205 -1
205 125 -1
125 221 -1
221 125 -1
125 225 -1
225 125 -1
125 233 -1
233 125 -1
125 235 -1
235 125 -1
125 239 -1
239 125 -1
125 254 1
254 125 1
125 264 1
264 125 1
125 270 1
270 125 1
125 281 1
281 125 1
125 318 1
318 125 1
125 330 1
330 125 1
125 334 -1
334 125 -1
125 342 -1
342 125 -1
125 346 1
346 125 1
125 354 -1
354 125 -1
125 367 -1
367 125 -1
125 376 1
376 125 1
125 389 1
389 125 1
125 394 1
394 125 1
125 404 -1
404 125 -1
125 422 -1
422 125 -1
125 423 1
423 125 1
125 450 -1
450 125 -1
126 182 -1
182 126 -1
126 218 1
218 126 1
126 238 1
238 126 1
126 250 1
250 126 1
126 267 1
267 126 1
126 329 -1
329 126 -1
126 340 -1
340 126 -1
126 386 1
386 126 1
126 395 1
395 126 1
126 400 -1
400 126 -1
126 468 -1
468 126 -1
127 216 -1
216 127 -1
127 293 1
293 127 1
127 359 1
359 127 1
127 440 -1
440 127 -1
127 444 -1
444 127 -1
127 459 -1
459 127 -1
127 498 1
498 127 1
128 158 -1
158 128 -1
128 165 -1
165 128 -1
128 309 -1
309 128 -1
128 359 1
359 128 1
128 364 -1
364 128 -1
128 438 -1
438 128 -1
128 449 1
449 128 1
128 473 -1
473 128 -1
128 498 1
498 128 1
129 136 -1
136 129 -1
129 161 1
161 129 1
129 175 -1
175 129 -1
129 196 -1
196 129 -1
129 229 -1
229 129 -1
129 241 -1
241 129 -1
129 262 -1
262 129 -1
129 263 1
263 129 1
129 286 1
286 129 1
129 318 -1
318 129 -1
129 345 -1
345 129 -1
129 354 1
354 129 1
129 364 1
364 129 1
129 387 1
387 129 1
129 400 -1
400 129 -1
129 403 -1
403 129 -1
129 409 1
409 129 1
129 422 1
422 129 1
129 434 -1
434 129 -1
129 485 1
485 129 1
130 143 -1
143 130 -1
130 190 -1
190 130 -1
130 214 -1
214 130 -1
130 262 1
262 130 1
130 274 1
274 130 1
130 387 1
387 130 1
130 409 1
409 130 1
130 411 -1
411 130 -1
130 414 -1
414 130 -1
130 418 -1
418 130 -1
130 422 -1
422 130 -1
130 440 1
440 130 1
130 459 1
459 130 1
130 480 1
480 130 1
130 485 1
485 130 1
130 494 -1
494 130 -1
131 137 -1
137 131 -1
131 204 -1
204 131 -1
131 222 -1
222 131 -1
131 247 -1
247 131 -1
131 354 -1
354 131 -1
131 359 1
359 131 1
131 456 -1
456 131 -1
131 485 -1
485 131 -1
131 498 1
498 131 1
132 175 -1
175 132 -1
132 200 1
200 132 1
132 215 1
215 132 1
132 299 -1
299 132 -1
132 321 1
321 132 1
132 322 1
322 132 1
132 464 -1
464 132 -1
133 137 1
137 133 1
133 144 1
144 133 1
133 251 1
251 133 1
133 281 -1
281 133 -1
133 324 -1
324 133 -1
133 359 1
359 133 1
133 462 -1
462 133 -1
133 498 1
498 133 1
134 139 1
139 134 1
134 159 -1
159 134 -1
134 181 1
181 134 1
134 242 1
242 134 1
134 303 1
303 134 1
134 396 -1
396 134 -1
134 435 1
435 134 1
134 456 -1
456 134 -1
134 457 1
457 134 1
135 145 -1
145 135 -1
135 175 -1
175 135 -1
135 218 1
218 135 1
135 233 1
233 135 1
135 243 -1
243 135 -1
135 257 1
257 135 1
135 259 1
259 135 1
135 267 -1
267 135 -1
135 272 -1
272 135 -1
135 330 -1
330 135 -1
135 360 -1
360 135 -1
135 386 1
386 135 1
135 450 1
450 135 1
135 480 -1
480 135 -1
135 482 -1
482 135 -1
135 483 -1
483 135 -1
135 492 -1
492 135 -1
136 150 -1
150 136 -1
136 235 -1
235 136 -1
136 252 -1
252 136 -1
136 312 1
312 136 1
136 324 1
324 136 1
136 426 1
426 136 1
136 441 -1
441 136 -1
136 442 1
442 136 1
136 448 1
448 136 1
136 475 -1
475 136 -1
136 482 -1
482 136 -1
137 189 -1
189 137 -1
137 293 1
293 137 1
137 328 1
328 137 1
137 359 -1
359 137 -1
137 376 -1
376 137 -1
137 416 -1
416 137 -1
137 498 1
498 137 1
138 141 1
141 138 1
138 153 1
153 138 1
138 165 -1
165 138 -1
138 187 1
187 138 1
138 252 -1
252 138 -1
138 278 1
278 138 1
138 285 1
285 138 1
138 292 -1
292 138 -1
138 302 -1
302 138 -1
138 313 -1
313 138 -1
138 332 1
332 138 1
138 355 -1
355 138 -1
138 370 1
370 138 1
138 389 -1
389 138 -1
138 390 -1
390 138 -1
138 411 -1
411 138 -1
138 444 1
444 138 1
138 475 -1
475 138 -1
138 487 1
487 138 1
139 147 1
147 139 1
139 166 1
166 139 1
139 173 -1
173 139 -1
139 179 1
179 139 1
139 181 1
181 139 1
139 192 1
192 139 1
139 203 1
203 139 1
139 204 1
204 139 1
139 218 -1
218 139 -1
139 242 1
242 139 1
139 250 -1
250 139 -1
139 257 -1
257 139 -1
139 260 1
260 139 1
139 270 -1
270 139 -1
139 276 1
276 139 1
139 283 1
283 139 1
139 295 -1
295 139 -1
139 301 -1
301 139 -1
139 303 1
303 139 1
139 332 1
332 139 1
139 348 1
348 139 1
139 375 1
375 139 1
139 378 1
378 139 1
139 399 -1
399 139 -1
139 403 -1
403 139 -1
139 407 1
407 139 1
139 409 -1
409 139 -1
139 420 1
420 139 1
139 438 1
438 139 1
139 447 -1
447 139 -1
139 457 1
457 139 1
139 469 -1
469 139 -1
139 472 1
472 139 1
139 486 -1
486 139 -1
139 494 1
494 139 1
140 141 1
141 140 1
140 197 -1
197 140 -1
140 209 -1
209 140 -1
140 278 1
278 140 1
140 280 1
280 140 1
140 371 -1
371 140 -1
140 404 -1
404 140 -1
140 475 1
475 140 1
140 487 1
487 140 1
141 170 1
170 141 1
141 192 -1
192 141 -1
141 195 -1
195 141 -1
141 198 1
198 141 1
141 226 1
226 141 1
141 241 -1
241 141 -1
141 244 -1
244 141 -1
141 258 1
258 141 1
141 262 1
262 141 1
141 274 -1
274 141 -1
141 278 1
278 141 1
141 280 1
280 141 1
141 300 -1
300 141 -1
141 303 -1
303 141 -1
141 312 -1
312 141 -1
141 332 1
332 141 1
141 335 1
335 141 1
141 352 -1
352 141 -1
141 363 1
363 141 1
141 370 1
370 141 1
141 380 1
380 141 1
141 392 -1
392 141 -1
141 416 1
416 141 1
141 419 1
419 141 1
141 435 -1
435 141 -1
141 444 1
444 141 1
141 454 1
454 141 1
141 462 -1
462 141 -1
141 466 -1
466 141 -1
141 471 -1
471 141 -1
141 475 1
475 141 1
142 147 -1
147 142 -1
142 238 -1
238 142 -1
142 350 -1
350 142 -1
142 381 1
381 142 1
142 403 1
403 142 1
142 405 1
405 142 1
142 446 -1
446 142 -1
142 470 1
470 142 1
142 483 1
483 142 1
143 157 -1
157 143 -1
143 169 -1
169 143 -1
143 192 -1
192 143 -1
143 196 -1
196 143 -1
143 204 -1
204 143 -1
143 206 -1
206 143 -1
143 211 1
211 143 1
143 219 -1
219 143 -1
143 237 1
237 143 1
143 253 1
253 143 1
143 262 1
262 143 1
143 263 1
263 143 1
143 274 1
274 143 1
143 322 -1
322 143 -1
143 354 -1
354 143 -1
143 364 1
364 143 1
143 368 1
368 143 1
143 374 1
374 143 1
143 378 -1
378 143 -1
143 380 1
380 143 1
143 397 1
397 143 1
143 409 1
409 143 1
143 422 1
422 143 1
143 437 -1
437 143 -1
143 449 -1
449 143 -1
143 461 1
461 143 1
143 464 -1
464 143 -1
143 482 1
482 143 1
143 497 1
497 143 1
143 498 -1
498 143 -1
144 202 1
202 144 1
144 234 -1
234 144 -1
144 331 -1
331 144 -1
144 359 -1
359 144 -1
144 435 -1
435 144 -1
144 456 1
456 144 1
144 498 1
498 144 1
145 199 -1
199 145 -1
145 210 -1
210 145 -1
145 216 1
216 145 1
145 221 1
221 145 1
145 259 -1
259 145 -1
145 287 1
287 145 1
145 290 1
290 145 1
145 336 -1
336 145 -1
145 357 -1
357 145 -1
145 367 1
367 145 1
145 379 1
379 145 1
145 417 1
417 145 1
145 441 1
441 145 1
145 471 1
471 145 1
145 473 1
473 145 1
145 480 -1
480 145 -1
146 183 1
183 146 1
146 229 1
229 146 1
146 346 -1
346 146 -1
146 388 1
388 146 1
146 460 -1
460 146 -1
146 498 -1
498 146 -1
147 176 1
176 147 1
147 204 1
204 147 1
147 212 1
212 147 1
147 214 -1
214 147 -1
147 219 1
219 147 1
147 257 1
257 147 1
147 370 -1
370 147 -1
147 392 1
392 147 1
147 415 -1
415 147 -1
147 417 -1
417 147 -1
147 435 1
435 147 1
147 437 1
437 147 1
147 462 -1
462 147 -1
147 472 1
472 147 1
148 161 1
161 148 1
148 240 -1
240 148 -1
148 263 -1
263 148 -1
148 324 1
324 148 1
148 386 1
386 148 1
148 389 1
389 148 1
148 391 -1
391 148 -1
148 396 -1
396 148 -1
148 445 -1
445 148 -1
149 182 1
182 149 1
149 192 1
192 149 1
149 225 1
225 149 1
149 254 1
254 149 1
149 270 -1
270 149 -1
149 392 -1
392 149 -1
149 443 1
443 149 1
149 448 -1
448 149 -1
149 477 -1
477 149 -1
150 228 -1
228 150 -1
150 260 -1
260 150 -1
150 274 1
274 150 1
150 282 1
282 150 1
150 312 1
312 150 1
150 372 -1
372 150 -1
150 390 1
390 150 1
150 426 -1
426 150 -1
150 442 1
442 150 1
150 448 1
448 150 1
151 218 1
218 151 1
151 219 1
219 151 1
151 230 -1
230 151 -1
151 243 1
243 151 1
151 259 1
259 151 1
151 295 1
295 151 1
151 316 1
316 151 1
151 381 1
381 151 1
151 384 -1
384 151 -1
151 395 1
395 151 1
151 413 1
413 151 1
151 415 -1
415 151 -1
151 422 -1
422 151 -1
151 450 1
450 151 1
151 453 -1
453 151 -1
151 459 -1
459 151 -1
152 165 1
165 152 1
152 166 -1
166 152 -1
152 213 -1
213 152 -1
152 214 1
214 152 1
152 217 1
217 152 1
152 225 -1
225 152 -1
152 298 -1
298 152 -1
152 315 1
315 152 1
152 434 1
434 152 1
152 461 -1
461 152 -1
152 465 -1
465 152 -1
152 471 -1
471 152 -1
153 170 1
170 153 1
153 177 -1
177 153 -1
153 226 1
226 153 1
153 228 1
228 153 1
153 263 -1
263 153 -1
153 299 1
299 153 1
153 318 1
318 153 1
153 332 -1
332 153 -1
153 344 -1
344 153 -1
153 363 1
363 153 1
153 370 1
370 153 1
153 380 1
380 153 1
153 381 1
381 153 1
153 387 1
387 153 1
153 404 -1
404 153 -1
153 442 -1
442 153 -1
153 444 1
444 153 1
154 167 1
167 154 1
154 172 -1
172 154 -1
154 196 1
196 154 1
154 209 1
209 154 1
154 251 -1
251 154 -1
154 258 1
258 154 1
154 391 -1
391 154 -1
154 441 -1
441 154 -1
154 451 1
451 154 1
154 453 1
453 154 1
154 493 -1
493 154 -1
154 495 -1
495 154 -1
155 173 1
173 155 1
155 182 1
182 155 1
155 319 -1
319 155 -1
155 346 1
346 155 1
155 367 1
367 155 1
155 475 -1
475 155 -1
155 478 -1
478 155 -1
156 275 1
275 156 1
156 285 -1
285 156 -1
156 346 -1
346 156 -1
156 360 1
360 156 1
156 402 1
402 156 1
156 493 1
493 156 1
157 195 -1
195 157 -1
157 226 -1
226 157 -1
157 267 1
267 157 1
157 386 -1
386 157 -1
157 436 1
436 157 1
157 450 1
450 157 1
157 482 -1
482 157 -1
158 230 1
230 158 1
158 257 -1
257 158 -1
158 292 -1
292 158 -1
158 334 1
334 158 1
158 399 -1
399 158 -1
158 433 -1
433 158 -1
158 442 -1
442 158 -1
158 449 -1
449 158 -1
159 245 -1
245 159 -1
159 326 -1
326 159 -1
159 346 -1
346 159 -1
159 403 1
403 159 1
159 415 1
415 159 1
159 483 1
483 159 1
160 162 1
162 160 1
160 170 1
170 160 1
160 174 1
174 160 1
160 200 -1
200 160 -1
160 201 -1
201 160 -1
160 273 1
273 160 1
160 278 1
278 160 1
160 285 -1
285 160 -1
160 318 -1
318 160 -1
160 349 1
349 160 1
160 370 1
370 160 1
160 401 1
401 160 1
160 408 -1
408 160 -1
160 411 -1
411 160 -1
160 417 -1
417 160 -1
160 426 -1
426 160 -1
160 444 1
444 160 1
160 448 -1
448 160 -1
160 454 -1
454 160 -1
160 462 -1
462 160 -1
160 494 -1
494 160 -1
161 171 -1
171 161 -1
161 202 -1
202 161 -1
161 246 -1
246 161 -1
161 349 1
349 161 1
161 408 -1
408 161 -1
161 422 -1
422 161 -1
161 492 1
492 161 1
162 173 -1
173 162 -1
162 228 1
228 162 1
162 280 1
280 162 1
162 351 -1
351 162 -1
162 370 1
370 162 1
162 403 1
403 162 1
162 442 -1
442 162 -1
162 444 1
444 162 1
162 496 -1
496 162 -1
163 185 1
185 163 1
163 188 1
188 163 1
163 219 -1
219 163 -1
163 228 1
228 163 1
163 233 -1
233 163 -1
163 246 1
246 163 1
163 272 1
272 163 1
163 295 1
295 163 1
163 310 1
310 163 1
163 317 1
317 163 1
163 340 1
340 163 1
163 346 -1
346 163 -1
163 359 -1
359 163 -1
163 369 1
369 163 1
163 371 1
371 163 1
163 378 1
378 163 1
163 400 -1
400 163 -1
163 404 -1
404 163 -1
163 411 -1
411 163 -1
163 450 -1
450 163 -1
163 466 -1
466 163 -1
163 477 -1
477 163 -1
163 493 -1
493 163 -1
164 176 1
176 164 1
164 198 -1
198 164 -1
164 212 1
212 164 1
164 260 1
260 164 1
164 276 1
276 164 1
164 283 1
283 164 1
164 375 1
375 164 1
164 431 -1
431 164 -1
164 457 1
457 164 1
164 472 1
472 164 1
164 476 -1
476 164 -1
165 172 1
172 165 1
165 198 1
198 165 1
165 214 -1
214 165 -1
165 217 1
217 165 1
165 258 -1
258 165 -1
165 292 -1
292 165 -1
165 314 -1
314 165 -1
165 315 1
315 165 1
165 342 1
342 165 1
165 360 -1
360 165 -1
165 391 -1
391 165 -1
165 411 1
411 165 1
165 412 -1
412 165 -1
165 432 1
432 165 1
165 434 1
434 165 1
165 445 1
445 165 1
165 450 -1
450 165 -1
165 466 -1
466 165 -1
165 481 -1
481 165 -1
165 500 -1
500 165 -1
166 173 -1
173 166 -1
166 192 1
192 166 1
166 209 -1
209 166 -1
166 223 1
223 166 1
166 225 1
225 166 1
166 226 1
226 166 1
166 238 -1
238 166 -1
166 254 1
254 166 1
166 264 1
264 166 1
166 268 -1
268 166 -1
166 284 -1
284 166 -1
166 318 -1
318 166 -1
166 330 1
330 166 1
166 346 1
346 166 1
166 364 -1
364 166 -1
166 380 -1
380 166 -1
167 171 -1
171 167 -1
167 174 -1
174 167 -1
167 180 -1
180 167 -1
167 183 -1
183 167 -1
167 187 1
187 167 1
167 195 1
195 167 1
167 209 1
209 167 1
167 211 1
211 167 1
167 247 -1
247 167 -1
167 258 -1
258 167 -1
167 280 -1
280 167 -1
167 341 1
341 167 1
167 352 1
352 167 1
167 444 -1
444 167 -1
167 446 1
446 167 1
167 451 1
451 167 1
167 464 -1
464 167 -1
168 228 -1
228 168 -1
168 302 -1
302 168 -1
168 315 -1
315 168 -1
168 406 1
406 168 1
168 422 -1
422 168 -1
168 475 -1
475 168 -1
169 195 1
195 169 1
169 258 -1
258 169 -1
169 278 -1
278 169 -1
169 302 -1
302 169 -1
169 331 1
331 169 1
169 380 1
380 169 1
170 174 1
174 170 1
170 182 1
182 170 1
170 215 -1
215 170 -1
170 219 -1
219 170 -1
170 228 1
228 170 1
170 240 -1
240 170 -1
170 257 1
257 170 1
170 303 -1
303 170 -1
170 308 1
308 170 1
170 346 -1
346 170 -1
170 347 -1
347 170 -1
170 351 -1
351 170 -1
170 380 1
380 170 1
170 422 -1
422 170 -1
170 425 1
425 170 1
170 428 1
428 170 1
170 460 -1
460 170 -1
170 462 1
462 170 1
170 486 1
486 170 1
171 200 -1
200 171 -1
171 271 1
271 171 1
171 272 1
272 171 1
171 295 -1
295 171 -1
171 330 1
330 171 1
171 370 -1
370 171 -1
171 393 1
393 171 1
171 404 -1
404 171 -1
171 425 1
425 171 1
171 466 -1
466 171 -1
172 197 -1
197 172 -1
172 198 1
198 172 1
172 214 -1
214 172 -1
172 326 -1
326 172 -1
172 411 1
411 172 1
172 434 1
434 172 1
172 442 -1
442 172 -1
172 448 -1
448 172 -1
172 455 -1
455 172 -1
173 180 -1
180 173 -1
173 182 1
182 173 1
173 192 1
192 173 1
173 196 -1
196 173 -1
173 209 -1
209 173 -1
173 219 -1
219 173 -1
173 225 1
225 173 1
173 247 1
247 173 1
173 254 1
254 173 1
173 263 -1
263 173 -1
173 265 -1
265 173 -1
173 270 1
270 173 1
173 275 -1
275 173 -1
173 281 1
281 173 1
173 300 -1
300 173 -1
173 312 -1
312 173 -1
173 318 1
318 173 1
173 386 -1
386 173 -1
173 388 1
388 173 1
173 416 -1
416 173 -1
173 423 1
423 173 1
173 439 -1
439 173 -1
173 450 -1
450 173 -1
173 463 -1
463 173 -1
173 475 -1
475 173 -1
174 240 -1
240 174 -1
174 265 1
265 174 1
174 273 1
273 174 1
174 296 1
296 174 1
174 325 -1
325 174 -1
174 354 -1
354 174 -1
174 368 -1
368 174 -1
174 380 1
380 174 1
174 418 -1
418 174 -1
174 454 -1
454 174 -1
174 455 1
455 174 1
174 475 1
475 174 1
174 477 -1
477 174 -1
174 486 1
486 174 1
175 183 -1
183 175 -1
175 218 -1
218 175 -1
175 219 1
219 175 1
175 255 -1
255 175 -1
175 259 1
259 175 1
175 422 -1
422 175 -1
175 450 -1
450 175 -1
176 179 1
179 176 1
176 204 1
204 176 1
176 210 -1
210 176 -1
176 283 1
283 176 1
176 331 1
331 176 1
176 372 -1
372 176 -1
176 448 -1
448 176 -1
176 457 1
457 176 1
176 498 1
498 176 1
177 179 -1
179 177 -1
177 217 -1
217 177 -1
177 221 -1
221 177 -1
177 251 1
251 177 1
177 280 -1
280 177 -1
177 302 1
302 177 1
177 429 1
429 177 1
177 474 1
474 177 1
177 477 1
477 177 1
177 498 -1
498 177 -1
178 181 -1
181 178 -1
178 245 1
245 178 1
178 287 -1
287 178 -1
178 316 -1
316 178 -1
178 343 -1
343 178 -1
178 410 1
410 178 1
178 441 -1
441 178 -1
178 446 1
446 178 1
178 459 1
459 178 1
178 473 1
473 178 1
178 478 -1
478 178 -1
178 481 -1
481 178 -1
179 204 1
204 179 1
179 250 -1
250 179 -1
179 257 1
257 179 1
179 276 1
276 179 1
179 305 1
305 179 1
179 329 -1
329 179 -1
179 383 -1
383 179 -1
179 386 -1
386 179 -1
179 485 -1
485 179 -1
180 184 -1
184 180 -1
180 228 -1
228 180 -1
180 236 -1
236 180 -1
180 244 -1
244 180 -1
180 328 1
328 180 1
180 353 -1
353 180 -1
180 357 1
357 180 1
180 362 -1
362 180 -1
180 426 -1
426 180 -1
180 457 -1
457 180 -1
180 464 1
464 180 1
180 468 1
468 180 1
180 482 -1
482 180 -1
180 493 -1
493 180 -1
181 260 1
260 181 1
181 280 -1
280 181 -1
181 283 1
283 181 1
181 305 1
305 181 1
181 320 -1
320 181 -1
181 375 1
375 181 1
181 421 -1
421 181 -1
181 422 -1
422 181 -1
181 468 -1
468 181 -1
182 192 1
192 182 1
182 211 1
211 182 1
182 214 -1
214 182 -1
182 225 1
225 182 1
182 238 -1
238 182 -1
182 239 1
239 182 1
182 247 1
247 182 1
182 254 -1
254 182 -1
182 270 -1
270 182 -1
182 293 -1
293 182 -1
182 310 -1
310 182 -1
182 330 1
330 182 1
182 344 1
344 182 1
182 351 1
351 182 1
182 372 -1
372 182 -1
182 387 1
387 182 1
182 390 -1
390 182 -1
182 403 1
403 182 1
182 417 -1
417 182 -1
182 425 1
425 182 1
182 460 -1
460 182 -1
182 464 -1
464 182 -1
182 482 1
482 182 1
183 184 1
184 183 1
183 190 -1
190 183 -1
183 194 1
194 183 1
183 210 1
210 183 1
183 215 -1
215 183 -1
183 226 -1
226 183 -1
183 230 1
230 183 1
183 233 -1
233 183 -1
183 244 1
244 183 1
183 314 -1
314 183 -1
183 328 1
328 183 1
183 359 -1
359 183 -1
183 384 1
384 183 1
183 388 1
388 183 1
183 399 1
399 183 1
183 475 -1
475 183 -1
183 478 -1
478 183 -1
183 486 1
486 183 1
183 489 1
489 183 1
183 490 1
490 183 1
184 195 -1
195 184 -1
184 197 1
197 184 1
184 210 1
210 184 1
184 219 -1
219 184 -1
184 231 1
231 184 1
184 254 -1
254 184 -1
184 291 -1
291 184 -1
184 302 -1
302 184 -1
184 315 -1
315 184 -1
184 325 -1
325 184 -1
184 328 1
328 184 1
184 329 -1
329 184 -1
184 334 1
334 184 1
184 353 1
353 184 1
184 370 1
370 184 1
184 375 -1
375 184 -1
184 384 -1
384 184 -1
184 389 1
389 184 1
184 391 -1
391 184 -1
184 397 -1
397 184 -1
184 399 -1
399 184 -1
184 404 1
404 184 1
184 407 -1
407 184 -1
184 468 1
468 184 1
184 491 -1
491 184 -1
185 188 1
188 185 1
185 201 1
201 185 1
185 225 -1
225 185 -1
185 246 -1
246 185 -1
185 259 -1
259 185 -1
185 272 1
272 185 1
185 295 1
295 185 1
185 310 -1
310 185 -1
185 346 -1
346 185 -1
185 353 -1
353 185 -1
185 371 1
371 185 1
185 404 -1
404 185 -1
185 480 1
480 185 1
186 205 1
205 186 1
186 219 1
219 186 1
186 324 -1
324 186 -1
186 413 1
413 186 1
186 450 -1
450 186 -1
187 258 1
258 187 1
187 278 -1
278 187 -1
187 352 1
352 187 1
187 426 -1
426 187 -1
187 461 -1
461 187 -1
188 189 -1
189 188 -1
188 249 -1
249 188 -1
188 295 1
295 188 1
188 393 1
393 188 1
188 404 1
404 188 1
188 407 1
407 188 1
188 434 -1
434 188 -1
189 190 -1
190 189 -1
189 220 -1
220 189 -1
189 233 -1
233 189 -1
189 242 -1
242 189 -1
189 261 -1
261 189 -1
189 280 -1
280 189 -1
189 314 1
314 189 1
189 320 1
320 189 1
189 327 1
327 189 1
189 329 -1
329 189 -1
189 398 1
398 189 1
189 419 1
419 189 1
189 432 -1
432 189 -1
189 483 -1
483 189 -1
189 493 1
493 189 1
190 218 1
218 190 1
190 219 1
219 190 1
190 225 -1
225 190 -1
190 233 1
233 190 1
190 259 1
259 190 1
190 284 -1
284 190 -1
190 386 -1
386 190 -1
190 402 1
402 190 1
190 450 1
450 190 1
190 496 -1
496 190 -1
191 241 1
241 191 1
191 302 1
302 191 1
191 330 -1
330 191 -1
191 377 -1
377 191 -1
191 413 -1
413 191 -1
191 439 1
439 191 1
191 444 -1
444 191 -1
191 477 1
477 191 1
191 500 -1
500 191 -1
192 195 -1
195 192 -1
192 219 -1
219 192 -1
192 225 1
225 192 1
192 247 -1
247 192 -1
192 254 -1
254 192 -1
192 258 1
258 192 1
192 269 -1
269 192 -1
192 288 -1
288 192 -1
192 290 1
290 192 1
192 318 1
318 192 1
192 346 1
346 192 1
192 351 1
351 192 1
192 372 -1
372 192 -1
192 376 -1
376 192 -1
192 389 1
389 192 1
192 436 -1
436 192 -1
192 457 -1
457 192 -1
193 199 1
199 193 1
193 226 -1
226 193 -1
193 233 -1
233 193 -1
193 236 -1
236 193 -1
193 302 1
302 193 1
193 373 -1
373 193 -1
193 380 1
380 193 1
194 323 1
323 194 1
194 366 -1
366 194 -1
194 441 -1
441 194 -1
195 196 1
196 195 1
195 202 1
202 195 1
195 209 1
209 195 1
195 214 -1
214 195 -1
195 224 1
224 195 1
195 233 1
233 195 1
195 236 -1
236 195 -1
195 239 1
239 195 1
195 258 1
258 195 1
195 259 1
259 195 1
195 279 1
279 195 1
195 313 -1
313 195 -1
195 370 -1
370 195 -1
195 380 -1
380 195 -1
195 394 1
394 195 1
195 409 1
409 195 1
195 415 1
415 195 1
195 427 1
427 195 1
195 431 1
431 195 1
195 441 1
441 195 1
195 451 -1
451 195 -1
195 453 1
453 195 1
195 463 -1
463 195 -1
195 468 -1
468 195 -1
195 469 -1
469 195 -1
195 488 -1
488 195 -1
195 492 1
492 195 1
196 209 -1
209 196 -1
196 258 1
258 196 1
196 272 -1
272 196 -1
196 288 1
288 196 1
196 313 1
313 196 1
196 314 -1
314 196 -1
196 338 1
338 196 1
196 341 -1
341 196 -1
196 361 -1
361 196 -1
196 394 1
394 196 1
196 446 1
446 196 1
196 448 -1
448 196 -1
196 449 -1
449 196 -1
196 451 1
451 196 1
196 469 -1
469 196 -1
197 206 -1
206 197 -1
197 233 -1
233 197 -1
197 251 -1
251 197 -1
197 256 1
256 197 1
197 399 1
399 197 1
197 488 -1
488 197 -1
197 500 -1
500 197 -1
198 214 1
214 198 1
198 217 1
217 198 1
198 218 -1
218 198 -1
198 254 -1
254 198 -1
198 315 -1
315 198 -1
198 412 -1
412 198 -1
198 432 1
432 198 1
198 498 -1
498 198 -1
199 221 -1
221 199 -1
199 330 -1
330 199 -1
199 389 1
389 199 1
199 439 1
439 199 1
199 477 1
477 199 1
200 201 -1
201 200 -1
200 215 1
215 200 1
200 246 -1
246 200 -1
200 251 -1
251 200 -1
200 258 1
258 200 1
200 295 -1
295 200 -1
200 311 1
311 200 1
200 322 1
322 200 1
200 324 -1
324 200 -1
200 350 1
350 200 1
200 355 -1
355 200 -1
200 361 1
361 200 1
200 362 1
362 200 1
200 418 -1
418 200 -1
200 443 1
443 200 1
200 480 1
480 200 1
200 497 -1
497 200 -1
201 204 -1
204 201 -1
201 223 1
223 201 1
201 234 1
234 201 1
201 246 1
246 201 1
201 295 1
295 201 1
201 310 1
310 201 1
201 355 -1
355 201 -1
201 404 1
404 201 1
201 466 1
466 201 1
201 470 -1
470 201 -1
202 258 1
258 202 1
202 270 -1
270 202 -1
202 320 -1
320 202 -1
202 343 -1
343 202 -1
202 446 1
446 202 1
203 204 -1
204 203 -1
203 212 1
212 203 1
203 273 -1
273 203 -1
203 303 -1
303 203 -1
203 323 1
323 203 1
203 350 -1
350 203 -1
203 355 -1
355 203 -1
203 391 -1
391 203 -1
203 392 1
392 203 1
203 395 -1
395 203 -1
203 405 -1
405 203 -1
203 438 1
438 203 1
203 454 -1
454 203 -1
203 457 1
457 203 1
203 494 1
494 203 1
204 212 1
212 204 1
204 220 -1
220 204 -1
204 221 1
221 204 1
204 256 -1
256 204 -1
204 257 1
257 204 1
204 260 -1
260 204 -1
204 261 -1
261 204 -1
204 282 -1
282 204 -1
204 283 1
283 204 1
204 303 -1
303 204 -1
204 305 1
305 204 1
204 318 -1
318 204 -1
204 321 -1
321 204 -1
204 323 1
323 204 1
204 332 -1
332 204 -1
204 343 1
343 204 1
204 348 1
348 204 1
204 364 -1
364 204 -1
204 372 -1
372 204 -1
204 375 1
375 204 1
204 391 -1
391 204 -1
204 392 1
392 204 1
204 396 -1
396 204 -1
204 407 1
407 204 1
204 411 -1
411 204 -1
204 426 -1
426 204 -1
204 435 -1
435 204 -1
204 457 1
457 204 1
204 469 -1
469 204 -1
204 472 1
472 204 1
204 494 1
494 204 1
205 218 1
218 205 1
205 219 1
219 205 1
205 233 -1
233 205 -1
205 235 1
235 205 1
205 236 -1
236 205 -1
205 259 1
259 205 1
205 285 -1
285 205 -1
205 302 -1
302 205 -1
205 326 1
326 205 1
205 343 1
343 205 1
205 386 1
386 205 1
205 419 -1
419 205 -1
205 450 1
450 205 1
206 210 1
210 206 1
206 229 1
229 206 1
206 244 1
244 206 1
206 260 1
260 206 1
206 362 -1
362 206 -1
206 399 -1
399 206 -1
206 477 -1
477 206 -1
207 213 1
213 207 1
207 223 -1
223 207 -1
207 225 1
225 207 1
207 274 -1
274 207 -1
207 322 -1
322 207 -1
207 324 1
324 207 1
207 354 1
354 207 1
207 409 1
409 207 1
207 461 -1
461 207 -1
208 226 1
226 208 1
208 228 1
228 208 1
208 278 1
278 208 1
208 380 1
380 208 1
208 406 -1
406 208 -1
208 444 1
444 208 1
208 448 -1
448 208 -1
208 483 -1
483 208 -1
208 491 -1
491 208 -1
209 233 -1
233 209 -1
209 236 -1
236 209 -1
209 248 1
248 209 1
209 250 1
250 209 1
209 354 -1
354 209 -1
209 372 -1
372 209 -1
209 394 1
394 209 1
209 427 1
427 209 1
209 428 -1
428 209 -1
209 438 -1
438 209 -1
209 470 -1
470 209 -1
210 244 1
244 210 1
210 328 1
328 210 1
210 370 1
370 210 1
210 399 1
399 210 1
210 403 -1
403 210 -1
210 489 -1
489 210 -1
210 493 -1
493 210 -1
211 212 -1
212 211 -1
211 275 -1
275 211 -1
211 289 -1
289 211 -1
211 297 1
297 211 1
211 322 1
322 211 1
211 350 1
350 211 1
211 355 1
355 211 1
211 362 1
362 211 1
211 374 -1
374 211 -1
211 383 1
383 211 1
211 402 -1
402 211 -1
211 415 -1
415 211 -1
211 418 1
418 211 1
211 448 -1
448 211 -1
211 460 -1
460 211 -1
211 490 -1
490 211 -1
212 249 -1
249 212 -1
212 276 1
276 212 1
212 283 1
283 212 1
212 296 1
296 212 1
212 302 -1
302 212 -1
212 303 1
303 212 1
212 305 1
305 212 1
212 323 1
323 212 1
212 348 1
348 212 1
212 366 -1
366 212 -1
212 371 1
371 212 1
212 375 1
375 212 1
212 397 -1
397 212 -1
212 407 -1
407 212 -1
212 432 -1
432 212 -1
212 435 1
435 212 1
212 457 1
457 212 1
212 458 1
458 212 1
212 462 -1
462 212 -1
212 479 -1
479 212 -1
213 262 1
262 213 1
213 263 1
263 213 1
213 276 -1
276 213 -1
213 349 1
349 213 1
213 422 -1
422 213 -1
214 217 1
217 214 1
214 251 -1
251 214 -1
214 280 -1
280 214 -1
214 302 -1
302 214 -1
214 314 -1
314 214 -1
214 315 1
315 214 1
214 325 -1
325 214 -1
214 365 1
365 214 1
214 411 1
411 214 1
214 412 1
412 214 1
214 422 -1
422 214 -1
214 426 -1
426 214 -1
214 432 -1
432 214 -1
214 434 1
434 214 1
214 445 1
445 214 1
214 455 1
455 214 1
214 482 -1
482 214 -1
215 278 1
278 215 1
215 299 -1
299 215 -1
215 308 1
308 215 1
215 323 -1
323 215 -1
215 335 1
335 215 1
215 401 -1
401 215 -1
215 475 1
475 215 1
215 477 -1
477 215 -1
215 487 1
487 215 1
216 245 1
245 216 1
216 263 -1
263 216 -1
216 328 -1
328 216 -1
216 365 -1
365 216 -1
216 389 -1
389 216 -1
216 417 1
417 216 1
217 256 -1
256 217 -1
217 309 1
309 217 1
217 336 1
336 217 1
217 359 -1
359 217 -1
217 423 -1
423 217 -1
217 432 1
432 217 1
217 434 -1
434 217 -1
217 445 1
445 217 1
217 451 -1
451 217 -1
217 452 1
452 217 1
217 455 1
455 217 1
218 219 1
219 218 1
218 225 -1
225 218 -1
218 233 -1
233 218 -1
218 235 -1
235 218 -1
218 238 1
238 218 1
218 243 1
243 218 1
218 259 -1
259 218 -1
218 266 -1
266 218 -1
218 267 1
267 218 1
218 278 -1
278 218 -1
218 326 1
326 218 1
218 347 1
347 218 1
218 361 -1
361 218 -1
218 374 -1
374 218 -1
218 386 -1
386 218 -1
218 394 -1
394 218 -1
218 395 1
395 218 1
218 402 -1
402 218 -1
218 426 -1
426 218 -1
218 450 1
450 218 1
218 451 -1
451 218 -1
218 452 1
452 218 1
218 458 -1
458 218 -1
218 459 1
459 218 1
218 475 -1
475 218 -1
219 227 -1
227 219 -1
219 228 -1
228 219 -1
219 233 1
233 219 1
219 238 1
238 219 1
219 246 -1
246 219 -1
219 253 -1
253 219 -1
219 259 1
259 219 1
219 267 1
267 219 1
219 303 -1
303 219 -1
219 307 -1
307 219 -1
219 310 -1
310 219 -1
219 316 1
316 219 1
219 326 1
326 219 1
219 347 1
347 219 1
219 370 -1
370 219 -1
219 373 -1
373 219 -1
219 386 1
386 219 1
219 387 -1
387 219 -1
219 391 -1
391 219 -1
219 393 -1
393 219 -1
219 395 1
395 219 1
219 413 1
413 219 1
219 436 1
436 219 1
219 439 -1
439 219 -1
219 446 -1
446 219 -1
219 450 1
450 219 1
219 452 1
452 219 1
220 230 -1
230 220 -1
220 261 1
261 220 1
220 267 -1
267 220 -1
220 306 1
306 220 1
220 392 -1
392 220 -1
220 414 1
414 220 1
220 448 -1
448 220 -1
220 488 -1
488 220 -1
221 227 1
227 221 1
221 255 1
255 221 1
221 267 -1
267 221 -1
221 269 1
269 221 1
221 312 1
312 221 1
221 314 1
314 221 1
221 366 1
366 221 1
221 372 -1
372 221 -1
221 385 1
385 221 1
221 390 1
390 221 1
221 396 1
396 221 1
221 408 1
408 221 1
221 426 1
426 221 1
221 442 1
442 221 1
221 448 1
448 221 1
221 465 -1
465 221 -1
221 497 -1
497 221 -1
222 251 1
251 222 1
222 256 -1
256 222 -1
222 260 -1
260 222 -1
222 339 1
339 222 1
222 372 1
372 222 1
222 391 1
391 222 1
222 400 1
400 222 1
222 422 -1
422 222 -1
222 482 -1
482 222 -1
223 272 1
272 223 1
223 295 1
295 223 1
223 298 1
298 223 1
223 310 1
310 223 1
223 336 -1
336 223 -1
223 371 1
371 223 1
223 375 -1
375 223 -1
223 425 -1
425 223 -1
223 444 -1
444 223 -1
224 258 1
258 224 1
224 277 -1
277 224 -1
224 326 1
326 224 1
224 331 -1
331 224 -1
224 462 -1
462 224 -1
225 234 1
234 225 1
225 239 1
239 225 1
225 247 1
247 225 1
225 254 1
254 225 1
225 264 1
264 225 1
225 270 1
270 225 1
225 281 1
281 225 1
225 284 -1
284 225 -1
225 285 1
285 225 1
225 300 1
300 225 1
225 306 -1
306 225 -1
225 318 1
318 225 1
225 346 1
346 225 1
225 351 1
351 225 1
225 386 -1
386 225 -1
225 389 1
389 225 1
225 410 1
410 225 1
225 411 -1
411 225 -1
225 414 -1
414 225 -1
225 422 -1
422 225 -1
225 423 1
423 225 1
225 426 -1
426 225 -1
225 431 -1
431 225 -1
225 461 -1
461 225 -1
225 463 -1
463 225 -1
225 487 -1
487 225 -1
226 227 -1
227 226 -1
226 280 1
280 226 1
226 285 1
285 226 1
226 313 1
313 226 1
226 335 1
335 226 1
226 363 1
363 226 1
226 380 1
380 226 1
226 401 1
401 226 1
226 428 -1
428 226 -1
226 429 1
429 226 1
226 444 1
444 226 1
226 454 -1
454 226 -1
226 464 -1
464 226 -1
226 500 -1
500 226 -1
227 234 -1
234 227 -1
227 261 -1
261 227 -1
227 268 -1
268 227 -1
227 269 1
269 227 1
227 312 1
312 227 1
227 339 -1
339 227 -1
227 437 -1
437 227 -1
227 442 -1
442 227 -1
227 448 1
448 227 1
228 254 -1
254 228 -1
228 258 -1
258 228 -1
228 272 -1
272 228 -1
228 285 1
285 228 1
228 287 -1
287 228 -1
228 302 -1
302 228 -1
228 332 1
332 228 1
228 335 1
335 228 1
228 348 1
348 228 1
228 370 1
370 228 1
228 380 1
380 228 1
228 391 -1
391 228 -1
228 401 1
401 228 1
228 420 -1
420 228 -1
228 462 -1
462 228 -1
228 469 -1
469 228 -1
228 475 1
475 228 1
228 486 1
486 228 1
229 244 1
244 229 1
229 307 -1
307 229 -1
229 334 1
334 229 1
229 349 1
349 229 1
229 389 -1
389 229 -1
229 468 1
468 229 1
230 302 -1
302 230 -1
230 433 -1
433 230 -1
230 473 1
473 230 1
230 500 1
500 230 1
231 244 -1
244 231 -1
231 246 1
246 231 1
231 388 1
388 231 1
231 451 -1
451 231 -1
231 482 -1
482 231 -1
232 236 -1
236 232 -1
232 331 1
331 232 1
232 348 -1
348 232 -1
232 352 1
352 232 1
232 412 -1
412 232 -1
232 489 -1
489 232 -1
233 238 -1
238 233 -1
233 259 1
259 233 1
233 267 1
267 233 1
233 316 1
316 233 1
233 347 1
347 233 1
233 368 -1
368 233 -1
233 386 1
386 233 1
233 391 1
391 233 1
233 395 1
395 233 1
233 404 -1
404 233 -1
233 406 -1
406 233 -1
233 413 1
413 233 1
233 442 -1
442 233 -1
233 450 -1
450 233 -1
234 246 1
246 234 1
234 371 1
371 234 1
234 404 -1
404 234 -1
234 466 1
466 234 1
234 468 -1
468 234 -1
235 303 1
303 235 1
235 309 1
309 235 1
235 375 -1
375 235 -1
235 406 -1
406 235 -1
235 407 -1
407 235 -1
235 435 1
435 235 1
235 446 -1
446 235 -1
235 457 1
457 235 1
236 251 -1
251 236 -1
236 254 -1
254 236 -1
236 288 -1
288 236 -1
236 323 -1
323 236 -1
236 339 1
339 236 1
236 372 1
372 236 1
236 373 1
373 236 1
236 382 1
382 236 1
236 391 1
391 236 1
236 400 1
400 236 1
236 458 -1
458 236 -1
236 469 1
469 236 1
236 491 1
491 236 1
237 246 -1
246 237 -1
237 249 1
249 237 1
237 253 1
253 237 1
237 262 1
262 237 1
237 263 1
263 237 1
237 325 -1
325 237 -1
237 336 -1
336 237 -1
237 354 1
354 237 1
237 413 -1
413 237 -1
237 422 1
422 237 1
238 301 -1
301 238 -1
238 304 -1
304 238 -1
238 314 -1
314 238 -1
238 343 1
343 238 1
238 386 1
386 238 1
238 388 -1
388 238 -1
238 389 -1
389 238 -1
238 395 1
395 238 1
238 403 -1
403 238 -1
238 450 1
450 238 1
239 295 -1
295 239 -1
239 318 1
318 239 1
239 355 1
355 239 1
239 389 1
389 239 1
239 394 -1
394 239 -1
239 476 -1
476 239 -1
240 245 -1
245 240 -1
240 248 -1
248 240 -1
240 261 1
261 240 1
240 275 -1
275 240 -1
240 278 -1
278 240 -1
240 290 -1
290 240 -1
240 291 -1
291 240 -1
240 306 1
306 240 1
240 316 -1
316 240 -1
240 327 1
327 240 1
240 360 1
360 240 1
240 402 -1
402 240 -1
240 414 1
414 240 1
240 430 -1
430 240 -1
240 440 -1
440 240 -1
240 457 -1
457 240 -1
240 460 1
460 240 1
240 493 1
493 240 1
241 302 1
302 241 1
241 380 -1
380 241 -1
241 439 1
439 241 1
241 441 -1
441 241 -1
241 455 -1
455 241 -1
241 477 1
477 241 1
241 500 -1
500 241 -1
242 247 -1
247 242 -1
242 268 1
268 242 1
242 283 -1
283 242 -1
242 303 -1
303 242 -1
242 323 1
323 242 1
242 409 -1
409 242 -1
242 496 -1
496 242 -1
243 252 -1
252 243 -1
243 347 1
347 243 1
243 484 -1
484 243 -1
244 253 1
253 244 1
244 274 -1
274 244 -1
244 350 -1
350 244 -1
244 357 1
357 244 1
244 362 -1
362 244 -1
244 387 -1
387 244 -1
244 417 -1
417 244 -1
245 262 -1
262 245 -1
245 273 -1
273 245 -1
245 302 -1
302 245 -1
245 304 1
304 245 1
245 389 1
389 245 1
245 417 1
417 245 1
245 432 -1
432 245 -1
245 441 -1
441 245 -1
245 459 1
459 245 1
245 473 1
473 245 1
246 251 -1
251 246 -1
246 272 1
272 246 1
246 289 1
289 246 1
246 295 -1
295 246 -1
246 369 1
369 246 1
246 378 1
378 246 1
246 404 1
404 246 1
246 448 -1
448 246 -1
246 466 1
466 246 1
247 287 -1
287 247 -1
247 300 1
300 247 1
247 318 1
318 247 1
247 330 1
330 247 1
247 358 -1
358 247 -1
247 387 -1
387 247 -1
247 389 1
389 247 1
247 477 -1
477 247 -1
248 302 -1
302 248 -1
248 306 -1
306 248 -1
248 331 1
331 248 1
248 355 -1
355 248 -1
248 431 1
431 248 1
248 446 -1
446 248 -1
248 482 -1
482 248 -1
248 492 1
492 248 1
248 495 -1
495 248 -1
249 251 1
251 249 1
249 356 1
356 249 1
249 391 1
391 249 1
249 400 1
400 249 1
249 496 -1
496 249 -1
250 251 -1
251 250 -1
250 258 1
258 250 1
251 258 1
258 251 1
251 278 1
278 251 1
251 302 -1
302 251 -1
251 306 1
306 251 1
251 319 1
319 251 1
251 333 1
333 251 1
251 342 1
342 251 1
251 352 -1
352 251 -1
251 356 1
356 251 1
251 358 -1
358 251 -1
251 370 -1
370 251 -1
251 372 1
372 251 1
251 373 -1
373 251 -1
251 390 1
390 251 1
251 391 1
391 251 1
251 400 1
400 251 1
251 428 1
428 251 1
251 430 1
430 251 1
251 432 -1
432 251 -1
251 469 1
469 251 1
251 477 -1
477 251 -1
251 478 1
478 251 1
251 484 1
484 251 1
251 491 1
491 251 1
252 285 1
285 252 1
252 292 -1
292 252 -1
252 296 1
296 252 1
252 375 -1
375 252 -1
252 380 -1
380 252 -1
252 386 -1
386 252 -1
253 263 1
263 253 1
253 291 -1
291 253 -1
253 422 1
422 253 1
253 462 -1
462 253 -1
253 482 1
482 253 1
254 270 1
270 254 1
254 280 -1
280 254 -1
254 302 -1
302 254 -1
254 306 -1
306 254 -1
254 318 -1
318 254 -1
254 322 -1
322 254 -1
254 333 -1
333 254 -1
254 346 1
346 254 1
254 347 -1
347 254 -1
254 351 1
351 254 1
254 387 1
387 254 1
254 416 -1
416 254 -1
254 443 1
443 254 1
254 462 1
462 254 1
254 500 1
500 254 1
255 312 1
312 255 1
255 315 -1
315 255 -1
255 418 -1
418 255 -1
255 448 1
448 255 1
255 454 -1
454 255 -1
256 292 1
292 256 1
256 302 -1
302 256 -1
256 374 -1
374 256 -1
256 380 -1
380 256 -1
256 439 1
439 256 1
257 260 -1
260 257 -1
257 283 1
283 257 1
257 375 1
375 257 1
257 392 -1
392 257 -1
257 401 -1
401 257 -1
257 404 1
404 257 1
257 407 -1
407 257 -1
257 428 -1
428 257 -1
257 435 -1
435 257 -1
257 473 1
473 257 1
258 288 1
288 258 1
258 295 -1
295 258 -1
258 304 -1
304 258 -1
258 311 -1
311 258 -1
258 314 -1
314 258 -1
258 320 -1
320 258 -1
258 338 1
338 258 1
258 341 1
341 258 1
258 362 -1
362 258 -1
258 380 -1
380 258 -1
258 390 -1
390 258 -1
258 394 1
394 258 1
258 400 -1
400 258 -1
258 423 -1
423 258 -1
258 427 1
427 258 1
258 429 1
429 258 1
258 439 -1
439 258 -1
258 446 -1
446 258 -1
258 482 -1
482 258 -1
258 492 1
492 258 1
258 500 -1
500 258 -1
259 272 -1
272 259 -1
259 301 -1
301 259 -1
259 303 -1
303 259 -1
259 307 1
307 259 1
259 339 1
339 259 1
259 343 1
343 259 1
259 347 1
347 259 1
259 363 -1
363 259 -1
259 386 1
386 259 1
259 395 1
395 259 1
259 435 -1
435 259 -1
259 444 1
444 259 1
259 452 1
452 259 1
259 475 -1
475 259 -1
259 479 -1
479 259 -1
260 323 1
323 260 1
260 353 -1
353 260 -1
260 471 -1
471 260 -1
261 275 1
275 261 1
261 306 1
306 261 1
261 314 1
314 261 1
261 320 1
320 261 1
261 336 1
336 261 1
261 391 -1
391 261 -1
261 399 -1
399 261 -1
261 402 -1
402 261 -1
261 427 -1
427 261 -1
261 441 -1
441 261 -1
261 460 1
460 261 1
261 475 -1
475 261 -1
261 488 -1
488 261 -1
261 498 -1
498 261 -1
262 274 1
274 262 1
262 286 -1
286 262 -1
262 302 -1
302 262 -1
262 354 1
354 262 1
262 355 -1
355 262 -1
262 380 1
380 262 1
262 400 1
400 262 1
262 409 1
409 262 1
262 422 1
422 262 1
262 440 1
440 262 1
262 447 -1
447 262 -1
262 473 -1
473 262 -1
263 274 1
274 263 1
263 347 -1
347 263 -1
263 351 1
351 263 1
263 354 1
354 263 1
263 370 -1
370 263 -1
263 393 -1
393 263 -1
263 403 -1
403 263 -1
263 409 1
409 263 1
263 422 1
422 263 1
263 440 1
440 263 1
263 447 -1
447 263 -1
263 459 -1
459 263 -1
263 461 1
461 263 1
263 482 1
482 263 1
263 485 1
485 263 1
263 493 1
493 263 1
263 497 1
497 263 1
263 499 -1
499 263 -1
264 274 -1
274 264 -1
264 318 1
318 264 1
264 341 -1
341 264 -1
264 346 1
346 264 1
264 424 -1
424 264 -1
265 280 1
280 265 1
265 291 -1
291 265 -1
265 329 -1
329 265 -1
265 370 -1
370 265 -1
265 372 -1
372 265 -1
265 395 -1
395 265 -1
265 444 1
444 265 1
265 462 1
462 265 1
265 480 -1
480 265 -1
265 493 -1
493 265 -1
266 293 1
293 266 1
266 300 -1
300 266 -1
266 306 -1
306 266 -1
266 401 -1
401 266 -1
266 404 -1
404 266 -1
266 449 1
449 266 1
266 495 1
495 266 1
266 498 1
498 266 1
267 347 1
347 267 1
267 364 -1
364 267 -1
267 379 -1
379 267 -1
267 386 1
386 267 1
267 395 1
395 267 1
267 406 1
406 267 1
267 407 -1
407 267 -1
267 436 -1
436 267 -1
267 450 1
450 267 1
267 492 -1
492 267 -1
267 498 -1
498 267 -1
268 319 -1
319 268 -1
268 350 1
350 268 1
268 383 1
383 268 1
268 405 -1
405 268 -1
269 320 -1
320 269 -1
269 328 -1
328 269 -1
269 382 1
382 269 1
269 417 1
417 269 1
269 442 1
442 269 1
269 448 -1
448 269 -1
269 495 -1
495 269 -1
270 281 1
281 270 1
270 318 1
318 270 1
270 332 -1
332 270 -1
270 389 1
389 270 1
270 394 -1
394 270 -1
270 469 1
469 270 1
271 327 -1
327 271 -1
271 347 -1
347 271 -1
271 369 1
369 271 1
271 378 -1
378 271 -1
271 404 1
404 271 1
271 443 -1
443 271 -1
271 470 -1
470 271 -1
272 310 1
310 272 1
272 317 -1
317 272 -1
272 340 1
340 272 1
272 343 -1
343 272 -1
272 346 -1
346 272 -1
272 365 1
365 272 1
272 371 1
371 272 1
272 378 -1
378 272 -1
272 404 1
404 272 1
272 457 -1
457 272 -1
273 301 1
301 273 1
273 337 -1
337 273 -1
273 355 -1
355 273 -1
273 380 1
380 273 1
273 409 -1
409 273 -1
273 421 -1
421 273 -1
273 428 -1
428 273 -1
273 448 -1
448 273 -1
273 454 1
454 273 1
273 462 1
462 273 1
273 475 1
475 273 1
273 486 -1
486 273 -1
273 495 -1
495 273 -1
274 283 -1
283 274 -1
274 324 1
324 274 1
274 327 -1
327 274 -1
274 349 -1
349 274 -1
274 359 -1
359 274 -1
274 404 1
404 274 1
274 409 1
409 274 1
274 422 1
422 274 1
274 432 -1
432 274 -1
274 439 -1
439 274 -1
274 482 1
482 274 1
274 485 1
485 274 1
275 294 1
294 275 1
275 311 -1
311 275 -1
275 314 1
314 275 1
275 320 1
320 275 1
275 442 -1
442 275 -1
275 443 -1
443 275 -1
275 493 1
493 275 1
275 496 -1
496 275 -1
276 327 -1
327 276 -1
276 338 -1
338 276 -1
276 366 -1
366 276 -1
276 404 -1
404 276 -1
276 407 1
407 276 1
276 457 1
457 276 1
277 282 -1
282 277 -1
277 290 -1
290 277 -1
277 312 1
312 277 1
277 326 -1
326 277 -1
277 354 1
354 277 1
277 426 1
426 277 1
277 442 1
442 277 1
277 448 -1
448 277 -1
277 495 -1
495 277 -1
278 284 1
284 278 1
278 296 1
296 278 1
278 306 -1
306 278 -1
278 308 -1
308 278 -1
278 322 -1
322 278 -1
278 370 1
370 278 1
278 387 -1
387 278 -1
278 444 1
444 278 1
278 475 1
475 278 1
278 497 -1
497 278 -1
279 314 -1
314 279 -1
279 341 1
341 279 1
279 347 -1
347 279 -1
279 487 -1
487 279 -1
279 495 1
495 279 1
280 313 1
313 280 1
280 339 -1
339 280 -1
280 350 -1
350 280 -1
280 380 1
380 280 1
280 435 -1
435 280 -1
280 444 -1
444 280 -1
280 455 -1
455 280 -1
280 475 1
475 280 1
280 491 -1
491 280 -1
281 318 1
318 281 1
281 371 -1
371 281 -1
281 374 -1
374 281 -1
281 414 -1
414 281 -1
281 462 -1
462 281 -1
282 299 1
299 282 1
282 312 1
312 282 1
282 323 -1
323 282 -1
282 366 1
366 282 1
282 377 -1
377 282 -1
282 408 1
408 282 1
282 409 -1
409 282 -1
282 426 1
426 282 1
282 436 -1
436 282 -1
282 442 1
442 282 1
282 448 1
448 282 1
282 493 -1
493 282 -1
283 304 -1
304 283 -1
283 353 -1
353 283 -1
283 372 -1
372 283 -1
283 392 1
392 283 1
283 420 1
420 283 1
283 435 1
435 283 1
283 438 1
438 283 1
283 439 -1
439 283 -1
283 446 -1
446 283 -1
283 450 -1
450 283 -1
283 457 1
457 283 1
283 494 1
494 283 1
284 335 1
335 284 1
284 370 1
370 284 1
284 401 1
401 284 1
284 414 -1
414 284 -1
285 452 -1
452 285 -1
285 462 1
462 285 1
285 498 -1
498 285 -1
286 362 1
362 286 1
286 374 1
374 286 1
286 389 1
389 286 1
286 409 1
409 286 1
286 489 1
489 286 1
286 497 1
497 286 1
287 296 -1
296 287 -1
287 410 -1
410 287 -1
287 441 1
441 287 1
287 459 1
459 287 1
287 473 -1
473 287 -1
287 482 -1
482 287 -1
288 304 -1
304 288 -1
288 469 -1
469 288 -1
288 473 -1
473 288 -1
288 475 -1
475 288 -1
289 314 -1
314 289 -1
289 321 1
321 289 1
289 322 1
322 289 1
289 396 -1
396 289 -1
289 432 -1
432 289 -1
290 314 -1
314 290 -1
290 367 1
367 290 1
290 373 -1
373 290 -1
290 379 1
379 290 1
290 417 1
417 290 1
291 294 1
294 291 1
291 306 1
306 291 1
291 327 1
327 291 1
291 329 1
329 291 1
291 331 -1
331 291 -1
291 360 1
360 291 1
291 380 -1
380 291 -1
291 402 -1
402 291 -1
291 414 1
414 291 1
291 426 1
426 291 1
291 493 1
493 291 1
292 393 -1
393 292 -1
292 418 -1
418 292 -1
292 429 -1
429 292 -1
292 481 -1
481 292 -1
293 298 1
298 293 1
293 332 -1
332 293 -1
293 352 -1
352 293 -1
293 456 1
456 293 1
293 481 -1
481 293 -1
293 498 1
498 293 1
294 313 1
313 294 1
294 314 1
314 294 1
294 318 1
318 294 1
294 320 1
320 294 1
294 375 -1
375 294 -1
294 376 -1
376 294 -1
294 402 1
402 294 1
294 414 1
414 294 1
294 415 1
415 294 1
294 442 -1
442 294 -1
294 493 1
493 294 1
295 310 1
310 295 1
295 317 1
317 295 1
295 321 -1
321 295 -1
295 340 1
340 295 1
295 371 1
371 295 1
295 375 -1
375 295 -1
295 377 -1
377 295 -1
295 379 1
379 295 1
295 387 -1
387 295 -1
295 404 1
404 295 1
295 425 -1
425 295 -1
295 456 1
456 295 1
296 380 1
380 296 1
296 383 -1
383 296 -1
296 420 -1
420 296 -1
297 320 -1
320 297 -1
297 322 -1
322 297 -1
297 400 -1
400 297 -1
297 425 1
425 297 1
297 480 -1
480 297 -1
298 300 -1
300 298 -1
298 359 1
359 298 1
298 363 -1
363 298 -1
298 369 -1
369 298 -1
298 458 1
458 298 1
298 483 -1
483 298 -1
298 484 -1
484 298 -1
298 498 1
498 298 1
299 312 1
312 299 1
299 390 1
390 299 1
299 403 -1
403 299 -1
299 442 1
442 299 1
299 478 1
478 299 1
299 490 -1
490 299 -1
300 318 1
318 300 1
300 344 1
344 300 1
300 346 1
346 300 1
300 404 -1
404 300 -1
300 439 -1
439 300 -1
300 466 -1
466 300 -1
300 495 -1
495 300 -1
301 322 -1
322 301 -1
301 362 -1
362 301 -1
301 380 1
380 301 1
301 454 1
454 301 1
301 475 1
475 301 1
302 304 -1
304 302 -1
302 306 -1
306 302 -1
302 328 -1
328 302 -1
302 331 -1
331 302 -1
302 376 1
376 302 1
302 406 1
406 302 1
302 408 -1
408 302 -1
302 412 -1
412 302 -1
302 429 -1
429 302 -1
302 434 -1
434 302 -1
302 439 1
439 302 1
302 467 1
467 302 1
302 474 1
474 302 1
302 475 -1
475 302 -1
302 477 1
477 302 1
303 309 1
309 303 1
303 323 1
323 303 1
303 402 -1
402 303 -1
303 459 -1
459 303 -1
303 477 -1
477 303 -1
303 487 -1
487 303 -1
304 316 -1
316 304 -1
304 367 1
367 304 1
304 387 -1
387 304 -1
304 417 1
417 304 1
304 441 -1
441 304 -1
304 459 1
459 304 1
304 471 1
471 304 1
304 473 -1
473 304 -1
305 327 -1
327 305 -1
305 359 -1
359 305 -1
305 388 1
388 305 1
305 428 1
428 305 1
305 435 1
435 305 1
305 472 1
472 305 1
305 482 -1
482 305 -1
306 308 -1
308 306 -1
306 314 -1
314 306 -1
306 370 -1
370 306 -1
306 398 1
398 306 1
306 402 1
402 306 1
306 414 1
414 306 1
306 432 -1
432 306 -1
306 460 1
460 306 1
306 467 -1
467 306 -1
306 472 -1
472 306 -1
306 479 1
479 306 1
306 489 -1
489 306 -1
306 493 1
493 306 1
307 343 1
343 307 1
307 371 1
371 307 1
307 386 -1
386 307 -1
307 410 -1
410 307 -1
307 422 -1
422 307 -1
307 450 1
450 307 1
307 493 -1
493 307 -1
308 346 -1
346 308 -1
308 385 -1
385 308 -1
308 400 1
400 308 1
308 475 1
475 308 1
309 334 -1
334 309 -1
309 359 -1
359 309 -1
309 407 1
407 309 1
309 435 1
435 309 1
310 350 -1
350 310 -1
310 371 1
371 310 1
310 388 -1
388 310 -1
310 404 1
404 310 1
310 422 -1
422 310 -1
310 466 1
466 310 1
310 468 -1
468 310 -1
310 480 -1
480 310 -1
311 387 1
387 311 1
311 397 -1
397 311 -1
311 409 1
409 311 1
311 422 1
422 311 1
311 461 1
461 311 1
311 467 1
467 311 1
311 475 -1
475 311 -1
312 318 -1
318 312 -1
312 322 -1
322 312 -1
312 324 -1
324 312 -1
312 351 -1
351 312 -1
312 356 1
356 312 1
312 363 -1
363 312 -1
312 366 1
366 312 1
312 385 1
385 312 1
312 390 -1
390 312 -1
312 400 -1
400 312 -1
312 404 -1
404 312 -1
312 408 1
408 312 1
312 415 -1
415 312 -1
312 442 1
442 312 1
312 448 1
448 312 1
312 450 -1
450 312 -1
312 473 -1
473 312 -1
312 488 -1
488 312 -1
313 354 -1
354 313 -1
313 362 -1
362 313 -1
313 363 1
363 313 1
313 370 1
370 313 1
313 380 -1
380 313 -1
313 444 1
444 313 1
313 487 1
487 313 1
313 493 1
493 313 1
314 315 -1
315 314 -1
314 320 1
320 314 1
314 336 -1
336 314 -1
314 345 1
345 314 1
314 375 -1
375 314 -1
314 398 1
398 314 1
314 402 1
402 314 1
314 414 1
414 314 1
314 463 -1
463 314 -1
315 347 -1
347 315 -1
315 411 1
411 315 1
316 450 -1
450 316 -1
316 465 -1
465 316 -1
316 487 -1
487 316 -1
317 322 -1
322 317 -1
317 334 -1
334 317 -1
317 371 -1
371 317 -1
317 389 -1
389 317 -1
317 404 1
404 317 1
317 411 -1
411 317 -1
317 422 -1
422 317 -1
318 330 1
330 318 1
318 348 -1
348 318 -1
318 351 1
351 318 1
318 389 1
389 318 1
318 394 1
394 318 1
318 403 -1
403 318 -1
318 411 -1
411 318 -1
318 424 -1
424 318 -1
318 432 -1
432 318 -1
318 468 -1
468 318 -1
318 483 -1
483 318 -1
318 484 -1
484 318 -1
319 372 1
372 319 1
319 382 1
382 319 1
319 391 1
391 319 1
319 400 -1
400 319 -1
319 439 1
439 319 1
319 464 -1
464 319 -1
319 491 1
491 319 1
320 323 -1
323 320 -1
320 327 1
327 320 1
320 329 1
329 320 1
320 335 -1
335 320 -1
320 336 1
336 320 1
320 338 -1
338 320 -1
320 345 1
345 320 1
320 364 -1
364 320 -1
320 399 1
399 320 1
320 414 1
414 320 1
320 460 1
460 320 1
320 463 1
463 320 1
320 470 -1
470 320 -1
320 479 1
479 320 1
320 498 -1
498 320 -1
320 499 1
499 320 1
321 355 -1
355 321 -1
321 468 -1
468 321 -1
322 339 -1
339 322 -1
322 345 -1
345 322 -1
322 361 1
361 322 1
322 362 1
362 322 1
322 383 1
383 322 1
322 384 -1
384 322 -1
322 385 1
385 322 1
322 412 -1
412 322 -1
322 417 -1
417 322 -1
322 421 1
421 322 1
322 443 1
443 322 1
322 475 -1
475 322 -1
322 480 1
480 322 1
323 346 -1
346 323 -1
323 384 -1
384 323 -1
323 397 -1
397 323 -1
323 420 1
420 323 1
323 435 1
435 323 1
323 438 1
438 323 1
324 347 -1
347 324 -1
324 409 1
409 324 1
324 422 1
422 324 1
324 442 -1
442 324 -1
324 464 -1
464 324 -1
324 497 1
497 324 1
325 341 1
341 325 1
325 372 -1
372 325 -1
325 403 1
403 325 1
325 405 1
405 325 1
325 415 1
415 325 1
325 447 1
447 325 1
325 450 1
450 325 1
325 476 1
476 325 1
325 485 -1
485 325 -1
325 495 -1
495 325 -1
326 343 1
343 326 1
326 386 1
386 326 1
326 454 -1
454 326 -1
327 363 -1
363 327 -1
327 435 -1
435 327 -1
327 479 1
479 327 1
327 493 1
493 327 1
328 433 1
433 328 1
328 478 -1
478 328 -1
329 345 1
345 329 1
329 354 -1
354 329 -1
329 360 1
360 329 1
329 414 1
414 329 1
329 463 1
463 329 1
329 487 -1
487 329 -1
329 493 1
493 329 1
329 498 -1
498 329 -1
329 499 1
499 329 1
330 384 -1
384 330 -1
331 403 -1
403 331 -1
331 428 -1
428 331 -1
331 451 1
451 331 1
332 350 -1
350 332 -1
332 370 -1
370 332 -1
332 380 1
380 332 1
333 339 1
339 333 1
333 358 1
358 333 1
333 372 1
372 333 1
333 391 1
391 333 1
333 400 -1
400 333 -1
333 424 -1
424 333 -1
333 435 -1
435 333 -1
333 483 -1
483 333 -1
334 346 1
346 334 1
334 388 1
388 334 1
334 404 1
404 334 1
334 430 -1
430 334 -1
334 446 -1
446 334 -1
334 464 1
464 334 1
334 500 -1
500 334 -1
335 342 -1
342 335 -1
335 371 -1
371 335 -1
335 380 -1
380 335 -1
335 415 -1
415 335 -1
335 444 1
444 335 1
335 475 1
475 335 1
336 345 1
345 336 1
336 414 1
414 336 1
336 419 1
419 336 1
336 430 1
430 336 1
336 442 -1
442 336 -1
336 481 1
481 336 1
336 493 1
493 336 1
336 499 1
499 336 1
337 397 -1
397 337 -1
337 424 1
424 337 1
337 437 1
437 337 1
337 474 1
474 337 1
337 480 -1
480 337 -1
338 451 1
451 338 1
338 479 -1
479 338 -1
338 497 -1
497 338 -1
339 400 1
400 339 1
339 428 1
428 339 1
339 469 1
469 339 1
339 478 1
478 339 1
339 493 1
493 339 1
340 371 1
371 340 1
340 386 -1
386 340 -1
340 404 1
404 340 1
340 466 -1
466 340 -1
340 482 -1
482 340 -1
341 403 -1
403 341 -1
341 458 1
458 341 1
342 372 1
372 342 1
342 391 1
391 342 1
342 400 1
400 342 1
342 469 1
469 342 1
343 403 -1
403 343 -1
343 417 -1
417 343 -1
343 450 1
450 343 1
343 499 -1
499 343 -1
344 346 1
346 344 1
344 389 1
389 344 1
344 427 -1
427 344 -1
345 466 -1
466 345 -1
346 380 -1
380 346 -1
346 389 1
389 346 1
346 391 -1
391 346 -1
346 419 -1
419 346 -1
346 444 -1
444 346 -1
347 395 1
395 347 1
348 420 1
420 348 1
348 438 1
438 348 1
348 443 -1
443 348 -1
349 395 -1
395 349 -1
349 450 -1
450 349 -1
349 467 -1
467 349 -1
349 482 1
482 349 1
350 362 1
362 350 1
350 407 1
407 350 1
350 418 1
418 350 1
350 443 1
443 350 1
350 490 1
490 350 1
352 359 -1
359 352 -1
352 388 -1
388 352 -1
352 446 1
446 352 1
353 444 -1
444 353 -1
353 500 1
500 353 1
354 374 1
374 354 1
354 387 1
387 354 1
354 409 1
409 354 1
354 422 1
422 354 1
354 431 -1
431 354 -1
354 465 -1
465 354 -1
354 498 -1
498 354 -1
355 365 1
365 355 1
355 415 1
415 355 1
355 418 -1
418 355 -1
355 421 1
421 355 1
355 480 1
480 355 1
356 372 1
372 356 1
356 396 -1
396 356 -1
356 402 -1
402 356 -1
356 478 1
478 356 1
356 491 1
491 356 1
357 409 -1
409 357 -1
357 418 -1
418 357 -1
357 464 1
464 357 1
357 500 -1
500 357 -1
358 372 1
372 358 1
358 428 -1
428 358 -1
358 430 1
430 358 1
358 493 -1
493 358 -1
358 500 -1
500 358 -1
359 449 -1
449 359 -1
359 451 -1
451 359 -1
359 458 1
458 359 1
359 489 -1
489 359 -1
359 498 1
498 359 1
360 493 1
493 360 1
360 498 -1
498 360 -1
361 381 1
381 361 1
361 391 1
391 361 1
361 490 1
490 361 1
363 475 1
475 363 1
364 367 -1
367 364 -1
364 374 1
374 364 1
364 380 1
380 364 1
364 482 1
482 364 1
365 376 -1
376 365 -1
365 383 1
383 365 1
366 390 1
390 366 1
366 426 1
426 366 1
366 435 -1
435 366 -1
366 442 1
442 366 1
366 444 -1
444 366 -1
366 448 1
448 366 1
367 386 -1
386 367 -1
367 417 1
417 367 1
367 471 -1
471 367 -1
367 473 1
473 367 1
368 387 1
387 368 1
368 405 -1
405 368 -1
368 409 1
409 368 1
368 435 1
435 368 1
368 457 -1
457 368 -1
368 480 -1
480 368 -1
368 482 1
482 368 1
369 371 1
371 369 1
369 393 1
393 369 1
369 404 1
404 369 1
369 409 1
409 369 1
369 428 1
428 369 1
369 454 -1
454 369 -1
370 386 -1
386 370 -1
370 404 -1
404 370 -1
370 415 1
415 370 1
370 421 1
421 370 1
370 454 1
454 370 1
370 475 1
475 370 1
370 493 1
493 370 1
370 495 -1
495 370 -1
371 378 1
378 371 1
371 393 1
393 371 1
371 394 -1
394 371 -1
371 404 1
404 371 1
371 429 -1
429 371 -1
371 466 1
466 371 1
371 480 -1
480 371 -1
372 373 1
373 372 1
372 382 1
382 372 1
372 386 -1
386 372 -1
372 391 1
391 372 1
372 400 -1
400 372 -1
372 409 -1
409 372 -1
372 416 -1
416 372 -1
372 428 1
428 372 1
372 430 1
430 372 1
372 464 -1
464 372 -1
372 469 1
469 372 1
372 478 1
478 372 1
372 484 1
484 372 1
372 491 1
491 372 1
373 391 -1
391 373 -1
373 450 -1
450 373 -1
373 455 -1
455 373 -1
373 478 1
478 373 1
373 484 -1
484 373 -1
374 386 -1
386 374 -1
374 422 1
422 374 1
374 466 -1
466 374 -1
374 482 1
482 374 1
375 430 -1
430 375 -1
375 435 1
435 375 1
375 457 1
457 375 1
376 482 -1
482 376 -1
377 433 1
433 377 1
378 379 -1
379 378 -1
378 393 1
393 378 1
378 399 1
399 378 1
378 404 1
404 378 1
379 380 1
380 379 1
379 441 1
441 379 1
379 459 1
459 379 1
380 381 -1
381 380 -1
380 394 -1
394 380 -1
380 416 -1
416 380 -1
380 450 1
450 380 1
380 454 1
454 380 1
380 475 1
475 380 1
380 476 -1
476 380 -1
380 493 1
493 380 1
381 387 -1
387 381 -1
381 403 1
403 381 1
381 415 -1
415 381 -1
381 422 -1
422 381 -1
381 465 1
465 381 1
381 476 1
476 381 1
381 491 1
491 381 1
381 495 1
495 381 1
382 399 1
399 382 1
382 406 -1
406 382 -1
382 427 -1
427 382 -1
382 469 1
469 382 1
382 478 1
478 382 1
383 418 1
418 383 1
383 424 -1
424 383 -1
383 436 -1
436 383 -1
383 443 1
443 383 1
383 452 -1
452 383 -1
383 472 -1
472 383 -1
383 480 1
480 383 1
383 490 1
490 383 1
384 400 -1
400 384 -1
384 438 -1
438 384 -1
385 396 1
396 385 1
385 410 -1
410 385 -1
385 427 -1
427 385 -1
385 442 1
442 385 1
386 395 1
395 386 1
386 404 -1
404 386 -1
386 450 1
450 386 1
386 453 -1
453 386 -1
386 469 -1
469 386 -1
386 477 1
477 386 1
387 397 -1
397 387 -1
387 411 -1
411 387 -1
387 422 -1
422 387 -1
387 440 1
440 387 1
387 467 -1
467 387 -1
387 497 1
497 387 1
388 399 1
399 388 1
388 442 -1
442 388 -1
388 500 1
500 388 1
389 463 -1
463 389 -1
389 493 -1
493 389 -1
390 391 -1
391 390 -1
390 414 -1
414 390 -1
390 435 -1
435 390 -1
390 442 -1
442 390 -1
390 448 1
448 390 1
390 473 -1
473 390 -1
390 480 -1
480 390 -1
390 481 -1
481 390 -1
390 488 -1
488 390 -1
391 400 -1
400 391 -1
391 414 -1
414 391 -1
391 418 -1
418 391 -1
391 428 1
428 391 1
391 430 1
430 391 1
391 469 1
469 391 1
391 478 1
478 391 1
391 484 1
484 391 1
391 494 -1
494 391 -1
392 435 1
435 392 1
392 499 1
499 392 1
393 404 1
404 393 1
395 402 -1
402 395 -1
395 449 -1
449 395 -1
395 450 1
450 395 1
395 479 -1
479 395 -1
396 408 1
408 396 1
396 442 1
442 396 1
396 448 1
448 396 1
396 489 -1
489 396 -1
397 415 -1
415 397 -1
397 482 1
482 397 1
398 400 -1
400 398 -1
398 411 -1
411 398 -1
398 414 1
414 398 1
398 431 -1
431 398 -1
398 435 -1
435 398 -1
398 479 1
479 398 1
398 490 -1
490 398 -1
398 499 1
499 398 1
399 466 1
466 399 1
399 467 -1
467 399 -1
399 468 1
468 399 1
399 489 1
489 399 1
399 500 1
500 399 1
400 414 -1
414 400 -1
400 428 1
428 400 1
400 430 1
430 400 1
400 458 1
458 400 1
400 469 1
469 400 1
400 478 -1
478 400 -1
400 484 1
484 400 1
400 491 -1
491 400 -1
400 496 -1
496 400 -1
401 466 -1
466 401 -1
401 472 -1
472 401 -1
401 475 1
475 401 1
402 408 -1
408 402 -1
402 414 -1
414 402 -1
402 419 -1
419 402 -1
402 442 -1
442 402 -1
402 449 -1
449 402 -1
402 493 1
493 402 1
403 404 -1
404 403 -1
403 405 1
405 403 1
403 415 1
415 403 1
403 416 -1
416 403 -1
403 437 1
437 403 1
403 465 -1
465 403 -1
403 470 1
470 403 1
403 479 -1
479 403 -1
403 483 1
483 403 1
403 495 1
495 403 1
403 496 1
496 403 1
404 425 1
425 404 1
404 477 -1
477 404 -1
404 483 -1
483 404 -1
405 465 1
465 405 1
405 490 -1
490 405 -1
405 495 1
495 405 1
405 496 1
496 405 1
406 412 -1
412 406 -1
406 439 1
439 406 1
406 477 1
477 406 1
408 409 -1
409 408 -1
408 421 1
421 408 1
408 426 1
426 408 1
408 432 -1
432 408 -1
408 448 1
448 408 1
408 492 -1
492 408 -1
409 414 -1
414 409 -1
409 422 -1
422 409 -1
409 439 -1
439 409 -1
409 444 -1
444 409 -1
409 456 -1
456 409 -1
409 482 1
482 409 1
409 483 -1
483 409 -1
409 485 1
485 409 1
409 497 1
497 409 1
410 417 1
417 410 1
410 422 -1
422 410 -1
410 459 -1
459 410 -1
410 473 1
473 410 1
411 412 1
412 411 1
411 420 1
420 411 1
411 432 1
432 411 1
411 455 1
455 411 1
411 481 1
481 411 1
411 484 -1
484 411 -1
412 432 1
432 412 1
413 426 -1
426 413 -1
413 450 1
450 413 1
413 452 1
452 413 1
414 415 -1
415 414 -1
414 424 -1
424 414 -1
414 432 -1
432 414 -1
414 450 -1
450 414 -1
414 463 1
463 414 1
414 479 1
479 414 1
414 493 1
493 414 1
415 429 -1
429 415 -1
415 437 1
437 415 1
415 447 1
447 415 1
415 454 -1
454 415 -1
415 459 -1
459 415 -1
415 465 -1
465 415 -1
415 470 1
470 415 1
415 476 1
476 415 1
415 483 1
483 415 1
415 495 1
495 415 1
416 444 1
444 416 1
416 449 -1
449 416 -1
416 454 1
454 416 1
416 462 1
462 416 1
416 463 1
463 416 1
417 422 -1
422 417 -1
417 471 1
471 417 1
417 473 -1
473 417 -1
417 495 -1
495 417 -1
418 460 -1
460 418 -1
418 478 -1
478 418 -1
418 490 1
490 418 1
419 492 -1
492 419 -1
419 499 1
499 419 1
420 435 1
435 420 1
420 447 -1
447 420 -1
422 424 -1
424 422 -1
422 482 1
482 422 1
422 493 -1
493 422 -1
423 490 -1
490 423 -1
424 443 1
443 424 1
424 490 1
490 424 1
425 485 -1
485 425 -1
426 442 1
442 426 1
426 448 1
448 426 1
426 459 -1
459 426 -1
426 462 -1
462 426 -1
427 434 -1
434 427 -1
427 453 1
453 427 1
429 439 1
439 429 1
429 494 -1
494 429 -1
430 465 -1
465 430 -1
430 469 1
469 430 1
431 458 -1
458 431 -1
432 445 -1
445 432 -1
432 455 1
455 432 1
432 473 -1
473 432 -1
433 498 -1
498 433 -1
434 455 1
455 434 1
434 466 -1
466 434 -1
435 457 1
457 435 1
435 469 -1
469 435 -1
435 477 -1
477 435 -1
436 448 -1
448 436 -1
436 450 1
450 436 1
437 438 -1
438 437 -1
437 470 -1
470 437 -1
437 488 -1
488 437 -1
437 495 -1
495 437 -1
437 496 1
496 437 1
439 474 1
474 439 1
439 493 -1
493 439 -1
441 457 1
457 441 1
441 459 1
459 441 1
441 473 1
473 441 1
441 484 -1
484 441 -1
442 448 1
448 442 1
442 488 1
488 442 1
443 454 -1
454 443 -1
444 448 -1
448 444 -1
444 456 -1
456 444 -1
444 460 -1
460 444 -1
444 468 -1
468 444 -1
444 475 1
475 444 1
444 487 1
487 444 1
444 493 -1
493 444 -1
444 498 -1
498 444 -1
445 469 -1
469 445 -1
445 471 -1
471 445 -1
445 481 1
481 445 1
446 450 -1
450 446 -1
447 474 -1
474 447 -1
447 495 -1
495 447 -1
447 496 1
496 447 1
448 488 -1
488 448 -1
448 498 -1
498 448 -1
449 458 1
458 449 1
449 497 -1
497 449 -1
449 498 1
498 449 1
450 454 -1
454 450 -1
450 459 -1
459 450 -1
450 484 -1
484 450 -1
451 454 -1
454 451 -1
451 484 -1
484 451 -1
452 475 -1
475 452 -1
453 479 -1
479 453 -1
455 474 -1
474 455 -1
455 485 1
485 455 1
455 493 -1
493 455 -1
456 478 -1
478 456 -1
456 498 1
498 456 1
457 493 -1
493 457 -1
457 494 1
494 457 1
458 498 1
498 458 1
459 471 1
471 459 1
459 473 1
473 459 1
460 493 1
493 460 1
461 482 1
482 461 1
462 475 1
475 462 1
462 480 -1
480 462 -1
462 499 -1
499 462 -1
463 492 -1
492 463 -1
464 468 1
468 464 1
464 477 -1
477 464 -1
464 489 1
489 464 1
465 471 -1
471 465 -1
467 477 1
477 467 1
469 484 1
484 469 1
470 483 1
483 470 1
470 495 1
495 470 1
471 473 1
473 471 1
473 477 -1
477 473 -1
475 487 -1
487 475 -1
477 495 -1
495 477 -1
478 484 1
484 478 1
478 491 1
491 478 1
479 493 -1
493 479 -1
483 495 1
495 483 1
483 496 1
496 483 1
487 498 -1
498 487 -1
487 499 -1
499 487 -1
493 499 1
499 493 1
495 496 1
496 495 1
495 499 1
499 495 1
