1 9 -1
9 1 -1
1 12 1
12 1 1
1 18 1
18 1 1
1 23 -1
23 1 -1
1 36 1
36 1 1
1 63 1
63 1 1
1 64 1
64 1 1
1 108 1
108 1 1
1 218 1
218 1 1
1 225 1
225 1 1
1 252 1
252 1 1
1 298 1
298 1 1
1 346 -1
346 1 -1
1 398 1
398 1 1
1 451 -1
451 1 -1
1 452 1
452 1 1
1 468 1
468 1 1
1 487 1
487 1 1
1 488 1
488 1 1
1 495 -1
495 1 -1
2 99 -1
99 2 -1
2 125 1
125 2 1
2 131 1
131 2 1
2 213 -1
213 2 -1
2 241 1
241 2 1
2 244 1
244 2 1
2 302 -1
302 2 -1
2 306 1
306 2 1
2 354 1
354 2 1
2 415 -1
415 2 -1
2 425 1
425 2 1
2 458 1
458 2 1
3 16 1
16 3 1
3 29 -1
29 3 -1
3 50 1
50 3 1
3 54 1
54 3 1
3 175 1
175 3 1
3 276 1
276 3 1
3 285 1
285 3 1
3 352 -1
352 3 -1
3 357 -1
357 3 -1
3 382 1
382 3 1
3 386 1
386 3 1
4 65 -1
65 4 -1
4 130 1
130 4 1
4 163 1
163 4 1
4 237 -1
237 4 -1
4 287 1
287 4 1
4 313 1
313 4 1
4 375 -1
375 4 -1
4 416 -1
416 4 -1
4 417 1
417 4 1
4 438 1
438 4 1
4 450 -1
450 4 -1
4 480 1
480 4 1
5 9 1
9 5 1
5 22 -1
22 5 -1
5 31 -1
31 5 -1
5 40 -1
40 5 -1
5 53 -1
53 5 -1
5 58 1
58 5 1
5 97 1
97 5 1
5 107 -1
107 5 -1
5 149 -1
149 5 -1
5 153 1
153 5 1
5 160 1
160 5 1
5 166 -1
166 5 -1
5 180 -1
180 5 -1
5 182 -1
182 5 -1
5 217 1
217 5 1
5 232 1
232 5 1
5 247 1
247 5 1
5 248 1
248 5 1
5 292 1
292 5 1
5 301 -1
301 5 -1
5 303 1
303 5 1
5 313 -1
313 5 -1
5 315 1
315 5 1
5 317 1
317 5 1
5 345 -1
345 5 -1
5 346 1
346 5 1
5 352 -1
352 5 -1
5 357 1
357 5 1
5 358 -1
358 5 -1
5 360 1
360 5 1
5 401 1
401 5 1
5 414 1
414 5 1
5 423 1
423 5 1
5 424 1
424 5 1
5 444 1
444 5 1
5 449 1
449 5 1
5 468 1
468 5 1
6 32 -1
32 6 -1
6 68 1
68 6 1
6 88 1
88 6 1
6 139 1
139 6 1
6 146 1
146 6 1
6 202 -1
202 6 -1
6 203 -1
203 6 -1
6 215 1
215 6 1
6 263 1
263 6 1
6 318 -1
318 6 -1
6 319 1
319 6 1
6 321 -1
321 6 -1
6 334 -1
334 6 -1
6 350 -1
350 6 -1
6 385 1
385 6 1
6 399 1
399 6 1
6 443 1
443 6 1
6 461 1
461 6 1
6 470 1
470 6 1
6 482 1
482 6 1
6 490 1
490 6 1
7 11 -1
11 7 -1
7 42 -1
42 7 -1
7 46 -1
46 7 -1
7 87 1
87 7 1
7 231 1
231 7 1
7 241 1
241 7 1
7 244 -1
244 7 -1
7 306 1
306 7 1
7 397 -1
397 7 -1
7 406 1
406 7 1
7 409 1
409 7 1
7 415 1
415 7 1
7 469 1
469 7 1
8 19 -1
19 8 -1
8 149 1
149 8 1
8 166 1
166 8 1
8 180 1
180 8 1
8 248 1
248 8 1
8 355 1
355 8 1
8 357 1
357 8 1
8 360 1
360 8 1
8 386 1
386 8 1
8 399 -1
399 8 -1
8 423 1
423 8 1
8 443 -1
443 8 -1
8 444 1
444 8 1
9 30 -1
30 9 -1
9 37 1
37 9 1
9 78 -1
78 9 -1
9 142 1
142 9 1
9 180 -1
180 9 -1
9 188 1
188 9 1
9 217 1
217 9 1
9 267 -1
267 9 -1
9 397 1
397 9 1
10 27 1
27 10 1
10 49 1
49 10 1
10 67 -1
67 10 -1
10 70 1
70 10 1
10 79 1
79 10 1
10 84 1
84 10 1
10 98 1
98 10 1
10 101 1
101 10 1
10 103 1
103 10 1
10 117 1
117 10 1
10 124 1
124 10 1
10 133 1
133 10 1
10 143 1
143 10 1
10 182 -1
182 10 -1
10 183 1
183 10 1
10 198 1
198 10 1
10 204 1
204 10 1
10 222 1
222 10 1
10 253 1
253 10 1
10 260 1
260 10 1
10 262 -1
262 10 -1
10 270 1
270 10 1
10 277 1
277 10 1
10 344 1
344 10 1
10 372 1
372 10 1
10 373 1
373 10 1
10 382 -1
382 10 -1
10 395 1
395 10 1
10 398 -1
398 10 -1
10 416 -1
416 10 -1
10 418 1
418 10 1
10 420 1
420 10 1
10 433 -1
433 10 -1
10 448 1
448 10 1
10 454 1
454 10 1
10 474 1
474 10 1
10 475 1
475 10 1
10 477 1
477 10 1
10 484 1
484 10 1
10 486 1
486 10 1
10 488 -1
488 10 -1
10 498 1
498 10 1
11 42 1
42 11 1
11 43 1
43 11 1
11 125 1
125 11 1
11 217 -1
217 11 -1
11 231 -1
231 11 -1
11 241 1
241 11 1
11 244 1
244 11 1
11 247 -1
247 11 -1
11 288 1
288 11 1
11 298 -1
298 11 -1
11 306 1
306 11 1
11 336 -1
336 11 -1
11 354 1
354 11 1
11 391 -1
391 11 -1
11 406 -1
406 11 -1
11 409 1
409 11 1
11 415 1
415 11 1
11 425 1
425 11 1
11 434 -1
434 11 -1
11 458 1
458 11 1
12 23 1
23 12 1
12 37 1
37 12 1
12 49 1
49 12 1
12 63 1
63 12 1
12 201 1
201 12 1
12 347 1
347 12 1
12 348 1
348 12 1
12 463 -1
463 12 -1
12 487 1
487 12 1
12 488 1
488 12 1
13 66 1
66 13 1
13 116 1
116 13 1
13 123 1
123 13 1
13 150 1
150 13 1
13 151 -1
151 13 -1
13 163 -1
163 13 -1
13 186 -1
186 13 -1
13 208 1
208 13 1
13 352 1
352 13 1
13 388 -1
388 13 -1
13 391 -1
391 13 -1
14 37 1
37 14 1
14 57 -1
57 14 -1
14 62 1
62 14 1
14 63 -1
63 14 -1
14 101 -1
101 14 -1
14 104 -1
104 14 -1
14 110 1
110 14 1
14 166 -1
166 14 -1
14 185 1
185 14 1
14 247 1
247 14 1
14 325 1
325 14 1
14 346 1
346 14 1
14 360 1
360 14 1
14 394 1
394 14 1
14 397 1
397 14 1
14 407 1
407 14 1
14 420 1
420 14 1
15 16 -1
16 15 -1
15 21 1
21 15 1
15 50 1
50 15 1
15 54 1
54 15 1
15 107 1
107 15 1
15 127 -1
127 15 -1
15 175 1
175 15 1
15 223 1
223 15 1
15 263 -1
263 15 -1
15 276 1
276 15 1
15 360 1
360 15 1
15 382 -1
382 15 -1
15 386 1
386 15 1
15 447 1
447 15 1
15 492 -1
492 15 -1
16 21 1
21 16 1
16 30 1
30 16 1
16 41 1
41 16 1
16 50 1
50 16 1
16 51 1
51 16 1
16 54 1
54 16 1
16 99 -1
99 16 -1
16 101 -1
101 16 -1
16 107 1
107 16 1
16 127 1
127 16 1
16 154 1
154 16 1
16 164 -1
164 16 -1
16 172 1
172 16 1
16 175 1
175 16 1
16 176 1
176 16 1
16 185 -1
185 16 -1
16 190 1
190 16 1
16 223 1
223 16 1
16 228 -1
228 16 -1
16 239 1
239 16 1
16 253 1
253 16 1
16 270 -1
270 16 -1
16 276 1
276 16 1
16 285 1
285 16 1
16 313 1
313 16 1
16 322 1
322 16 1
16 327 1
327 16 1
16 338 -1
338 16 -1
16 340 1
340 16 1
16 365 1
365 16 1
16 377 -1
377 16 -1
16 382 1
382 16 1
16 386 1
386 16 1
16 396 -1
396 16 -1
16 410 1
410 16 1
16 500 1
500 16 1
17 66 1
66 17 1
17 110 -1
110 17 -1
17 186 1
186 17 1
17 208 1
208 17 1
17 224 1
224 17 1
17 227 1
227 17 1
17 304 1
304 17 1
17 332 -1
332 17 -1
17 352 -1
352 17 -1
17 462 1
462 17 1
18 23 -1
23 18 -1
18 36 1
36 18 1
18 49 1
49 18 1
18 80 -1
80 18 -1
18 83 1
83 18 1
18 108 -1
108 18 -1
18 117 -1
117 18 -1
18 142 -1
142 18 -1
18 298 1
298 18 1
18 362 1
362 18 1
18 481 1
481 18 1
18 487 1
487 18 1
19 37 1
37 19 1
19 93 1
93 19 1
19 149 1
149 19 1
19 166 1
166 19 1
19 232 -1
232 19 -1
19 255 -1
255 19 -1
19 261 -1
261 19 -1
19 285 -1
285 19 -1
19 315 -1
315 19 -1
19 357 1
357 19 1
19 394 1
394 19 1
19 397 1
397 19 1
20 35 1
35 20 1
20 67 1
67 20 1
20 75 1
75 20 1
20 87 1
87 20 1
20 93 -1
93 20 -1
20 115 1
115 20 1
20 120 1
120 20 1
20 144 -1
144 20 -1
20 145 1
145 20 1
20 159 1
159 20 1
20 175 -1
175 20 -1
20 193 1
193 20 1
20 229 1
229 20 1
20 250 -1
250 20 -1
20 284 1
284 20 1
20 289 1
289 20 1
20 293 1
293 20 1
20 318 1
318 20 1
20 325 -1
325 20 -1
20 345 1
345 20 1
20 359 1
359 20 1
20 418 1
418 20 1
20 427 1
427 20 1
20 460 1
460 20 1
20 487 -1
487 20 -1
20 490 -1
490 20 -1
20 491 -1
491 20 -1
21 41 -1
41 21 -1
21 50 1
50 21 1
21 175 -1
175 21 -1
21 201 -1
201 21 -1
21 223 1
223 21 1
21 234 1
234 21 1
21 382 -1
382 21 -1
21 497 -1
497 21 -1
21 500 1
500 21 1
22 37 1
37 22 1
22 60 -1
60 22 -1
22 110 1
110 22 1
22 120 1
120 22 1
22 232 1
232 22 1
22 235 1
235 22 1
22 248 1
248 22 1
22 274 1
274 22 1
22 292 1
292 22 1
22 309 1
309 22 1
22 333 -1
333 22 -1
22 402 1
402 22 1
22 423 1
423 22 1
22 424 1
424 22 1
23 36 1
36 23 1
23 49 1
49 23 1
23 63 1
63 23 1
23 83 -1
83 23 -1
23 100 1
100 23 1
23 108 1
108 23 1
23 127 -1
127 23 -1
23 143 -1
143 23 -1
23 164 -1
164 23 -1
23 201 1
201 23 1
23 210 1
210 23 1
23 218 1
218 23 1
23 225 -1
225 23 -1
23 252 -1
252 23 -1
23 259 1
259 23 1
23 298 1
298 23 1
23 306 -1
306 23 -1
23 324 -1
324 23 -1
23 353 1
353 23 1
23 362 -1
362 23 -1
23 363 1
363 23 1
23 452 1
452 23 1
23 481 1
481 23 1
23 483 -1
483 23 -1
23 487 1
487 23 1
23 488 1
488 23 1
23 494 1
494 23 1
24 99 1
99 24 1
24 122 1
122 24 1
24 139 -1
139 24 -1
24 170 1
170 24 1
24 187 -1
187 24 -1
24 219 1
219 24 1
24 261 1
261 24 1
24 294 -1
294 24 -1
24 351 1
351 24 1
24 408 1
408 24 1
24 411 -1
411 24 -1
24 432 1
432 24 1
24 441 1
441 24 1
24 483 1
483 24 1
24 496 1
496 24 1
25 67 1
67 25 1
25 75 1
75 25 1
25 87 1
87 25 1
25 115 1
115 25 1
25 133 1
133 25 1
25 145 1
145 25 1
25 151 -1
151 25 -1
25 159 -1
159 25 -1
25 172 -1
172 25 -1
25 193 1
193 25 1
25 198 1
198 25 1
25 228 1
228 25 1
25 238 -1
238 25 -1
25 261 -1
261 25 -1
25 284 1
284 25 1
25 289 1
289 25 1
25 299 1
299 25 1
25 326 1
326 25 1
25 327 -1
327 25 -1
25 345 1
345 25 1
25 359 1
359 25 1
25 403 -1
403 25 -1
25 413 1
413 25 1
25 418 1
418 25 1
25 427 1
427 25 1
25 491 -1
491 25 -1
26 40 -1
40 26 -1
26 74 1
74 26 1
26 159 -1
159 26 -1
26 182 -1
182 26 -1
26 195 -1
195 26 -1
26 245 -1
245 26 -1
26 249 1
249 26 1
26 262 1
262 26 1
26 267 1
267 26 1
26 323 1
323 26 1
26 324 -1
324 26 -1
26 358 1
358 26 1
27 34 1
34 27 1
27 70 -1
70 27 -1
27 79 -1
79 27 -1
27 101 1
101 27 1
27 103 1
103 27 1
27 117 1
117 27 1
27 124 1
124 27 1
27 143 1
143 27 1
27 145 -1
145 27 -1
27 181 -1
181 27 -1
27 198 1
198 27 1
27 204 1
204 27 1
27 248 -1
248 27 -1
27 260 1
260 27 1
27 262 1
262 27 1
27 270 1
270 27 1
27 316 1
316 27 1
27 326 -1
326 27 -1
27 344 -1
344 27 -1
27 351 -1
351 27 -1
27 356 1
356 27 1
27 357 -1
357 27 -1
27 364 1
364 27 1
27 373 1
373 27 1
27 474 -1
474 27 -1
27 475 1
475 27 1
27 485 -1
485 27 -1
27 486 1
486 27 1
28 90 1
90 28 1
28 126 1
126 28 1
28 147 1
147 28 1
28 196 1
196 28 1
28 212 1
212 28 1
28 218 -1
218 28 -1
28 240 1
240 28 1
28 259 1
259 28 1
28 275 1
275 28 1
28 325 -1
325 28 -1
28 328 1
328 28 1
28 341 -1
341 28 -1
28 398 -1
398 28 -1
28 403 1
403 28 1
28 450 -1
450 28 -1
28 467 1
467 28 1
28 499 1
499 28 1
29 82 1
82 29 1
29 119 1
119 29 1
29 129 1
129 29 1
29 139 1
139 29 1
29 203 1
203 29 1
29 249 -1
249 29 -1
29 263 1
263 29 1
29 319 1
319 29 1
29 334 1
334 29 1
29 341 1
341 29 1
29 360 -1
360 29 -1
29 399 1
399 29 1
29 454 1
454 29 1
29 482 -1
482 29 -1
29 485 1
485 29 1
29 489 1
489 29 1
29 492 1
492 29 1
30 41 1
41 30 1
30 51 -1
51 30 -1
30 54 -1
54 30 -1
30 139 -1
139 30 -1
30 172 1
172 30 1
30 175 -1
175 30 -1
30 276 1
276 30 1
30 319 1
319 30 1
30 327 1
327 30 1
30 345 -1
345 30 -1
30 365 1
365 30 1
30 382 -1
382 30 -1
30 386 -1
386 30 -1
30 396 1
396 30 1
30 410 1
410 30 1
31 37 1
37 31 1
31 46 1
46 31 1
31 78 1
78 31 1
31 109 -1
109 31 -1
31 407 1
407 31 1
31 422 -1
422 31 -1
31 423 1
423 31 1
31 424 1
424 31 1
31 492 -1
492 31 -1
32 37 1
37 32 1
32 67 1
67 32 1
32 111 1
111 32 1
32 115 1
115 32 1
32 120 1
120 32 1
32 236 1
236 32 1
32 284 1
284 32 1
32 345 1
345 32 1
32 428 -1
428 32 -1
33 52 1
52 33 1
33 55 1
55 33 1
33 86 -1
86 33 -1
33 112 -1
112 33 -1
33 161 -1
161 33 -1
33 165 1
165 33 1
33 173 1
173 33 1
33 178 -1
178 33 -1
33 247 -1
247 33 -1
33 256 1
256 33 1
33 307 -1
307 33 -1
33 320 -1
320 33 -1
33 335 1
335 33 1
33 390 -1
390 33 -1
33 411 1
411 33 1
33 435 1
435 33 1
34 74 1
74 34 1
34 79 1
79 34 1
34 89 -1
89 34 -1
34 101 1
101 34 1
34 198 1
198 34 1
34 260 -1
260 34 -1
34 262 1
262 34 1
34 277 1
277 34 1
34 339 -1
339 34 -1
34 344 1
344 34 1
34 474 1
474 34 1
34 486 -1
486 34 -1
35 67 1
67 35 1
35 75 1
75 35 1
35 87 1
87 35 1
35 117 1
117 35 1
35 120 1
120 35 1
35 133 1
133 35 1
35 145 1
145 35 1
35 151 1
151 35 1
35 204 -1
204 35 -1
35 206 1
206 35 1
35 207 1
207 35 1
35 229 1
229 35 1
35 234 -1
234 35 -1
35 236 1
236 35 1
35 248 -1
248 35 -1
35 299 1
299 35 1
35 326 1
326 35 1
35 345 1
345 35 1
35 346 -1
346 35 -1
35 359 1
359 35 1
35 453 1
453 35 1
36 49 1
49 36 1
36 63 1
63 36 1
36 66 1
66 36 1
36 83 1
83 36 1
36 108 1
108 36 1
36 201 -1
201 36 -1
36 225 1
225 36 1
36 246 1
246 36 1
36 254 -1
254 36 -1
36 298 1
298 36 1
36 347 1
347 36 1
36 349 -1
349 36 -1
36 353 1
353 36 1
36 362 1
362 36 1
36 420 -1
420 36 -1
36 437 -1
437 36 -1
36 452 1
452 36 1
36 487 1
487 36 1
36 494 1
494 36 1
36 495 1
495 36 1
37 49 1
49 37 1
37 58 1
58 37 1
37 62 1
62 37 1
37 78 1
78 37 1
37 81 1
81 37 1
37 93 1
93 37 1
37 110 1
110 37 1
37 136 1
136 37 1
37 137 -1
137 37 -1
37 149 -1
149 37 -1
37 166 1
166 37 1
37 180 -1
180 37 -1
37 185 1
185 37 1
37 214 -1
214 37 -1
37 217 1
217 37 1
37 241 -1
241 37 -1
37 247 1
247 37 1
37 248 1
248 37 1
37 267 -1
267 37 -1
37 274 1
274 37 1
37 285 -1
285 37 -1
37 291 1
291 37 1
37 294 -1
294 37 -1
37 315 1
315 37 1
37 317 1
317 37 1
37 325 1
325 37 1
37 346 1
346 37 1
37 360 1
360 37 1
37 370 1
370 37 1
37 397 1
397 37 1
37 407 -1
407 37 -1
37 420 1
420 37 1
37 424 1
424 37 1
37 449 -1
449 37 -1
37 451 1
451 37 1
37 482 -1
482 37 -1
38 64 -1
64 38 -1
38 76 -1
76 38 -1
38 94 1
94 38 1
38 109 -1
109 38 -1
38 152 1
152 38 1
38 329 1
329 38 1
38 333 1
333 38 1
38 368 -1
368 38 -1
38 379 1
379 38 1
38 384 1
384 38 1
38 393 -1
393 38 -1
38 404 1
404 38 1
39 56 1
56 39 1
39 69 1
69 39 1
39 89 1
89 39 1
39 96 1
96 39 1
39 104 1
104 39 1
39 106 1
106 39 1
39 121 1
121 39 1
39 122 -1
122 39 -1
39 132 1
132 39 1
39 134 1
134 39 1
39 135 1
135 39 1
39 200 -1
200 39 -1
39 216 1
216 39 1
39 242 1
242 39 1
39 267 -1
267 39 -1
39 289 -1
289 39 -1
39 291 -1
291 39 -1
39 373 -1
373 39 -1
39 421 -1
421 39 -1
39 432 1
432 39 1
39 441 -1
441 39 -1
39 483 1
483 39 1
39 496 -1
496 39 -1
40 96 1
96 40 1
40 99 1
99 40 1
40 122 1
122 40 1
40 132 1
132 40 1
40 200 1
200 40 1
40 242 1
242 40 1
40 294 1
294 40 1
40 351 1
351 40 1
40 385 -1
385 40 -1
40 456 1
456 40 1
40 491 1
491 40 1
40 496 1
496 40 1
41 50 -1
50 41 -1
41 51 1
51 41 1
41 54 1
54 41 1
41 101 -1
101 41 -1
41 172 -1
172 41 -1
41 175 -1
175 41 -1
41 176 1
176 41 1
41 190 1
190 41 1
41 217 -1
217 41 -1
41 223 1
223 41 1
41 238 -1
238 41 -1
41 239 1
239 41 1
41 245 -1
245 41 -1
41 254 1
254 41 1
41 266 -1
266 41 -1
41 276 1
276 41 1
41 280 -1
280 41 -1
41 377 -1
377 41 -1
41 382 -1
382 41 -1
41 386 1
386 41 1
41 396 1
396 41 1
41 410 1
410 41 1
41 447 1
447 41 1
41 500 1
500 41 1
42 50 -1
50 42 -1
42 125 1
125 42 1
42 214 -1
214 42 -1
42 231 1
231 42 1
42 241 1
241 42 1
42 244 -1
244 42 -1
42 281 1
281 42 1
42 306 1
306 42 1
42 328 -1
328 42 -1
42 346 -1
346 42 -1
42 350 -1
350 42 -1
42 354 1
354 42 1
42 409 1
409 42 1
42 415 1
415 42 1
42 458 1
458 42 1
42 476 -1
476 42 -1
43 76 -1
76 43 -1
43 125 1
125 43 1
43 131 1
131 43 1
43 231 1
231 43 1
43 241 1
241 43 1
43 244 1
244 43 1
43 363 -1
363 43 -1
43 415 1
415 43 1
43 458 1
458 43 1
43 499 -1
499 43 -1
44 130 1
130 44 1
44 140 1
140 44 1
44 141 1
141 44 1
44 163 1
163 44 1
44 174 -1
174 44 -1
44 202 1
202 44 1
44 214 1
214 44 1
44 220 1
220 44 1
44 272 1
272 44 1
44 287 1
287 44 1
44 307 1
307 44 1
44 359 -1
359 44 -1
44 380 -1
380 44 -1
44 417 -1
417 44 -1
44 437 1
437 44 1
44 438 1
438 44 1
44 446 1
446 44 1
44 464 1
464 44 1
44 474 -1
474 44 -1
45 92 1
92 45 1
45 114 -1
114 45 -1
45 147 1
147 45 1
45 212 1
212 45 1
45 259 -1
259 45 -1
45 328 1
328 45 1
45 352 -1
352 45 -1
45 397 -1
397 45 -1
45 398 1
398 45 1
45 472 1
472 45 1
45 480 -1
480 45 -1
45 499 1
499 45 1
46 62 1
62 46 1
46 185 1
185 46 1
46 230 1
230 46 1
46 248 1
248 46 1
46 283 1
283 46 1
46 358 -1
358 46 -1
46 360 1
360 46 1
46 420 1
420 46 1
46 424 1
424 46 1
46 455 1
455 46 1
46 458 -1
458 46 -1
47 57 1
57 47 1
47 60 1
60 47 1
47 73 1
73 47 1
47 109 -1
109 47 -1
47 117 -1
117 47 -1
47 182 1
182 47 1
47 246 -1
246 47 -1
47 249 1
249 47 1
47 290 1
290 47 1
47 323 -1
323 47 -1
47 361 1
361 47 1
47 432 1
432 47 1
47 440 1
440 47 1
47 466 1
466 47 1
48 88 1
88 48 1
48 119 1
119 48 1
48 136 -1
136 48 -1
48 196 -1
196 48 -1
48 203 1
203 48 1
48 224 1
224 48 1
48 233 1
233 48 1
48 263 1
263 48 1
48 334 1
334 48 1
48 341 1
341 48 1
48 376 -1
376 48 -1
48 385 1
385 48 1
48 399 1
399 48 1
48 492 1
492 48 1
49 63 1
63 49 1
49 99 -1
99 49 -1
49 100 1
100 49 1
49 108 -1
108 49 -1
49 201 -1
201 49 -1
49 218 -1
218 49 -1
49 225 -1
225 49 -1
49 249 -1
249 49 -1
49 252 1
252 49 1
49 284 -1
284 49 -1
49 298 1
298 49 1
49 348 1
348 49 1
49 353 1
353 49 1
49 363 1
363 49 1
49 372 -1
372 49 -1
49 481 1
481 49 1
50 51 1
51 50 1
50 54 1
54 50 1
50 97 -1
97 50 -1
50 127 1
127 50 1
50 154 1
154 50 1
50 175 1
175 50 1
50 176 1
176 50 1
50 190 -1
190 50 -1
50 198 -1
198 50 -1
50 219 -1
219 50 -1
50 220 -1
220 50 -1
50 223 1
223 50 1
50 239 1
239 50 1
50 242 -1
242 50 -1
50 276 1
276 50 1
50 340 1
340 50 1
50 351 -1
351 50 -1
50 365 1
365 50 1
50 382 -1
382 50 -1
50 386 -1
386 50 -1
50 410 -1
410 50 -1
50 447 1
447 50 1
51 54 1
54 51 1
51 78 -1
78 51 -1
51 154 1
154 51 1
51 176 1
176 51 1
51 223 -1
223 51 -1
51 239 1
239 51 1
51 276 -1
276 51 -1
51 351 -1
351 51 -1
51 365 1
365 51 1
51 386 1
386 51 1
51 483 -1
483 51 -1
52 86 1
86 52 1
52 161 1
161 52 1
52 173 1
173 52 1
52 178 1
178 52 1
52 252 -1
252 52 -1
52 272 -1
272 52 -1
52 333 -1
333 52 -1
52 381 1
381 52 1
52 411 1
411 52 1
52 419 -1
419 52 -1
52 421 -1
421 52 -1
52 453 1
453 52 1
53 74 -1
74 53 -1
53 153 1
153 53 1
53 232 1
232 53 1
53 247 1
247 53 1
53 315 -1
315 53 -1
53 317 1
317 53 1
53 360 -1
360 53 -1
53 445 1
445 53 1
53 483 1
483 53 1
54 132 -1
132 54 -1
54 138 1
138 54 1
54 175 1
175 54 1
54 190 1
190 54 1
54 223 1
223 54 1
54 254 -1
254 54 -1
54 276 1
276 54 1
54 285 1
285 54 1
54 322 1
322 54 1
54 382 1
382 54 1
54 386 1
386 54 1
54 396 1
396 54 1
54 405 -1
405 54 -1
54 413 -1
413 54 -1
54 441 -1
441 54 -1
54 481 -1
481 54 -1
54 500 1
500 54 1
55 135 1
135 55 1
55 165 1
165 55 1
55 173 1
173 55 1
55 223 -1
223 55 -1
55 256 1
256 55 1
55 353 -1
353 55 -1
55 381 1
381 55 1
55 411 1
411 55 1
55 421 1
421 55 1
56 71 -1
71 56 -1
56 104 1
104 56 1
56 122 1
122 56 1
56 126 -1
126 56 -1
56 131 -1
131 56 -1
56 134 1
134 56 1
56 184 -1
184 56 -1
56 187 -1
187 56 -1
56 191 1
191 56 1
56 237 1
237 56 1
56 261 1
261 56 1
56 269 1
269 56 1
56 278 -1
278 56 -1
56 294 1
294 56 1
56 295 1
295 56 1
56 312 -1
312 56 -1
56 387 1
387 56 1
56 408 1
408 56 1
56 422 -1
422 56 -1
56 432 1
432 56 1
56 441 1
441 56 1
56 483 1
483 56 1
56 491 1
491 56 1
56 496 -1
496 56 -1
57 60 1
60 57 1
57 73 1
73 57 1
57 74 1
74 57 1
57 97 1
97 57 1
57 149 -1
149 57 -1
57 184 -1
184 57 -1
57 195 1
195 57 1
57 245 1
245 57 1
57 263 -1
263 57 -1
57 267 -1
267 57 -1
57 271 -1
271 57 -1
57 290 1
290 57 1
57 323 1
323 57 1
57 324 1
324 57 1
57 337 1
337 57 1
57 358 1
358 57 1
57 361 1
361 57 1
57 367 1
367 57 1
57 391 1
391 57 1
57 393 -1
393 57 -1
57 412 1
412 57 1
57 422 1
422 57 1
57 430 1
430 57 1
57 448 1
448 57 1
58 110 1
110 58 1
58 180 1
180 58 1
58 198 -1
198 58 -1
58 276 -1
276 58 -1
58 281 1
281 58 1
58 355 1
355 58 1
58 358 -1
358 58 -1
58 451 -1
451 58 -1
58 468 1
468 58 1
59 65 1
65 59 1
59 112 -1
112 59 -1
59 171 1
171 59 1
59 178 1
178 59 1
59 198 -1
198 59 -1
59 200 -1
200 59 -1
59 256 1
256 59 1
59 335 1
335 59 1
59 381 1
381 59 1
59 411 1
411 59 1
59 419 1
419 59 1
59 475 -1
475 59 -1
60 73 1
73 60 1
60 74 1
74 60 1
60 79 -1
79 60 -1
60 97 1
97 60 1
60 119 -1
119 60 -1
60 166 -1
166 60 -1
60 182 1
182 60 1
60 185 -1
185 60 -1
60 195 1
195 60 1
60 245 1
245 60 1
60 249 1
249 60 1
60 251 -1
251 60 -1
60 267 1
267 60 1
60 273 -1
273 60 -1
60 278 1
278 60 1
60 280 1
280 60 1
60 289 -1
289 60 -1
60 290 1
290 60 1
60 302 1
302 60 1
60 323 1
323 60 1
60 336 1
336 60 1
60 337 1
337 60 1
60 342 -1
342 60 -1
60 358 1
358 60 1
60 361 1
361 60 1
60 366 1
366 60 1
60 367 1
367 60 1
60 369 1
369 60 1
60 383 1
383 60 1
60 391 1
391 60 1
60 394 -1
394 60 -1
60 400 -1
400 60 -1
60 403 -1
403 60 -1
60 412 1
412 60 1
60 422 1
422 60 1
60 428 1
428 60 1
60 431 1
431 60 1
60 439 -1
439 60 -1
60 440 -1
440 60 -1
60 447 -1
447 60 -1
60 466 1
466 60 1
60 473 1
473 60 1
60 482 -1
482 60 -1
61 68 1
68 61 1
61 73 1
73 61 1
61 95 1
95 61 1
61 105 1
105 61 1
61 176 -1
176 61 -1
61 203 -1
203 61 -1
61 205 1
205 61 1
61 262 -1
262 61 -1
61 263 1
263 61 1
61 319 1
319 61 1
61 334 1
334 61 1
61 341 1
341 61 1
61 440 1
440 61 1
61 492 1
492 61 1
62 180 1
180 62 1
62 217 1
217 62 1
62 235 1
235 62 1
62 274 1
274 62 1
62 281 1
281 62 1
62 315 1
315 62 1
62 318 -1
318 62 -1
62 342 1
342 62 1
62 347 -1
347 62 -1
62 397 1
397 62 1
62 420 1
420 62 1
62 424 1
424 62 1
63 79 -1
79 63 -1
63 108 -1
108 63 -1
63 201 1
201 63 1
63 298 1
298 63 1
63 348 1
348 63 1
63 377 -1
377 63 -1
63 452 1
452 63 1
63 481 1
481 63 1
63 487 1
487 63 1
64 108 -1
108 64 -1
64 203 -1
203 64 -1
64 225 1
225 64 1
64 298 1
298 64 1
64 347 1
347 64 1
64 362 1
362 64 1
64 452 1
452 64 1
64 458 -1
458 64 -1
64 481 1
481 64 1
64 488 1
488 64 1
65 119 -1
119 65 -1
65 161 1
161 65 1
65 171 1
171 65 1
65 173 -1
173 65 -1
65 206 -1
206 65 -1
65 256 1
256 65 1
65 335 1
335 65 1
65 381 1
381 65 1
65 421 1
421 65 1
66 72 1
72 66 1
66 78 -1
78 66 -1
66 101 -1
101 66 -1
66 116 -1
116 66 -1
66 123 -1
123 66 -1
66 150 1
150 66 1
66 162 1
162 66 1
66 185 -1
185 66 -1
66 186 1
186 66 1
66 208 -1
208 66 -1
66 224 1
224 66 1
66 227 1
227 66 1
66 243 1
243 66 1
66 263 -1
263 66 -1
66 266 1
266 66 1
66 282 1
282 66 1
66 299 -1
299 66 -1
66 304 -1
304 66 -1
66 352 -1
352 66 -1
66 371 1
371 66 1
66 376 -1
376 66 -1
66 388 1
388 66 1
66 409 1
409 66 1
66 411 -1
411 66 -1
66 442 1
442 66 1
66 462 1
462 66 1
66 465 1
465 66 1
67 75 1
75 67 1
67 87 1
87 67 1
67 91 -1
91 67 -1
67 96 -1
96 67 -1
67 111 1
111 67 1
67 115 1
115 67 1
67 120 1
120 67 1
67 121 -1
121 67 -1
67 133 1
133 67 1
67 145 1
145 67 1
67 151 -1
151 67 -1
67 158 1
158 67 1
67 166 -1
166 67 -1
67 187 1
187 67 1
67 188 -1
188 67 -1
67 193 1
193 67 1
67 194 1
194 67 1
67 203 1
203 67 1
67 206 1
206 67 1
67 267 1
267 67 1
67 276 -1
276 67 -1
67 284 1
284 67 1
67 289 1
289 67 1
67 299 1
299 67 1
67 318 1
318 67 1
67 326 1
326 67 1
67 331 1
331 67 1
67 345 1
345 67 1
67 390 1
390 67 1
67 413 1
413 67 1
67 418 1
418 67 1
67 436 1
436 67 1
67 439 -1
439 67 -1
67 441 -1
441 67 -1
67 460 1
460 67 1
68 95 1
95 68 1
68 105 1
105 68 1
68 119 1
119 68 1
68 130 -1
130 68 -1
68 203 1
203 68 1
68 250 -1
250 68 -1
68 263 1
263 68 1
68 271 1
271 68 1
68 294 -1
294 68 -1
68 306 -1
306 68 -1
68 319 1
319 68 1
68 334 1
334 68 1
68 341 -1
341 68 -1
68 385 1
385 68 1
68 386 -1
386 68 -1
68 399 1
399 68 1
68 424 -1
424 68 -1
68 443 1
443 68 1
68 459 -1
459 68 -1
68 461 1
461 68 1
68 478 1
478 68 1
68 482 1
482 68 1
68 492 1
492 68 1
69 99 1
99 69 1
69 102 1
102 69 1
69 109 -1
109 69 -1
69 132 1
132 69 1
69 137 -1
137 69 -1
69 142 1
142 69 1
69 152 -1
152 69 -1
69 182 -1
182 69 -1
69 184 1
184 69 1
69 200 -1
200 69 -1
69 216 1
216 69 1
69 219 1
219 69 1
69 221 -1
221 69 -1
69 235 1
235 69 1
69 243 -1
243 69 -1
69 258 1
258 69 1
69 259 -1
259 69 -1
69 261 1
261 69 1
69 294 1
294 69 1
69 307 -1
307 69 -1
69 319 -1
319 69 -1
69 321 1
321 69 1
69 338 1
338 69 1
69 339 1
339 69 1
69 351 1
351 69 1
69 378 1
378 69 1
69 387 1
387 69 1
69 432 1
432 69 1
69 441 1
441 69 1
69 483 1
483 69 1
69 491 1
491 69 1
70 79 1
79 70 1
70 93 -1
93 70 -1
70 98 1
98 70 1
70 101 1
101 70 1
70 112 -1
112 70 -1
70 131 -1
131 70 -1
70 143 -1
143 70 -1
70 158 1
158 70 1
70 163 -1
163 70 -1
70 198 1
198 70 1
70 204 -1
204 70 -1
70 222 -1
222 70 -1
70 260 1
260 70 1
70 262 1
262 70 1
70 270 1
270 70 1
70 286 -1
286 70 -1
70 343 1
343 70 1
70 364 1
364 70 1
70 366 1
366 70 1
70 395 1
395 70 1
70 433 -1
433 70 -1
70 474 1
474 70 1
70 475 1
475 70 1
70 486 -1
486 70 -1
71 94 -1
94 71 -1
71 119 -1
119 71 -1
71 152 1
152 71 1
71 177 1
177 71 1
71 310 1
310 71 1
71 312 -1
312 71 -1
71 333 1
333 71 1
71 384 1
384 71 1
71 457 1
457 71 1
71 493 1
493 71 1
72 97 -1
97 72 -1
72 116 1
116 72 1
72 123 -1
123 72 -1
72 186 1
186 72 1
72 208 1
208 72 1
72 224 1
224 72 1
72 227 1
227 72 1
72 243 1
243 72 1
72 266 1
266 72 1
72 282 1
282 72 1
72 304 1
304 72 1
72 311 1
311 72 1
72 328 1
328 72 1
72 352 1
352 72 1
72 371 1
371 72 1
72 376 1
376 72 1
72 388 1
388 72 1
72 432 -1
432 72 -1
72 433 -1
433 72 -1
72 442 1
442 72 1
72 448 -1
448 72 -1
72 462 -1
462 72 -1
72 465 1
465 72 1
73 74 1
74 73 1
73 93 1
93 73 1
73 169 1
169 73 1
73 182 1
182 73 1
73 195 1
195 73 1
73 239 -1
239 73 -1
73 245 1
245 73 1
73 248 -1
248 73 -1
73 249 1
249 73 1
73 251 1
251 73 1
73 267 1
267 73 1
73 273 1
273 73 1
73 278 1
278 73 1
73 315 -1
315 73 -1
73 324 1
324 73 1
73 342 1
342 73 1
73 358 1
358 73 1
73 369 1
369 73 1
73 383 1
383 73 1
73 391 1
391 73 1
73 400 1
400 73 1
73 412 -1
412 73 -1
73 439 1
439 73 1
73 440 1
440 73 1
73 478 -1
478 73 -1
73 482 -1
482 73 -1
74 97 1
97 74 1
74 108 -1
108 74 -1
74 110 -1
110 74 -1
74 118 1
118 74 1
74 182 1
182 74 1
74 195 -1
195 74 -1
74 201 -1
201 74 -1
74 244 -1
244 74 -1
74 245 1
245 74 1
74 246 1
246 74 1
74 249 1
249 74 1
74 267 -1
267 74 -1
74 273 1
273 74 1
74 290 1
290 74 1
74 291 -1
291 74 -1
74 305 1
305 74 1
74 323 1
323 74 1
74 324 1
324 74 1
74 337 1
337 74 1
74 342 -1
342 74 -1
74 355 -1
355 74 -1
74 358 1
358 74 1
74 365 -1
365 74 -1
74 367 1
367 74 1
74 369 1
369 74 1
74 374 1
374 74 1
74 391 -1
391 74 -1
74 393 1
393 74 1
74 412 -1
412 74 -1
74 422 1
422 74 1
74 430 -1
430 74 -1
74 431 1
431 74 1
74 439 -1
439 74 -1
74 466 -1
466 74 -1
74 492 -1
492 74 -1
75 145 1
145 75 1
75 187 1
187 75 1
75 258 -1
258 75 -1
75 284 1
284 75 1
75 318 1
318 75 1
75 326 1
326 75 1
75 327 -1
327 75 -1
75 345 -1
345 75 -1
75 394 1
394 75 1
75 418 1
418 75 1
75 435 -1
435 75 -1
76 94 -1
94 76 -1
76 113 1
113 76 1
76 114 1
114 76 1
76 152 1
152 76 1
76 179 -1
179 76 -1
76 247 -1
247 76 -1
76 308 1
308 76 1
76 309 -1
309 76 -1
76 310 1
310 76 1
76 311 1
311 76 1
76 329 1
329 76 1
76 333 1
333 76 1
76 361 -1
361 76 -1
76 368 1
368 76 1
76 379 1
379 76 1
76 384 1
384 76 1
76 404 1
404 76 1
76 426 1
426 76 1
76 449 -1
449 76 -1
76 457 -1
457 76 -1
76 493 1
493 76 1
77 95 1
95 77 1
77 101 -1
101 77 -1
77 146 1
146 77 1
77 205 1
205 77 1
77 263 1
263 77 1
77 296 1
296 77 1
77 319 1
319 77 1
77 334 1
334 77 1
77 341 -1
341 77 -1
77 365 -1
365 77 -1
77 385 1
385 77 1
77 415 1
415 77 1
77 492 -1
492 77 -1
78 80 1
80 78 1
78 212 -1
212 78 -1
78 230 1
230 78 1
78 247 -1
247 78 -1
78 248 1
248 78 1
78 265 1
265 78 1
78 309 1
309 78 1
78 325 1
325 78 1
78 347 -1
347 78 -1
78 360 -1
360 78 -1
78 397 1
397 78 1
78 414 1
414 78 1
78 424 1
424 78 1
79 98 1
98 79 1
79 100 -1
100 79 -1
79 103 1
103 79 1
79 117 1
117 79 1
79 139 -1
139 79 -1
79 143 1
143 79 1
79 174 1
174 79 1
79 183 1
183 79 1
79 198 1
198 79 1
79 204 1
204 79 1
79 248 -1
248 79 -1
79 249 1
249 79 1
79 253 1
253 79 1
79 260 1
260 79 1
79 262 1
262 79 1
79 265 -1
265 79 -1
79 270 1
270 79 1
79 277 1
277 79 1
79 279 1
279 79 1
79 294 -1
294 79 -1
79 297 1
297 79 1
79 312 1
312 79 1
79 316 1
316 79 1
79 318 1
318 79 1
79 325 -1
325 79 -1
79 333 -1
333 79 -1
79 343 1
343 79 1
79 354 -1
354 79 -1
79 356 -1
356 79 -1
79 364 1
364 79 1
79 372 -1
372 79 -1
79 373 1
373 79 1
79 395 -1
395 79 -1
79 448 1
448 79 1
79 454 -1
454 79 -1
79 474 1
474 79 1
79 475 1
475 79 1
79 484 1
484 79 1
79 486 1
486 79 1
79 498 1
498 79 1
80 205 -1
205 80 -1
80 232 -1
232 80 -1
80 247 1
247 80 1
80 283 1
283 80 1
80 291 1
291 80 1
80 317 1
317 80 1
80 360 1
360 80 1
80 424 1
424 80 1
81 99 -1
99 81 -1
81 133 -1
133 81 -1
81 148 1
148 81 1
81 149 1
149 81 1
81 180 1
180 81 1
81 185 1
185 81 1
81 219 -1
219 81 -1
81 247 1
247 81 1
81 315 1
315 81 1
81 320 -1
320 81 -1
81 370 1
370 81 1
81 386 -1
386 81 -1
81 394 1
394 81 1
81 397 1
397 81 1
81 401 1
401 81 1
81 407 1
407 81 1
81 479 1
479 81 1
82 88 -1
88 82 -1
82 119 1
119 82 1
82 141 -1
141 82 -1
82 226 1
226 82 1
82 245 1
245 82 1
82 263 -1
263 82 -1
82 319 -1
319 82 -1
82 334 1
334 82 1
82 341 -1
341 82 -1
82 385 1
385 82 1
82 395 -1
395 82 -1
82 426 -1
426 82 -1
82 461 1
461 82 1
82 470 -1
470 82 -1
82 482 1
482 82 1
82 492 1
492 82 1
83 133 1
133 83 1
83 218 1
218 83 1
83 230 1
230 83 1
83 298 1
298 83 1
83 314 -1
314 83 -1
83 347 1
347 83 1
83 362 -1
362 83 -1
83 363 1
363 83 1
83 388 1
388 83 1
83 452 1
452 83 1
83 481 1
481 83 1
83 488 1
488 83 1
84 101 1
101 84 1
84 113 -1
113 84 -1
84 117 1
117 84 1
84 157 -1
157 84 -1
84 198 1
198 84 1
84 250 -1
250 84 -1
84 262 1
262 84 1
84 289 -1
289 84 -1
84 312 1
312 84 1
84 344 1
344 84 1
84 373 1
373 84 1
84 395 1
395 84 1
84 474 1
474 84 1
84 486 1
486 84 1
85 130 -1
130 85 -1
85 140 -1
140 85 -1
85 161 1
161 85 1
85 165 -1
165 85 -1
85 178 -1
178 85 -1
85 256 1
256 85 1
85 335 -1
335 85 -1
85 381 1
381 85 1
85 411 1
411 85 1
85 421 1
421 85 1
85 453 -1
453 85 -1
85 480 -1
480 85 -1
86 112 1
112 86 1
86 133 1
133 86 1
86 165 1
165 86 1
86 171 1
171 86 1
86 173 1
173 86 1
86 178 -1
178 86 -1
86 268 -1
268 86 -1
86 301 -1
301 86 -1
87 115 1
115 87 1
87 120 1
120 87 1
87 133 1
133 87 1
87 145 1
145 87 1
87 151 1
151 87 1
87 187 1
187 87 1
87 198 -1
198 87 -1
87 227 -1
227 87 -1
87 228 -1
228 87 -1
87 229 1
229 87 1
87 284 1
284 87 1
87 323 1
323 87 1
87 326 1
326 87 1
87 345 1
345 87 1
87 373 1
373 87 1
87 390 -1
390 87 -1
87 405 -1
405 87 -1
87 413 1
413 87 1
87 418 -1
418 87 -1
87 452 -1
452 87 -1
88 90 -1
90 88 -1
88 119 1
119 88 1
88 203 -1
203 88 -1
88 205 1
205 88 1
88 221 -1
221 88 -1
88 233 1
233 88 1
88 234 1
234 88 1
88 263 1
263 88 1
88 291 -1
291 88 -1
88 292 -1
292 88 -1
88 301 -1
301 88 -1
88 319 1
319 88 1
88 326 -1
326 88 -1
88 334 1
334 88 1
88 341 1
341 88 1
88 351 1
351 88 1
88 385 1
385 88 1
88 425 1
425 88 1
88 443 1
443 88 1
88 450 1
450 88 1
88 482 1
482 88 1
88 489 -1
489 88 -1
88 492 1
492 88 1
88 497 -1
497 88 -1
89 99 1
99 89 1
89 109 1
109 89 1
89 200 1
200 89 1
89 219 1
219 89 1
89 261 1
261 89 1
89 269 1
269 89 1
89 387 -1
387 89 -1
89 415 -1
415 89 -1
89 433 -1
433 89 -1
89 441 1
441 89 1
90 92 1
92 90 1
90 114 -1
114 90 -1
90 126 1
126 90 1
90 138 1
138 90 1
90 156 1
156 90 1
90 157 -1
157 90 -1
90 240 1
240 90 1
90 275 -1
275 90 -1
90 328 1
328 90 1
90 330 1
330 90 1
90 360 -1
360 90 -1
90 398 1
398 90 1
90 403 -1
403 90 -1
90 410 -1
410 90 -1
90 455 -1
455 90 -1
90 467 1
467 90 1
90 472 1
472 90 1
90 496 -1
496 90 -1
91 145 1
145 91 1
91 228 1
228 91 1
91 229 -1
229 91 -1
91 261 -1
261 91 -1
91 289 -1
289 91 -1
91 382 -1
382 91 -1
91 460 1
460 91 1
91 463 1
463 91 1
91 485 -1
485 91 -1
92 114 1
114 92 1
92 132 -1
132 92 -1
92 147 1
147 92 1
92 217 -1
217 92 -1
92 328 1
328 92 1
92 330 1
330 92 1
92 403 1
403 92 1
92 499 1
499 92 1
93 110 1
110 93 1
93 136 1
136 93 1
93 148 1
148 93 1
93 153 1
153 93 1
93 154 1
154 93 1
93 168 1
168 93 1
93 180 -1
180 93 -1
93 185 -1
185 93 -1
93 204 -1
204 93 -1
93 247 1
247 93 1
93 248 -1
248 93 -1
93 303 1
303 93 1
93 309 1
309 93 1
93 315 1
315 93 1
93 318 -1
318 93 -1
93 346 1
346 93 1
93 394 1
394 93 1
93 397 1
397 93 1
93 402 1
402 93 1
93 441 -1
441 93 -1
93 455 1
455 93 1
93 468 1
468 93 1
93 479 1
479 93 1
94 152 1
152 94 1
94 177 1
177 94 1
94 179 1
179 94 1
94 185 -1
185 94 -1
94 197 -1
197 94 -1
94 201 -1
201 94 -1
94 204 -1
204 94 -1
94 308 1
308 94 1
94 310 1
310 94 1
94 311 1
311 94 1
94 329 1
329 94 1
94 333 1
333 94 1
94 356 1
356 94 1
94 368 1
368 94 1
94 379 1
379 94 1
94 384 1
384 94 1
94 404 1
404 94 1
94 417 -1
417 94 -1
94 426 1
426 94 1
94 457 1
457 94 1
94 461 -1
461 94 -1
94 493 -1
493 94 -1
95 98 -1
98 95 -1
95 166 1
166 95 1
95 205 1
205 95 1
95 215 1
215 95 1
95 219 -1
219 95 -1
95 263 1
263 95 1
95 319 -1
319 95 -1
95 323 -1
323 95 -1
95 334 -1
334 95 -1
95 399 1
399 95 1
95 450 1
450 95 1
96 121 1
121 96 1
96 122 1
122 96 1
96 124 -1
124 96 -1
96 184 1
184 96 1
96 206 -1
206 96 -1
96 258 1
258 96 1
96 261 1
261 96 1
96 269 1
269 96 1
96 344 -1
344 96 -1
96 351 -1
351 96 -1
96 432 1
432 96 1
96 441 1
441 96 1
96 483 1
483 96 1
97 122 -1
122 97 -1
97 182 1
182 97 1
97 245 1
245 97 1
97 246 1
246 97 1
97 249 -1
249 97 -1
97 267 1
267 97 1
97 280 1
280 97 1
97 290 1
290 97 1
97 336 1
336 97 1
97 342 1
342 97 1
97 361 1
361 97 1
97 439 1
439 97 1
97 440 1
440 97 1
98 121 1
121 98 1
98 262 1
262 98 1
98 284 -1
284 98 -1
98 297 1
297 98 1
98 395 1
395 98 1
98 475 1
475 98 1
99 102 1
102 99 1
99 104 1
104 99 1
99 105 -1
105 99 -1
99 109 -1
109 99 -1
99 121 -1
121 99 -1
99 122 1
122 99 1
99 125 1
125 99 1
99 132 1
132 99 1
99 135 1
135 99 1
99 142 -1
142 99 -1
99 144 1
144 99 1
99 145 -1
145 99 -1
99 170 -1
170 99 -1
99 191 -1
191 99 -1
99 200 1
200 99 1
99 216 -1
216 99 -1
99 235 1
235 99 1
99 237 1
237 99 1
99 242 1
242 99 1
99 261 1
261 99 1
99 264 1
264 99 1
99 269 -1
269 99 -1
99 294 1
294 99 1
99 314 1
314 99 1
99 321 1
321 99 1
99 338 1
338 99 1
99 351 1
351 99 1
99 359 -1
359 99 -1
99 398 1
398 99 1
99 432 1
432 99 1
99 441 1
441 99 1
99 456 1
456 99 1
99 465 -1
465 99 -1
99 483 -1
483 99 -1
99 496 1
496 99 1
100 298 1
298 100 1
100 347 1
347 100 1
100 382 -1
382 100 -1
100 423 -1
423 100 -1
100 452 1
452 100 1
100 488 1
488 100 1
100 494 1
494 100 1
101 103 -1
103 101 -1
101 117 1
117 101 1
101 124 1
124 101 1
101 143 1
143 101 1
101 148 -1
148 101 -1
101 198 1
198 101 1
101 204 1
204 101 1
101 222 1
222 101 1
101 257 1
257 101 1
101 260 -1
260 101 -1
101 262 1
262 101 1
101 270 1
270 101 1
101 277 1
277 101 1
101 324 1
324 101 1
101 344 1
344 101 1
101 366 1
366 101 1
101 372 1
372 101 1
101 385 1
385 101 1
101 395 1
395 101 1
101 433 1
433 101 1
101 448 1
448 101 1
101 458 1
458 101 1
101 474 1
474 101 1
101 484 1
484 101 1
101 486 1
486 101 1
101 498 -1
498 101 -1
102 105 1
105 102 1
102 109 1
109 102 1
102 122 1
122 102 1
102 132 1
132 102 1
102 134 1
134 102 1
102 135 1
135 102 1
102 144 -1
144 102 -1
102 172 -1
172 102 -1
102 184 1
184 102 1
102 200 1
200 102 1
102 249 -1
249 102 -1
102 261 1
261 102 1
102 262 -1
262 102 -1
102 294 1
294 102 1
102 351 1
351 102 1
102 424 -1
424 102 -1
102 432 1
432 102 1
102 453 -1
453 102 -1
102 483 1
483 102 1
103 105 -1
105 103 -1
103 143 1
143 103 1
103 147 -1
147 103 -1
103 180 -1
180 103 -1
103 198 1
198 103 1
103 222 1
222 103 1
103 253 1
253 103 1
103 256 -1
256 103 -1
103 257 1
257 103 1
103 260 1
260 103 1
103 262 1
262 103 1
103 270 1
270 103 1
103 279 1
279 103 1
103 284 -1
284 103 -1
103 316 1
316 103 1
103 338 1
338 103 1
103 343 1
343 103 1
103 395 1
395 103 1
103 404 -1
404 103 -1
103 448 1
448 103 1
103 454 1
454 103 1
103 462 -1
462 103 -1
103 474 1
474 103 1
103 475 1
475 103 1
103 477 -1
477 103 -1
103 486 -1
486 103 -1
104 122 1
122 104 1
104 132 -1
132 104 -1
104 134 1
134 104 1
104 144 1
144 104 1
104 216 1
216 104 1
104 258 1
258 104 1
104 261 1
261 104 1
104 290 -1
290 104 -1
104 295 1
295 104 1
104 321 1
321 104 1
104 344 1
344 104 1
104 412 -1
412 104 -1
104 432 -1
432 104 -1
104 441 -1
441 104 -1
104 447 -1
447 104 -1
104 483 1
483 104 1
104 491 -1
491 104 -1
104 496 -1
496 104 -1
105 139 -1
139 105 -1
105 205 1
205 105 1
105 206 -1
206 105 -1
105 221 1
221 105 1
105 224 1
224 105 1
105 263 -1
263 105 -1
105 319 1
319 105 1
105 334 1
334 105 1
105 380 1
380 105 1
105 399 -1
399 105 -1
105 443 1
443 105 1
105 461 1
461 105 1
105 476 -1
476 105 -1
105 482 1
482 105 1
105 485 1
485 105 1
105 492 -1
492 105 -1
106 122 -1
122 106 -1
106 132 1
132 106 1
106 144 1
144 106 1
106 219 -1
219 106 -1
106 269 1
269 106 1
106 338 1
338 106 1
106 351 1
351 106 1
106 385 -1
385 106 -1
106 414 1
414 106 1
107 154 1
154 107 1
107 172 1
172 107 1
107 175 -1
175 107 -1
107 176 1
176 107 1
107 211 -1
211 107 -1
107 246 -1
246 107 -1
107 276 1
276 107 1
107 382 1
382 107 1
107 410 1
410 107 1
108 176 -1
176 108 -1
108 195 -1
195 108 -1
108 201 1
201 108 1
108 210 -1
210 108 -1
108 218 1
218 108 1
108 225 1
225 108 1
108 260 1
260 108 1
108 298 -1
298 108 -1
108 347 -1
347 108 -1
108 348 1
348 108 1
108 358 -1
358 108 -1
108 363 1
363 108 1
108 446 -1
446 108 -1
108 452 1
452 108 1
108 487 1
487 108 1
108 488 -1
488 108 -1
108 494 1
494 108 1
109 132 1
132 109 1
109 204 -1
204 109 -1
109 235 1
235 109 1
109 314 1
314 109 1
109 332 -1
332 109 -1
109 432 -1
432 109 -1
109 456 1
456 109 1
109 483 1
483 109 1
110 124 -1
124 110 -1
110 153 -1
153 110 -1
110 160 1
160 110 1
110 164 1
164 110 1
110 166 1
166 110 1
110 187 -1
187 110 -1
110 247 1
247 110 1
110 248 1
248 110 1
110 265 1
265 110 1
110 303 1
303 110 1
110 346 1
346 110 1
110 449 -1
449 110 -1
110 465 -1
465 110 -1
111 133 1
133 111 1
111 145 1
145 111 1
111 158 1
158 111 1
111 187 -1
187 111 -1
111 229 1
229 111 1
111 248 -1
248 111 -1
111 299 1
299 111 1
111 326 -1
326 111 -1
111 385 -1
385 111 -1
111 422 -1
422 111 -1
112 171 1
171 112 1
112 173 -1
173 112 -1
112 178 1
178 112 1
112 287 -1
287 112 -1
112 381 1
381 112 1
112 412 -1
412 112 -1
112 421 1
421 112 1
112 435 1
435 112 1
112 453 1
453 112 1
113 152 -1
152 113 -1
113 308 1
308 113 1
113 310 1
310 113 1
113 311 1
311 113 1
113 329 1
329 113 1
113 333 1
333 113 1
113 368 1
368 113 1
113 396 -1
396 113 -1
114 138 1
138 114 1
114 196 1
196 114 1
114 328 -1
328 114 -1
114 329 -1
329 114 -1
114 398 1
398 114 1
114 467 -1
467 114 -1
114 472 1
472 114 1
115 120 1
120 115 1
115 130 -1
130 115 -1
115 145 1
145 115 1
115 146 -1
146 115 -1
115 151 1
151 115 1
115 159 1
159 115 1
115 185 -1
185 115 -1
115 187 1
187 115 1
115 206 1
206 115 1
115 211 1
211 115 1
115 221 -1
221 115 -1
115 228 1
228 115 1
115 238 1
238 115 1
115 246 -1
246 115 -1
115 250 1
250 115 1
115 269 1
269 115 1
115 276 -1
276 115 -1
115 284 1
284 115 1
115 293 1
293 115 1
115 299 1
299 115 1
115 318 1
318 115 1
115 326 1
326 115 1
115 331 1
331 115 1
115 345 1
345 115 1
115 359 1
359 115 1
115 383 -1
383 115 -1
115 390 1
390 115 1
115 392 1
392 115 1
115 413 1
413 115 1
115 460 1
460 115 1
115 463 1
463 115 1
115 464 -1
464 115 -1
116 123 1
123 116 1
116 150 1
150 116 1
116 170 -1
170 116 -1
116 186 1
186 116 1
116 208 1
208 116 1
116 352 1
352 116 1
116 399 -1
399 116 -1
116 465 1
465 116 1
117 260 -1
260 117 -1
117 277 1
277 117 1
117 312 -1
312 117 -1
117 365 -1
365 117 -1
117 395 1
395 117 1
117 433 1
433 117 1
117 474 1
474 117 1
117 475 1
475 117 1
117 477 1
477 117 1
117 481 -1
481 117 -1
117 486 1
486 117 1
118 132 -1
132 118 -1
118 182 1
182 118 1
118 186 -1
186 118 -1
118 195 1
195 118 1
118 249 1
249 118 1
118 267 1
267 118 1
118 273 1
273 118 1
118 342 1
342 118 1
118 358 1
358 118 1
118 395 1
395 118 1
118 412 1
412 118 1
118 428 1
428 118 1
118 430 1
430 118 1
118 440 -1
440 118 -1
119 129 -1
129 119 -1
119 139 1
139 119 1
119 146 1
146 119 1
119 195 1
195 119 1
119 203 1
203 119 1
119 205 1
205 119 1
119 208 -1
208 119 -1
119 221 1
221 119 1
119 226 -1
226 119 -1
119 233 1
233 119 1
119 234 -1
234 119 -1
119 263 1
263 119 1
119 319 1
319 119 1
119 334 1
334 119 1
119 341 1
341 119 1
119 352 -1
352 119 -1
119 380 1
380 119 1
119 385 1
385 119 1
119 399 1
399 119 1
119 417 1
417 119 1
119 437 -1
437 119 -1
119 442 -1
442 119 -1
119 443 1
443 119 1
119 450 1
450 119 1
119 459 -1
459 119 -1
119 470 1
470 119 1
119 473 -1
473 119 -1
119 478 1
478 119 1
119 482 -1
482 119 -1
119 485 -1
485 119 -1
119 492 1
492 119 1
119 497 1
497 119 1
120 133 -1
133 120 -1
120 134 -1
134 120 -1
120 151 1
151 120 1
120 158 1
158 120 1
120 159 1
159 120 1
120 166 -1
166 120 -1
120 171 -1
171 120 -1
120 187 1
187 120 1
120 188 -1
188 120 -1
120 193 1
193 120 1
120 194 1
194 120 1
120 206 1
206 120 1
120 207 1
207 120 1
120 228 1
228 120 1
120 229 1
229 120 1
120 236 1
236 120 1
120 238 1
238 120 1
120 250 1
250 120 1
120 251 1
251 120 1
120 284 1
284 120 1
120 287 -1
287 120 -1
120 289 1
289 120 1
120 293 1
293 120 1
120 297 1
297 120 1
120 299 1
299 120 1
120 309 -1
309 120 -1
120 318 1
318 120 1
120 326 1
326 120 1
120 345 1
345 120 1
120 359 1
359 120 1
120 390 -1
390 120 -1
120 392 1
392 120 1
120 413 1
413 120 1
120 418 1
418 120 1
120 427 1
427 120 1
120 460 1
460 120 1
120 463 1
463 120 1
120 468 -1
468 120 -1
121 122 -1
122 121 -1
121 132 1
132 121 1
121 134 1
134 121 1
121 184 1
184 121 1
121 191 1
191 121 1
121 219 -1
219 121 -1
121 261 1
261 121 1
121 310 -1
310 121 -1
121 351 -1
351 121 -1
121 432 -1
432 121 -1
121 464 -1
464 121 -1
121 495 -1
495 121 -1
122 132 1
132 122 1
122 134 1
134 122 1
122 144 1
144 122 1
122 184 1
184 122 1
122 191 1
191 122 1
122 200 1
200 122 1
122 208 -1
208 122 -1
122 216 1
216 122 1
122 219 1
219 122 1
122 235 1
235 122 1
122 238 1
238 122 1
122 242 -1
242 122 -1
122 261 1
261 122 1
122 269 1
269 122 1
122 286 1
286 122 1
122 287 -1
287 122 -1
122 288 -1
288 122 -1
122 295 1
295 122 1
122 314 1
314 122 1
122 332 1
332 122 1
122 339 1
339 122 1
122 351 1
351 122 1
122 387 1
387 122 1
122 403 -1
403 122 -1
122 406 1
406 122 1
122 408 -1
408 122 -1
122 416 -1
416 122 -1
122 432 1
432 122 1
122 437 -1
437 122 -1
122 441 1
441 122 1
122 456 -1
456 122 -1
122 467 -1
467 122 -1
122 483 1
483 122 1
122 486 -1
486 122 -1
122 491 1
491 122 1
122 496 1
496 122 1
123 150 -1
150 123 -1
123 151 -1
151 123 -1
123 186 1
186 123 1
123 194 -1
194 123 -1
123 243 1
243 123 1
123 266 1
266 123 1
123 277 -1
277 123 -1
123 282 1
282 123 1
123 304 1
304 123 1
123 352 -1
352 123 -1
123 354 -1
354 123 -1
123 371 1
371 123 1
123 388 -1
388 123 -1
123 442 1
442 123 1
123 460 -1
460 123 -1
123 462 1
462 123 1
123 465 1
465 123 1
124 204 1
204 124 1
124 262 1
262 124 1
124 270 1
270 124 1
124 277 1
277 124 1
124 385 1
385 124 1
124 395 1
395 124 1
124 424 -1
424 124 -1
124 477 1
477 124 1
124 484 1
484 124 1
125 132 -1
132 125 -1
125 178 -1
178 125 -1
125 231 1
231 125 1
125 241 1
241 125 1
125 244 1
244 125 1
125 288 -1
288 125 -1
125 306 1
306 125 1
125 360 -1
360 125 -1
125 389 1
389 125 1
125 415 1
415 125 1
125 451 1
451 125 1
125 458 1
458 125 1
125 469 1
469 125 1
126 147 1
147 126 1
126 156 1
156 126 1
126 196 1
196 126 1
126 212 1
212 126 1
126 228 -1
228 126 -1
126 240 -1
240 126 -1
126 398 1
398 126 1
126 413 -1
413 126 -1
126 425 -1
425 126 -1
126 467 1
467 126 1
127 154 -1
154 127 -1
127 175 -1
175 127 -1
127 223 1
223 127 1
127 238 -1
238 127 -1
127 276 -1
276 127 -1
127 306 -1
306 127 -1
127 310 -1
310 127 -1
127 327 1
327 127 1
127 382 1
382 127 1
127 386 1
386 127 1
128 198 1
198 128 1
128 248 -1
248 128 -1
128 257 1
257 128 1
128 260 1
260 128 1
128 277 1
277 128 1
128 395 1
395 128 1
128 397 -1
397 128 -1
128 448 1
448 128 1
128 453 -1
453 128 -1
128 486 1
486 128 1
129 148 -1
148 129 -1
129 226 1
226 129 1
129 289 -1
289 129 -1
129 341 1
341 129 1
129 385 1
385 129 1
129 398 -1
398 129 -1
129 399 1
399 129 1
129 482 -1
482 129 -1
129 492 -1
492 129 -1
130 141 1
141 130 1
130 163 1
163 130 1
130 166 -1
166 130 -1
130 181 1
181 130 1
130 189 -1
189 130 -1
130 199 1
199 130 1
130 213 1
213 130 1
130 214 1
214 130 1
130 220 1
220 130 1
130 272 1
272 130 1
130 287 1
287 130 1
130 307 1
307 130 1
130 312 -1
312 130 -1
130 313 1
313 130 1
130 349 1
349 130 1
130 360 -1
360 130 -1
130 416 1
416 130 1
130 417 -1
417 130 -1
130 429 1
429 130 1
130 437 1
437 130 1
130 438 1
438 130 1
130 446 1
446 130 1
130 464 1
464 130 1
130 484 1
484 130 1
131 221 -1
221 131 -1
131 231 1
231 131 1
131 241 1
241 131 1
131 244 1
244 131 1
131 267 -1
267 131 -1
131 288 1
288 131 1
131 354 1
354 131 1
131 389 -1
389 131 -1
131 415 1
415 131 1
131 425 1
425 131 1
131 434 1
434 131 1
131 458 1
458 131 1
131 475 -1
475 131 -1
132 134 1
134 132 1
132 135 1
135 132 1
132 137 1
137 132 1
132 189 -1
189 132 -1
132 191 1
191 132 1
132 200 1
200 132 1
132 220 -1
220 132 -1
132 237 1
237 132 1
132 242 -1
242 132 -1
132 258 1
258 132 1
132 261 1
261 132 1
132 268 -1
268 132 -1
132 286 1
286 132 1
132 294 1
294 132 1
132 295 1
295 132 1
132 309 -1
309 132 -1
132 321 1
321 132 1
132 351 1
351 132 1
132 382 -1
382 132 -1
132 387 1
387 132 1
132 432 1
432 132 1
132 456 1
456 132 1
132 476 -1
476 132 -1
132 483 1
483 132 1
132 491 1
491 132 1
132 496 1
496 132 1
133 145 1
145 133 1
133 158 1
158 133 1
133 159 1
159 133 1
133 187 1
187 133 1
133 194 1
194 133 1
133 206 1
206 133 1
133 207 1
207 133 1
133 211 1
211 133 1
133 228 1
228 133 1
133 229 1
229 133 1
133 245 -1
245 133 -1
133 250 -1
250 133 -1
133 262 -1
262 133 -1
133 263 -1
263 133 -1
133 284 1
284 133 1
133 289 1
289 133 1
133 326 1
326 133 1
133 331 -1
331 133 -1
133 345 1
345 133 1
133 359 1
359 133 1
133 391 -1
391 133 -1
133 413 1
413 133 1
133 418 1
418 133 1
133 460 1
460 133 1
133 463 1
463 133 1
133 469 -1
469 133 -1
134 198 1
198 134 1
134 294 -1
294 134 -1
134 339 1
339 134 1
134 341 -1
341 134 -1
134 351 1
351 134 1
134 369 -1
369 134 -1
134 387 1
387 134 1
134 430 -1
430 134 -1
134 432 1
432 134 1
134 491 1
491 134 1
135 156 -1
156 135 -1
135 184 1
184 135 1
135 216 1
216 135 1
135 242 -1
242 135 -1
135 249 -1
249 135 -1
135 351 -1
351 135 -1
135 387 1
387 135 1
135 418 -1
418 135 -1
135 441 1
441 135 1
136 247 -1
247 136 -1
136 302 -1
302 136 -1
136 303 1
303 136 1
136 317 1
317 136 1
136 355 1
355 136 1
136 407 1
407 136 1
136 420 -1
420 136 -1
136 423 1
423 136 1
136 424 -1
424 136 -1
136 430 1
430 136 1
137 216 1
216 137 1
137 250 -1
250 137 -1
137 261 1
261 137 1
137 264 1
264 137 1
137 314 -1
314 137 -1
137 338 1
338 137 1
137 351 -1
351 137 -1
137 378 1
378 137 1
137 389 -1
389 137 -1
138 147 1
147 138 1
138 192 -1
192 138 -1
138 258 -1
258 138 -1
138 259 1
259 138 1
138 328 1
328 138 1
138 330 -1
330 138 -1
138 398 1
398 138 1
138 467 1
467 138 1
138 472 1
472 138 1
138 499 1
499 138 1
139 169 -1
169 139 -1
139 172 1
172 139 1
139 203 1
203 139 1
139 205 -1
205 139 -1
139 215 1
215 139 1
139 263 1
263 139 1
139 296 1
296 139 1
139 319 1
319 139 1
139 334 1
334 139 1
139 341 1
341 139 1
139 379 -1
379 139 -1
139 380 -1
380 139 -1
139 385 1
385 139 1
139 443 1
443 139 1
139 450 1
450 139 1
139 461 1
461 139 1
139 478 1
478 139 1
139 482 -1
482 139 -1
139 492 1
492 139 1
139 497 -1
497 139 -1
139 498 -1
498 139 -1
140 141 1
141 140 1
140 162 -1
162 140 -1
140 163 1
163 140 1
140 167 1
167 140 1
140 181 1
181 140 1
140 213 1
213 140 1
140 272 1
272 140 1
140 287 -1
287 140 -1
140 307 1
307 140 1
140 317 -1
317 140 -1
140 396 -1
396 140 -1
140 429 1
429 140 1
140 437 1
437 140 1
140 464 1
464 140 1
140 480 1
480 140 1
141 157 -1
157 141 -1
141 163 1
163 141 1
141 181 1
181 141 1
141 199 1
199 141 1
141 205 -1
205 141 -1
141 213 1
213 141 1
141 214 1
214 141 1
141 287 1
287 141 1
141 307 1
307 141 1
141 309 -1
309 141 -1
141 313 1
313 141 1
141 349 -1
349 141 -1
141 382 1
382 141 1
141 416 1
416 141 1
141 417 -1
417 141 -1
141 437 1
437 141 1
141 464 1
464 141 1
141 480 1
480 141 1
141 492 -1
492 141 -1
142 148 1
148 142 1
142 164 1
164 142 1
142 232 -1
232 142 -1
142 246 -1
246 142 -1
142 248 1
248 142 1
142 281 -1
281 142 -1
142 317 -1
317 142 -1
142 346 1
346 142 1
142 348 -1
348 142 -1
142 360 1
360 142 1
142 370 1
370 142 1
142 397 1
397 142 1
142 401 1
401 142 1
142 420 1
420 142 1
142 424 1
424 142 1
143 198 -1
198 143 -1
143 204 1
204 143 1
143 249 -1
249 143 -1
143 260 1
260 143 1
143 262 1
262 143 1
143 263 -1
263 143 -1
143 343 1
343 143 1
143 344 1
344 143 1
143 364 1
364 143 1
143 373 1
373 143 1
143 428 -1
428 143 -1
143 448 1
448 143 1
143 452 1
452 143 1
143 474 1
474 143 1
143 475 1
475 143 1
143 478 -1
478 143 -1
143 482 -1
482 143 -1
143 486 -1
486 143 -1
144 170 1
170 144 1
144 196 -1
196 144 -1
144 200 -1
200 144 -1
144 216 -1
216 144 -1
144 219 -1
219 144 -1
144 242 1
242 144 1
144 261 -1
261 144 -1
144 361 -1
361 144 -1
144 378 1
378 144 1
144 387 1
387 144 1
144 394 -1
394 144 -1
144 408 1
408 144 1
144 440 -1
440 144 -1
144 441 -1
441 144 -1
144 483 -1
483 144 -1
145 148 -1
148 145 -1
145 151 1
151 145 1
145 159 1
159 145 1
145 220 -1
220 145 -1
145 229 1
229 145 1
145 238 1
238 145 1
145 258 -1
258 145 -1
145 293 1
293 145 1
145 326 1
326 145 1
145 345 -1
345 145 -1
145 359 1
359 145 1
145 390 1
390 145 1
145 392 1
392 145 1
145 413 1
413 145 1
145 436 1
436 145 1
145 463 1
463 145 1
145 474 -1
474 145 -1
145 486 -1
486 145 -1
145 489 -1
489 145 -1
146 163 -1
163 146 -1
146 205 1
205 146 1
146 206 -1
206 146 -1
146 234 1
234 146 1
146 263 1
263 146 1
146 319 1
319 146 1
146 341 1
341 146 1
146 348 -1
348 146 -1
146 385 -1
385 146 -1
146 399 1
399 146 1
146 450 -1
450 146 -1
146 458 -1
458 146 -1
146 461 -1
461 146 -1
146 482 -1
482 146 -1
146 492 1
492 146 1
147 156 1
156 147 1
147 157 1
157 147 1
147 212 1
212 147 1
147 231 -1
231 147 -1
147 259 1
259 147 1
147 275 1
275 147 1
147 328 1
328 147 1
147 330 -1
330 147 -1
147 378 -1
378 147 -1
147 398 1
398 147 1
147 431 -1
431 147 -1
147 467 1
467 147 1
147 468 -1
468 147 -1
147 472 -1
472 147 -1
147 473 -1
473 147 -1
147 499 1
499 147 1
148 149 1
149 148 1
148 166 1
166 148 1
148 185 1
185 148 1
148 212 -1
212 148 -1
148 247 1
247 148 1
148 248 1
248 148 1
148 292 1
292 148 1
148 300 1
300 148 1
148 351 -1
351 148 -1
148 357 1
357 148 1
148 360 -1
360 148 -1
148 390 -1
390 148 -1
148 407 1
407 148 1
148 420 -1
420 148 -1
148 451 1
451 148 1
149 180 1
180 149 1
149 217 1
217 149 1
149 232 1
232 149 1
149 248 1
248 149 1
149 309 1
309 149 1
149 343 -1
343 149 -1
149 346 1
346 149 1
149 381 1
381 149 1
149 394 1
394 149 1
149 397 1
397 149 1
149 414 1
414 149 1
149 419 -1
419 149 -1
149 420 -1
420 149 -1
149 444 1
444 149 1
149 479 1
479 149 1
149 485 -1
485 149 -1
149 499 -1
499 149 -1
150 186 1
186 150 1
150 243 1
243 150 1
150 266 1
266 150 1
150 280 -1
280 150 -1
150 282 1
282 150 1
150 289 -1
289 150 -1
150 334 1
334 150 1
150 341 -1
341 150 -1
150 352 1
352 150 1
150 388 1
388 150 1
150 462 -1
462 150 -1
150 465 1
465 150 1
151 158 1
158 151 1
151 187 1
187 151 1
151 193 1
193 151 1
151 206 1
206 151 1
151 207 1
207 151 1
151 209 1
209 151 1
151 228 1
228 151 1
151 229 -1
229 151 -1
151 236 1
236 151 1
151 242 -1
242 151 -1
151 249 -1
249 151 -1
151 281 -1
281 151 -1
151 284 -1
284 151 -1
151 289 1
289 151 1
151 293 1
293 151 1
151 298 -1
298 151 -1
151 299 1
299 151 1
151 318 1
318 151 1
151 326 1
326 151 1
151 331 1
331 151 1
151 345 1
345 151 1
151 359 -1
359 151 -1
151 371 -1
371 151 -1
151 390 1
390 151 1
151 392 1
392 151 1
151 397 -1
397 151 -1
151 413 -1
413 151 -1
151 418 -1
418 151 -1
151 427 -1
427 151 -1
151 436 1
436 151 1
151 460 -1
460 151 -1
151 466 1
466 151 1
151 484 -1
484 151 -1
152 177 -1
177 152 -1
152 224 1
224 152 1
152 302 1
302 152 1
152 310 1
310 152 1
152 311 -1
311 152 -1
152 333 -1
333 152 -1
152 341 1
341 152 1
152 368 1
368 152 1
152 379 1
379 152 1
152 384 1
384 152 1
152 426 1
426 152 1
152 441 -1
441 152 -1
152 493 1
493 152 1
153 166 -1
166 153 -1
153 247 -1
247 153 -1
153 325 1
325 153 1
153 346 1
346 153 1
153 361 -1
361 153 -1
153 452 -1
452 153 -1
154 180 -1
180 154 -1
154 223 1
223 154 1
154 276 -1
276 154 -1
154 304 -1
304 154 -1
154 327 1
327 154 1
154 382 1
382 154 1
154 386 -1
386 154 -1
154 410 -1
410 154 -1
154 477 -1
477 154 -1
155 199 1
199 155 1
155 213 1
213 155 1
155 269 -1
269 155 -1
155 272 1
272 155 1
155 287 1
287 155 1
155 313 1
313 155 1
155 335 -1
335 155 -1
155 343 -1
343 155 -1
155 349 1
349 155 1
155 416 1
416 155 1
155 417 1
417 155 1
155 429 1
429 155 1
155 438 1
438 155 1
155 446 1
446 155 1
156 196 1
196 156 1
156 259 1
259 156 1
156 328 -1
328 156 -1
156 332 -1
332 156 -1
156 361 -1
361 156 -1
156 467 1
467 156 1
157 212 -1
212 157 -1
157 240 1
240 157 1
157 275 1
275 157 1
157 328 1
328 157 1
157 330 1
330 157 1
157 398 1
398 157 1
157 409 -1
409 157 -1
158 207 1
207 158 1
158 311 -1
311 158 -1
158 326 1
326 158 1
158 359 1
359 158 1
159 187 1
187 159 1
159 232 -1
232 159 -1
159 236 1
236 159 1
159 250 -1
250 159 -1
159 318 1
318 159 1
159 326 1
326 159 1
159 345 1
345 159 1
159 426 -1
426 159 -1
159 460 1
460 159 1
159 486 -1
486 159 -1
160 166 -1
166 160 -1
160 217 1
217 160 1
160 230 1
230 160 1
160 280 1
280 160 1
160 294 1
294 160 1
160 325 -1
325 160 -1
160 419 -1
419 160 -1
160 451 1
451 160 1
161 173 1
173 161 1
161 178 1
178 161 1
161 256 1
256 161 1
161 296 -1
296 161 -1
161 346 -1
346 161 -1
161 381 1
381 161 1
161 411 1
411 161 1
161 419 -1
419 161 -1
161 443 -1
443 161 -1
162 186 1
186 162 1
162 227 1
227 162 1
162 243 1
243 162 1
162 262 -1
262 162 -1
162 282 1
282 162 1
162 304 1
304 162 1
162 352 1
352 162 1
162 371 1
371 162 1
162 388 1
388 162 1
162 424 -1
424 162 -1
162 456 -1
456 162 -1
162 462 1
462 162 1
163 167 1
167 163 1
163 169 -1
169 163 -1
163 189 1
189 163 1
163 192 -1
192 163 -1
163 213 1
213 163 1
163 274 -1
274 163 -1
163 287 -1
287 163 -1
163 307 1
307 163 1
163 349 1
349 163 1
163 359 -1
359 163 -1
163 416 -1
416 163 -1
163 417 1
417 163 1
163 437 -1
437 163 -1
163 438 1
438 163 1
163 464 1
464 163 1
163 480 -1
480 163 -1
164 180 1
180 164 1
164 185 1
185 164 1
164 232 -1
232 164 -1
164 247 1
247 164 1
164 248 1
248 164 1
164 307 -1
307 164 -1
164 315 1
315 164 1
164 325 1
325 164 1
164 346 1
346 164 1
164 375 -1
375 164 -1
164 401 1
401 164 1
164 411 1
411 164 1
164 445 -1
445 164 -1
164 451 1
451 164 1
165 173 1
173 165 1
165 256 1
256 165 1
165 260 -1
260 165 -1
165 268 1
268 165 1
165 334 -1
334 165 -1
165 335 1
335 165 1
165 381 1
381 165 1
165 419 1
419 165 1
165 421 1
421 165 1
165 439 -1
439 165 -1
165 488 -1
488 165 -1
166 185 1
185 166 1
166 217 1
217 166 1
166 232 1
232 166 1
166 233 -1
233 166 -1
166 247 1
247 166 1
166 248 1
248 166 1
166 292 1
292 166 1
166 300 1
300 166 1
166 309 1
309 166 1
166 317 1
317 166 1
166 325 1
325 166 1
166 326 -1
326 166 -1
166 360 1
360 166 1
166 397 1
397 166 1
166 407 1
407 166 1
166 445 1
445 166 1
166 455 1
455 166 1
167 202 -1
202 167 -1
167 287 1
287 167 1
167 313 1
313 167 1
167 347 1
347 167 1
167 416 1
416 167 1
167 426 -1
426 167 -1
167 464 -1
464 167 -1
167 491 -1
491 167 -1
168 188 -1
188 168 -1
168 241 -1
241 168 -1
168 248 1
248 168 1
168 258 -1
258 168 -1
168 287 -1
287 168 -1
168 300 1
300 168 1
168 309 1
309 168 1
168 315 1
315 168 1
168 317 1
317 168 1
168 402 1
402 168 1
168 420 1
420 168 1
168 439 -1
439 168 -1
168 451 1
451 168 1
169 245 -1
245 169 -1
169 246 1
246 169 1
169 249 1
249 169 1
169 267 1
267 169 1
169 361 -1
361 169 -1
169 404 -1
404 169 -1
169 412 1
412 169 1
169 431 -1
431 169 -1
169 440 1
440 169 1
170 184 1
184 170 1
170 294 1
294 170 1
170 338 1
338 170 1
170 351 -1
351 170 -1
170 381 -1
381 170 -1
170 483 1
483 170 1
171 173 1
173 171 1
171 178 1
178 171 1
171 261 -1
261 171 -1
171 283 1
283 171 1
171 319 -1
319 171 -1
171 335 1
335 171 1
171 381 1
381 171 1
171 419 -1
419 171 -1
171 435 1
435 171 1
172 175 1
175 172 1
172 254 1
254 172 1
172 276 1
276 172 1
172 340 1
340 172 1
172 365 1
365 172 1
172 386 1
386 172 1
172 451 -1
451 172 -1
172 500 1
500 172 1
173 178 1
178 173 1
173 197 -1
197 173 -1
173 256 1
256 173 1
173 265 -1
265 173 -1
173 268 1
268 173 1
173 335 -1
335 173 -1
173 381 1
381 173 1
173 411 1
411 173 1
173 419 1
419 173 1
173 421 -1
421 173 -1
173 453 1
453 173 1
173 465 -1
465 173 -1
173 487 1
487 173 1
173 491 -1
491 173 -1
174 198 1
198 174 1
174 257 -1
257 174 -1
174 277 1
277 174 1
174 322 -1
322 174 -1
174 372 1
372 174 1
174 395 1
395 174 1
174 474 -1
474 174 -1
174 483 -1
483 174 -1
175 176 1
176 175 1
175 186 -1
186 175 -1
175 190 1
190 175 1
175 204 -1
204 175 -1
175 223 1
223 175 1
175 254 1
254 175 1
175 276 -1
276 175 -1
175 285 1
285 175 1
175 298 -1
298 175 -1
175 319 -1
319 175 -1
175 322 1
322 175 1
175 327 -1
327 175 -1
175 339 -1
339 175 -1
175 340 1
340 175 1
175 365 -1
365 175 -1
175 377 -1
377 175 -1
175 382 1
382 175 1
175 386 1
386 175 1
175 396 1
396 175 1
175 406 -1
406 175 -1
175 410 -1
410 175 -1
175 420 -1
420 175 -1
175 447 1
447 175 1
175 470 -1
470 175 -1
175 500 1
500 175 1
176 276 -1
276 176 -1
176 285 1
285 176 1
176 295 -1
295 176 -1
176 386 1
386 176 1
176 447 1
447 176 1
177 197 1
197 177 1
177 217 -1
217 177 -1
177 290 1
290 177 1
177 310 1
310 177 1
177 355 -1
355 177 -1
177 384 -1
384 177 -1
177 404 -1
404 177 -1
177 426 1
426 177 1
177 493 1
493 177 1
178 253 -1
253 178 -1
178 254 -1
254 178 -1
178 256 1
256 178 1
178 268 1
268 178 1
178 315 -1
315 178 -1
178 335 1
335 178 1
178 381 1
381 178 1
178 411 1
411 178 1
178 419 1
419 178 1
178 421 1
421 178 1
178 435 1
435 178 1
178 468 -1
468 178 -1
179 182 -1
182 179 -1
179 261 -1
261 179 -1
179 310 -1
310 179 -1
179 311 -1
311 179 -1
179 332 -1
332 179 -1
179 333 1
333 179 1
179 384 1
384 179 1
179 457 1
457 179 1
179 493 1
493 179 1
180 188 1
188 180 1
180 230 1
230 180 1
180 247 1
247 180 1
180 248 1
248 180 1
180 260 -1
260 180 -1
180 262 -1
262 180 -1
180 274 1
274 180 1
180 283 1
283 180 1
180 291 1
291 180 1
180 300 -1
300 180 -1
180 301 1
301 180 1
180 325 1
325 180 1
180 334 -1
334 180 -1
180 346 1
346 180 1
180 376 -1
376 180 -1
180 397 1
397 180 1
180 407 1
407 180 1
180 420 -1
420 180 -1
180 423 1
423 180 1
180 424 1
424 180 1
180 427 1
427 180 1
180 432 -1
432 180 -1
180 440 -1
440 180 -1
180 468 1
468 180 1
180 474 -1
474 180 -1
181 213 1
213 181 1
181 214 1
214 181 1
181 232 -1
232 181 -1
181 287 1
287 181 1
181 349 -1
349 181 -1
181 370 -1
370 181 -1
181 416 -1
416 181 -1
181 427 -1
427 181 -1
181 464 1
464 181 1
182 195 1
195 182 1
182 245 1
245 182 1
182 246 1
246 182 1
182 249 -1
249 182 -1
182 251 1
251 182 1
182 256 -1
256 182 -1
182 267 1
267 182 1
182 273 -1
273 182 -1
182 278 1
278 182 1
182 280 1
280 182 1
182 290 -1
290 182 -1
182 295 -1
295 182 -1
182 305 1
305 182 1
182 319 1
319 182 1
182 323 1
323 182 1
182 324 1
324 182 1
182 325 -1
325 182 -1
182 329 -1
329 182 -1
182 336 -1
336 182 -1
182 337 -1
337 182 -1
182 342 1
342 182 1
182 358 1
358 182 1
182 361 1
361 182 1
182 367 1
367 182 1
182 369 1
369 182 1
182 374 1
374 182 1
182 383 1
383 182 1
182 385 -1
385 182 -1
182 412 -1
412 182 -1
182 422 1
422 182 1
182 424 -1
424 182 -1
182 428 1
428 182 1
182 430 -1
430 182 -1
182 440 1
440 182 1
182 466 1
466 182 1
182 473 1
473 182 1
183 198 1
198 183 1
183 247 -1
247 183 -1
183 253 1
253 183 1
183 260 1
260 183 1
183 262 1
262 183 1
183 270 1
270 183 1
183 356 1
356 183 1
183 390 -1
390 183 -1
183 445 -1
445 183 -1
184 200 1
200 184 1
184 255 -1
255 184 -1
184 258 1
258 184 1
184 260 -1
260 184 -1
184 261 -1
261 184 -1
184 269 1
269 184 1
184 270 -1
270 184 -1
184 294 -1
294 184 -1
184 295 -1
295 184 -1
184 321 1
321 184 1
184 387 1
387 184 1
184 414 -1
414 184 -1
184 432 1
432 184 1
184 449 -1
449 184 -1
184 483 1
483 184 1
185 188 1
188 185 1
185 217 1
217 185 1
185 247 1
247 185 1
185 248 1
248 185 1
185 300 1
300 185 1
185 315 1
315 185 1
185 317 1
317 185 1
185 346 1
346 185 1
185 357 1
357 185 1
185 360 1
360 185 1
185 402 1
402 185 1
185 407 1
407 185 1
185 412 -1
412 185 -1
185 424 -1
424 185 -1
185 468 1
468 185 1
185 497 -1
497 185 -1
186 208 1
208 186 1
186 219 1
219 186 1
186 224 1
224 186 1
186 227 1
227 186 1
186 243 1
243 186 1
186 266 1
266 186 1
186 282 1
282 186 1
186 304 1
304 186 1
186 324 -1
324 186 -1
186 352 1
352 186 1
186 371 1
371 186 1
186 376 1
376 186 1
186 388 1
388 186 1
186 425 -1
425 186 -1
186 427 1
427 186 1
186 442 1
442 186 1
186 456 -1
456 186 -1
186 462 1
462 186 1
186 465 1
465 186 1
187 206 1
206 187 1
187 236 -1
236 187 -1
187 284 1
284 187 1
187 289 1
289 187 1
187 318 1
318 187 1
187 326 1
326 187 1
187 341 -1
341 187 -1
187 345 -1
345 187 -1
187 418 1
418 187 1
187 432 -1
432 187 -1
188 247 1
247 188 1
188 248 1
248 188 1
188 277 -1
277 188 -1
188 401 1
401 188 1
188 445 1
445 188 1
189 210 -1
210 189 -1
189 214 1
214 189 1
189 215 1
215 189 1
189 220 -1
220 189 -1
189 229 -1
229 189 -1
189 287 -1
287 189 -1
189 307 1
307 189 1
189 313 1
313 189 1
189 349 1
349 189 1
189 375 1
375 189 1
189 416 1
416 189 1
189 417 1
417 189 1
190 223 1
223 190 1
190 276 1
276 190 1
190 285 1
285 190 1
190 321 1
321 190 1
190 325 -1
325 190 -1
190 327 1
327 190 1
190 352 -1
352 190 -1
190 382 1
382 190 1
190 386 1
386 190 1
190 410 1
410 190 1
190 498 -1
498 190 -1
191 200 1
200 191 1
191 279 -1
279 191 -1
191 286 1
286 191 1
191 351 1
351 191 1
191 423 -1
423 191 -1
191 432 -1
432 191 -1
191 489 -1
489 191 -1
192 213 -1
213 192 -1
192 214 1
214 192 1
192 220 1
220 192 1
192 221 -1
221 192 -1
192 272 1
272 192 1
192 287 1
287 192 1
192 313 1
313 192 1
192 378 -1
378 192 -1
192 416 1
416 192 1
193 250 1
250 193 1
193 256 -1
256 193 -1
193 289 1
289 193 1
193 436 1
436 193 1
193 463 -1
463 193 -1
193 488 -1
488 193 -1
194 250 1
250 194 1
194 316 -1
316 194 -1
194 326 1
326 194 1
194 331 1
331 194 1
194 345 1
345 194 1
194 359 1
359 194 1
194 418 -1
418 194 -1
195 231 -1
231 195 -1
195 245 1
245 195 1
195 246 1
246 195 1
195 249 1
249 195 1
195 267 1
267 195 1
195 280 -1
280 195 -1
195 302 -1
302 195 -1
195 305 1
305 195 1
195 334 -1
334 195 -1
195 337 1
337 195 1
195 349 -1
349 195 -1
195 358 1
358 195 1
195 361 -1
361 195 -1
195 367 -1
367 195 -1
195 400 1
400 195 1
195 430 1
430 195 1
195 431 1
431 195 1
195 439 1
439 195 1
195 440 1
440 195 1
195 445 -1
445 195 -1
195 448 -1
448 195 -1
195 466 -1
466 195 -1
195 492 -1
492 195 -1
196 275 1
275 196 1
196 295 1
295 196 1
196 328 1
328 196 1
196 398 1
398 196 1
196 467 1
467 196 1
197 308 1
308 197 1
197 310 -1
310 197 -1
197 333 1
333 197 1
197 379 1
379 197 1
197 387 -1
387 197 -1
197 404 1
404 197 1
197 457 1
457 197 1
198 204 -1
204 198 -1
198 207 -1
207 198 -1
198 211 -1
211 198 -1
198 247 -1
247 198 -1
198 257 -1
257 198 -1
198 260 1
260 198 1
198 262 1
262 198 1
198 270 -1
270 198 -1
198 277 1
277 198 1
198 279 1
279 198 1
198 297 1
297 198 1
198 305 -1
305 198 -1
198 312 1
312 198 1
198 316 1
316 198 1
198 318 -1
318 198 -1
198 328 -1
328 198 -1
198 344 1
344 198 1
198 366 1
366 198 1
198 372 1
372 198 1
198 395 1
395 198 1
198 433 1
433 198 1
198 448 1
448 198 1
198 454 -1
454 198 -1
198 474 -1
474 198 -1
198 475 1
475 198 1
198 477 1
477 198 1
198 484 -1
484 198 -1
198 486 1
486 198 1
199 216 -1
216 199 -1
199 222 -1
222 199 -1
199 255 1
255 199 1
199 283 -1
283 199 -1
199 287 1
287 199 1
199 313 1
313 199 1
199 349 1
349 199 1
199 416 1
416 199 1
199 438 1
438 199 1
200 216 1
216 200 1
200 218 1
218 200 1
200 222 -1
222 200 -1
200 223 -1
223 200 -1
200 237 1
237 200 1
200 242 1
242 200 1
200 261 1
261 200 1
200 264 1
264 200 1
200 269 1
269 200 1
200 294 1
294 200 1
200 309 -1
309 200 -1
200 332 1
332 200 1
200 351 1
351 200 1
200 401 -1
401 200 -1
200 432 1
432 200 1
200 470 -1
470 200 -1
200 483 1
483 200 1
201 210 1
210 201 1
201 244 -1
244 201 -1
201 252 1
252 201 1
201 298 1
298 201 1
201 452 1
452 201 1
201 487 -1
487 201 -1
202 214 1
214 202 1
202 215 -1
215 202 -1
202 220 1
220 202 1
202 287 -1
287 202 -1
202 313 1
313 202 1
202 417 1
417 202 1
202 459 -1
459 202 -1
203 205 1
205 203 1
203 234 1
234 203 1
203 271 1
271 203 1
203 294 -1
294 203 -1
203 319 1
319 203 1
203 334 1
334 203 1
203 341 -1
341 203 -1
203 364 -1
364 203 -1
203 385 1
385 203 1
203 399 1
399 203 1
203 450 1
450 203 1
203 458 -1
458 203 -1
203 459 1
459 203 1
203 461 1
461 203 1
203 474 -1
474 203 -1
203 482 1
482 203 1
203 483 -1
483 203 -1
203 489 1
489 203 1
203 490 1
490 203 1
203 497 1
497 203 1
204 260 1
260 204 1
204 262 -1
262 204 -1
204 279 1
279 204 1
204 297 1
297 204 1
204 360 -1
360 204 -1
204 366 1
366 204 1
204 372 1
372 204 1
204 395 1
395 204 1
204 474 1
474 204 1
204 475 -1
475 204 -1
204 486 1
486 204 1
205 221 1
221 205 1
205 226 1
226 205 1
205 233 1
233 205 1
205 234 1
234 205 1
205 245 -1
245 205 -1
205 263 1
263 205 1
205 271 -1
271 205 -1
205 319 1
319 205 1
205 326 -1
326 205 -1
205 334 1
334 205 1
205 340 -1
340 205 -1
205 341 1
341 205 1
205 367 -1
367 205 -1
205 380 1
380 205 1
205 385 1
385 205 1
205 393 1
393 205 1
205 395 -1
395 205 -1
205 399 1
399 205 1
205 443 1
443 205 1
205 450 1
450 205 1
205 461 1
461 205 1
205 471 -1
471 205 -1
205 482 1
482 205 1
205 483 -1
483 205 -1
205 485 1
485 205 1
205 489 1
489 205 1
205 492 1
492 205 1
206 236 -1
236 206 -1
206 326 1
326 206 1
206 345 1
345 206 1
206 359 1
359 206 1
206 418 -1
418 206 -1
207 250 1
250 207 1
207 289 1
289 207 1
207 345 -1
345 207 -1
207 359 1
359 207 1
207 395 -1
395 207 -1
207 489 -1
489 207 -1
208 212 -1
212 208 -1
208 243 1
243 208 1
208 282 1
282 208 1
208 345 -1
345 208 -1
208 352 1
352 208 1
208 388 -1
388 208 -1
208 442 1
442 208 1
208 462 1
462 208 1
209 229 1
229 209 1
209 284 1
284 209 1
209 289 1
289 209 1
209 290 -1
290 209 -1
209 318 1
318 209 1
209 326 1
326 209 1
209 328 -1
328 209 -1
209 345 1
345 209 1
209 498 -1
498 209 -1
210 275 -1
275 210 -1
210 298 -1
298 210 -1
210 348 1
348 210 1
210 371 -1
371 210 -1
210 452 1
452 210 1
210 481 1
481 210 1
210 488 1
488 210 1
211 250 -1
250 211 -1
211 289 1
289 211 1
211 326 1
326 211 1
211 345 1
345 211 1
211 359 1
359 211 1
211 450 -1
450 211 -1
212 235 -1
235 212 -1
212 240 1
240 212 1
212 259 1
259 212 1
212 275 1
275 212 1
212 284 -1
284 212 -1
212 328 1
328 212 1
212 330 -1
330 212 -1
212 398 1
398 212 1
212 467 1
467 212 1
212 472 1
472 212 1
213 216 -1
216 213 -1
213 220 1
220 213 1
213 287 1
287 213 1
213 307 -1
307 213 -1
213 349 1
349 213 1
213 351 -1
351 213 -1
213 368 -1
368 213 -1
213 397 -1
397 213 -1
213 416 1
416 213 1
213 437 1
437 213 1
213 464 1
464 213 1
213 480 1
480 213 1
214 287 1
287 214 1
214 313 -1
313 214 -1
214 339 -1
339 214 -1
214 349 1
349 214 1
214 416 1
416 214 1
214 417 1
417 214 1
214 464 1
464 214 1
214 477 1
477 214 1
215 263 1
263 215 1
215 334 1
334 215 1
215 341 -1
341 215 -1
215 385 1
385 215 1
215 471 1
471 215 1
216 247 -1
247 216 -1
216 261 1
261 216 1
216 281 -1
281 216 -1
216 295 1
295 216 1
216 314 1
314 216 1
216 321 1
321 216 1
216 441 -1
441 216 -1
216 478 -1
478 216 -1
216 483 -1
483 216 -1
216 489 -1
489 216 -1
216 491 1
491 216 1
217 229 -1
229 217 -1
217 248 -1
248 217 -1
217 319 -1
319 217 -1
217 320 1
320 217 1
217 325 1
325 217 1
217 397 1
397 217 1
217 414 1
414 217 1
217 420 -1
420 217 -1
217 424 1
424 217 1
217 455 1
455 217 1
218 275 -1
275 218 -1
218 298 1
298 218 1
218 320 -1
320 218 -1
218 452 1
452 218 1
218 481 1
481 218 1
218 487 -1
487 218 -1
218 488 1
488 218 1
218 495 1
495 218 1
219 235 1
235 219 1
219 258 1
258 219 1
219 261 1
261 219 1
219 264 1
264 219 1
219 276 -1
276 219 -1
219 295 1
295 219 1
219 321 1
321 219 1
219 338 1
338 219 1
219 339 1
339 219 1
219 367 1
367 219 1
219 378 1
378 219 1
219 387 1
387 219 1
219 408 1
408 219 1
219 417 -1
417 219 -1
219 432 1
432 219 1
219 441 1
441 219 1
219 481 -1
481 219 -1
219 491 -1
491 219 -1
220 255 1
255 220 1
220 273 -1
273 220 -1
220 278 -1
278 220 -1
220 287 1
287 220 1
220 307 1
307 220 1
220 375 1
375 220 1
220 416 1
416 220 1
220 417 -1
417 220 -1
220 437 1
437 220 1
220 446 1
446 220 1
221 263 -1
263 221 -1
221 296 1
296 221 1
221 319 1
319 221 1
221 341 -1
341 221 -1
221 385 1
385 221 1
221 443 1
443 221 1
221 450 -1
450 221 -1
221 461 1
461 221 1
221 482 1
482 221 1
221 489 -1
489 221 -1
221 492 1
492 221 1
221 493 -1
493 221 -1
222 260 1
260 222 1
222 262 1
262 222 1
222 474 1
474 222 1
222 486 1
486 222 1
223 239 1
239 223 1
223 254 -1
254 223 -1
223 327 1
327 223 1
223 355 -1
355 223 -1
223 365 1
365 223 1
223 371 -1
371 223 -1
223 377 1
377 223 1
223 381 1
381 223 1
223 382 -1
382 223 -1
223 386 1
386 223 1
223 396 -1
396 223 -1
223 410 1
410 223 1
223 492 -1
492 223 -1
224 352 -1
352 224 -1
224 388 1
388 224 1
224 442 1
442 224 1
225 294 -1
294 225 -1
225 298 1
298 225 1
225 389 1
389 225 1
225 481 1
481 225 1
225 487 1
487 225 1
226 248 -1
248 226 -1
226 341 1
341 226 1
226 358 -1
358 226 -1
226 385 1
385 226 1
226 485 1
485 226 1
226 497 1
497 226 1
227 243 -1
243 227 -1
227 337 -1
337 227 -1
227 376 1
376 227 1
227 388 1
388 227 1
227 462 1
462 227 1
228 229 1
229 228 1
228 260 -1
260 228 -1
228 326 1
326 228 1
228 345 1
345 228 1
228 359 1
359 228 1
228 369 -1
369 228 -1
228 392 1
392 228 1
228 399 -1
399 228 -1
228 427 1
427 228 1
229 236 -1
236 229 -1
229 248 1
248 229 1
229 284 1
284 229 1
229 289 1
289 229 1
229 326 1
326 229 1
229 345 -1
345 229 -1
229 359 1
359 229 1
229 392 1
392 229 1
229 406 -1
406 229 -1
229 413 1
413 229 1
229 436 1
436 229 1
229 442 -1
442 229 -1
229 460 1
460 229 1
229 463 1
463 229 1
229 475 -1
475 229 -1
229 488 -1
488 229 -1
230 247 1
247 230 1
230 274 -1
274 230 -1
230 318 -1
318 230 -1
230 358 -1
358 230 -1
230 360 1
360 230 1
230 397 1
397 230 1
230 401 1
401 230 1
230 407 1
407 230 1
230 414 1
414 230 1
230 474 -1
474 230 -1
231 241 1
241 231 1
231 244 1
244 231 1
231 273 -1
273 231 -1
231 306 1
306 231 1
231 353 -1
353 231 -1
231 389 1
389 231 1
231 405 1
405 231 1
231 406 -1
406 231 -1
231 415 1
415 231 1
231 425 1
425 231 1
231 469 1
469 231 1
231 475 -1
475 231 -1
231 476 1
476 231 1
232 247 1
247 232 1
232 248 1
248 232 1
232 267 -1
267 232 -1
232 283 1
283 232 1
232 291 1
291 232 1
232 309 -1
309 232 -1
232 317 1
317 232 1
232 321 -1
321 232 -1
232 360 1
360 232 1
232 397 1
397 232 1
232 410 1
410 232 1
232 424 1
424 232 1
233 263 1
263 233 1
233 303 -1
303 233 -1
233 334 1
334 233 1
233 341 1
341 233 1
233 385 1
385 233 1
233 492 1
492 233 1
234 263 1
263 234 1
234 289 -1
289 234 -1
234 319 1
319 234 1
234 334 1
334 234 1
234 341 1
341 234 1
234 383 1
383 234 1
234 385 1
385 234 1
234 432 -1
432 234 -1
234 459 -1
459 234 -1
234 482 1
482 234 1
234 485 1
485 234 1
234 489 1
489 234 1
234 490 1
490 234 1
234 492 1
492 234 1
235 294 1
294 235 1
235 321 -1
321 235 -1
235 351 1
351 235 1
235 432 1
432 235 1
235 483 1
483 235 1
236 284 1
284 236 1
236 298 -1
298 236 -1
236 305 1
305 236 1
236 319 -1
319 236 -1
236 345 1
345 236 1
236 359 1
359 236 1
236 410 -1
410 236 -1
236 413 1
413 236 1
236 427 -1
427 236 -1
236 463 1
463 236 1
237 261 1
261 237 1
237 294 1
294 237 1
237 351 1
351 237 1
237 389 -1
389 237 -1
237 441 1
441 237 1
237 466 -1
466 237 -1
238 289 1
289 238 1
238 318 1
318 238 1
238 345 1
345 238 1
238 359 1
359 238 1
238 427 1
427 238 1
239 276 1
276 239 1
239 311 -1
311 239 -1
239 382 -1
382 239 -1
239 401 -1
401 239 -1
239 410 1
410 239 1
239 500 1
500 239 1
240 259 1
259 240 1
240 261 -1
261 240 -1
240 289 -1
289 240 -1
240 322 1
322 240 1
240 328 1
328 240 1
240 330 1
330 240 1
240 398 1
398 240 1
240 403 1
403 240 1
240 405 1
405 240 1
240 467 1
467 240 1
240 499 -1
499 240 -1
241 244 -1
244 241 -1
241 282 -1
282 241 -1
241 288 1
288 241 1
241 306 -1
306 241 -1
241 344 -1
344 241 -1
241 350 1
350 241 1
241 354 1
354 241 1
241 363 -1
363 241 -1
241 389 1
389 241 1
241 392 -1
392 241 -1
241 405 1
405 241 1
241 406 1
406 241 1
241 409 1
409 241 1
241 425 1
425 241 1
241 434 1
434 241 1
241 458 1
458 241 1
241 469 1
469 241 1
241 476 1
476 241 1
241 481 -1
481 241 -1
241 486 -1
486 241 -1
242 249 -1
249 242 -1
242 261 1
261 242 1
242 294 -1
294 242 -1
242 314 1
314 242 1
242 321 1
321 242 1
242 378 1
378 242 1
242 432 1
432 242 1
242 448 1
448 242 1
242 458 -1
458 242 -1
242 483 1
483 242 1
243 327 -1
327 243 -1
243 352 1
352 243 1
243 376 1
376 243 1
243 388 1
388 243 1
243 390 -1
390 243 -1
243 442 1
442 243 1
244 288 1
288 244 1
244 306 1
306 244 1
244 321 -1
321 244 -1
244 343 -1
343 244 -1
244 350 1
350 244 1
244 354 1
354 244 1
244 365 -1
365 244 -1
244 383 -1
383 244 -1
244 405 1
405 244 1
244 406 1
406 244 1
244 409 1
409 244 1
244 415 -1
415 244 -1
244 425 1
425 244 1
244 434 1
434 244 1
244 458 1
458 244 1
244 460 1
460 244 1
244 469 1
469 244 1
244 476 1
476 244 1
245 246 -1
246 245 -1
245 249 -1
249 245 -1
245 251 1
251 245 1
245 264 -1
264 245 -1
245 267 1
267 245 1
245 273 1
273 245 1
245 280 1
280 245 1
245 290 1
290 245 1
245 300 -1
300 245 -1
245 342 1
342 245 1
245 358 1
358 245 1
245 361 1
361 245 1
245 367 1
367 245 1
245 369 1
369 245 1
245 374 -1
374 245 -1
245 380 -1
380 245 -1
245 400 -1
400 245 -1
245 402 -1
402 245 -1
245 412 1
412 245 1
245 430 1
430 245 1
245 431 1
431 245 1
245 439 1
439 245 1
245 440 -1
440 245 -1
245 461 1
461 245 1
245 463 -1
463 245 -1
245 466 1
466 245 1
246 249 1
249 246 1
246 267 1
267 246 1
246 280 -1
280 246 -1
246 324 1
324 246 1
246 337 1
337 246 1
246 358 -1
358 246 -1
246 383 -1
383 246 -1
246 393 1
393 246 1
246 440 1
440 246 1
246 443 -1
443 246 -1
246 466 1
466 246 1
247 248 1
248 247 1
247 261 -1
261 247 -1
247 283 1
283 247 1
247 291 1
291 247 1
247 309 1
309 247 1
247 315 1
315 247 1
247 317 1
317 247 1
247 324 -1
324 247 -1
247 325 1
325 247 1
247 346 1
346 247 1
247 348 1
348 247 1
247 357 -1
357 247 -1
247 360 1
360 247 1
247 401 1
401 247 1
247 402 1
402 247 1
247 414 1
414 247 1
247 420 1
420 247 1
247 423 1
423 247 1
247 444 -1
444 247 -1
247 455 -1
455 247 -1
247 489 -1
489 247 -1
247 492 -1
492 247 -1
248 265 1
265 248 1
248 276 -1
276 248 -1
248 281 1
281 248 1
248 284 -1
284 248 -1
248 291 1
291 248 1
248 303 1
303 248 1
248 309 -1
309 248 -1
248 320 1
320 248 1
248 325 1
325 248 1
248 346 1
346 248 1
248 357 1
357 248 1
248 381 -1
381 248 -1
248 394 1
394 248 1
248 397 1
397 248 1
248 402 1
402 248 1
248 407 1
407 248 1
248 420 1
420 248 1
248 421 -1
421 248 -1
248 451 1
451 248 1
248 468 1
468 248 1
249 251 -1
251 249 -1
249 261 -1
261 249 -1
249 267 1
267 249 1
249 273 -1
273 249 -1
249 278 1
278 249 1
249 280 1
280 249 1
249 298 -1
298 249 -1
249 305 1
305 249 1
249 323 -1
323 249 -1
249 324 1
324 249 1
249 336 1
336 249 1
249 337 1
337 249 1
249 342 -1
342 249 -1
249 345 1
345 249 1
249 358 1
358 249 1
249 361 -1
361 249 -1
249 367 1
367 249 1
249 374 -1
374 249 -1
249 383 1
383 249 1
249 391 1
391 249 1
249 400 1
400 249 1
249 412 1
412 249 1
249 422 1
422 249 1
249 431 1
431 249 1
249 439 -1
439 249 -1
249 440 -1
440 249 -1
249 466 1
466 249 1
249 467 -1
467 249 -1
249 473 1
473 249 1
249 482 -1
482 249 -1
250 284 1
284 250 1
250 289 1
289 250 1
250 318 1
318 250 1
250 326 1
326 250 1
250 387 -1
387 250 -1
250 413 1
413 250 1
250 414 -1
414 250 -1
251 267 1
267 251 1
251 273 -1
273 251 -1
251 278 1
278 251 1
251 358 1
358 251 1
251 361 1
361 251 1
251 377 -1
377 251 -1
251 412 1
412 251 1
251 486 -1
486 251 -1
252 298 1
298 252 1
252 410 -1
410 252 -1
252 452 1
452 252 1
252 481 1
481 252 1
252 482 -1
482 252 -1
252 488 1
488 252 1
253 260 1
260 253 1
253 262 1
262 253 1
253 279 1
279 253 1
253 297 1
297 253 1
253 336 1
336 253 1
254 261 1
261 254 1
254 276 1
276 254 1
254 322 1
322 254 1
254 327 -1
327 254 -1
254 382 1
382 254 1
254 396 1
396 254 1
254 410 1
410 254 1
254 436 -1
436 254 -1
254 447 1
447 254 1
255 287 -1
287 255 -1
255 349 1
349 255 1
255 375 1
375 255 1
255 416 -1
416 255 -1
255 429 1
429 255 1
255 446 1
446 255 1
256 265 -1
265 256 -1
256 267 -1
267 256 -1
256 268 -1
268 256 -1
256 335 -1
335 256 -1
256 381 1
381 256 1
256 411 -1
411 256 -1
256 435 -1
435 256 -1
256 453 1
453 256 1
257 260 1
260 257 1
257 262 -1
262 257 -1
257 395 1
395 257 1
257 397 -1
397 257 -1
257 420 -1
420 257 -1
257 448 1
448 257 1
258 261 -1
261 258 -1
258 295 1
295 258 1
258 408 1
408 258 1
258 432 1
432 258 1
258 483 1
483 258 1
259 275 1
275 259 1
259 308 -1
308 259 -1
259 328 1
328 259 1
259 330 -1
330 259 -1
259 398 1
398 259 1
259 403 1
403 259 1
259 467 1
467 259 1
259 490 -1
490 259 -1
260 262 1
262 260 1
260 270 1
270 260 1
260 277 1
277 260 1
260 279 -1
279 260 -1
260 297 1
297 260 1
260 312 1
312 260 1
260 316 -1
316 260 -1
260 324 -1
324 260 -1
260 344 1
344 260 1
260 356 1
356 260 1
260 362 -1
362 260 -1
260 364 1
364 260 1
260 372 1
372 260 1
260 373 1
373 260 1
260 374 -1
374 260 -1
260 394 1
394 260 1
260 395 1
395 260 1
260 402 1
402 260 1
260 405 -1
405 260 -1
260 433 1
433 260 1
260 434 -1
434 260 -1
260 448 1
448 260 1
260 474 1
474 260 1
260 475 1
475 260 1
260 477 1
477 260 1
260 484 1
484 260 1
260 486 1
486 260 1
260 498 1
498 260 1
261 294 -1
294 261 -1
261 295 1
295 261 1
261 321 1
321 261 1
261 323 -1
323 261 -1
261 351 1
351 261 1
261 378 -1
378 261 -1
261 387 1
387 261 1
261 432 -1
432 261 -1
261 441 1
441 261 1
261 475 -1
475 261 -1
261 479 -1
479 261 -1
261 483 1
483 261 1
261 491 1
491 261 1
261 496 1
496 261 1
262 270 -1
270 262 -1
262 279 1
279 262 1
262 297 1
297 262 1
262 317 -1
317 262 -1
262 361 1
361 262 1
262 366 -1
366 262 -1
262 372 1
372 262 1
262 373 1
373 262 1
262 380 -1
380 262 -1
262 395 1
395 262 1
262 440 1
440 262 1
262 448 1
448 262 1
262 474 1
474 262 1
262 475 1
475 262 1
262 477 -1
477 262 -1
262 486 1
486 262 1
262 498 1
498 262 1
263 271 1
271 263 1
263 296 1
296 263 1
263 297 -1
297 263 -1
263 319 -1
319 263 -1
263 323 -1
323 263 -1
263 334 1
334 263 1
263 341 1
341 263 1
263 368 -1
368 263 -1
263 385 1
385 263 1
263 398 -1
398 263 -1
263 399 1
399 263 1
263 441 -1
441 263 -1
263 443 1
443 263 1
263 448 -1
448 263 -1
263 450 1
450 263 1
263 459 1
459 263 1
263 461 1
461 263 1
263 470 1
470 263 1
263 471 1
471 263 1
263 482 -1
482 263 -1
263 485 1
485 263 1
263 486 -1
486 263 -1
263 489 -1
489 263 -1
263 492 -1
492 263 -1
263 497 -1
497 263 -1
264 294 1
294 264 1
264 313 -1
313 264 -1
264 339 1
339 264 1
264 351 1
351 264 1
264 479 -1
479 264 -1
264 483 1
483 264 1
265 281 1
281 265 1
265 309 -1
309 265 -1
265 317 1
317 265 1
265 357 1
357 265 1
265 360 1
360 265 1
265 364 -1
364 265 -1
265 397 1
397 265 1
265 420 -1
420 265 -1
265 468 1
468 265 1
266 282 -1
282 266 -1
266 442 1
442 266 1
266 462 1
462 266 1
266 470 -1
470 266 -1
266 493 -1
493 266 -1
267 273 1
273 267 1
267 274 -1
274 267 -1
267 278 1
278 267 1
267 279 1
279 267 1
267 280 -1
280 267 -1
267 290 1
290 267 1
267 302 1
302 267 1
267 305 1
305 267 1
267 323 1
323 267 1
267 324 1
324 267 1
267 336 1
336 267 1
267 337 -1
337 267 -1
267 358 1
358 267 1
267 361 1
361 267 1
267 367 1
367 267 1
267 374 1
374 267 1
267 383 1
383 267 1
267 393 1
393 267 1
267 407 -1
407 267 -1
267 412 1
412 267 1
267 416 -1
416 267 -1
267 422 1
422 267 1
267 430 1
430 267 1
267 431 1
431 267 1
267 439 1
439 267 1
267 440 1
440 267 1
267 466 1
466 267 1
267 475 1
475 267 1
268 335 1
335 268 1
268 381 1
381 268 1
268 419 1
419 268 1
268 421 1
421 268 1
268 444 -1
444 268 -1
268 479 -1
479 268 -1
269 294 -1
294 269 -1
269 326 -1
326 269 -1
269 332 1
332 269 1
269 338 1
338 269 1
269 339 1
339 269 1
269 351 1
351 269 1
269 428 -1
428 269 -1
269 438 -1
438 269 -1
269 441 1
441 269 1
269 491 1
491 269 1
270 360 -1
360 270 -1
270 361 -1
361 270 -1
270 366 1
366 270 1
270 372 1
372 270 1
270 386 -1
386 270 -1
270 395 1
395 270 1
270 432 -1
432 270 -1
270 433 -1
433 270 -1
270 441 -1
441 270 -1
270 454 1
454 270 1
270 484 1
484 270 1
270 486 1
486 270 1
270 498 1
498 270 1
271 309 -1
309 271 -1
271 319 1
319 271 1
271 326 -1
326 271 -1
271 334 -1
334 271 -1
271 359 -1
359 271 -1
271 385 1
385 271 1
271 461 1
461 271 1
271 478 1
478 271 1
271 482 1
482 271 1
271 492 1
492 271 1
272 287 1
287 272 1
272 384 1
384 272 1
272 416 1
416 272 1
272 417 1
417 272 1
273 323 -1
323 273 -1
273 324 1
324 273 1
273 361 1
361 273 1
273 369 1
369 273 1
273 396 -1
396 273 -1
273 412 1
412 273 1
273 466 1
466 273 1
273 485 -1
485 273 -1
273 500 -1
500 273 -1
274 317 1
317 274 1
274 388 -1
388 274 -1
274 420 1
420 274 1
274 423 1
423 274 1
275 311 -1
311 275 -1
275 328 -1
328 275 -1
275 330 1
330 275 1
275 381 1
381 275 1
275 398 -1
398 275 -1
275 467 1
467 275 1
275 499 1
499 275 1
276 285 1
285 276 1
276 322 1
322 276 1
276 327 1
327 276 1
276 340 -1
340 276 -1
276 365 -1
365 276 -1
276 377 1
377 276 1
276 382 1
382 276 1
276 386 1
386 276 1
276 396 1
396 276 1
276 399 -1
399 276 -1
276 410 1
410 276 1
276 418 -1
418 276 -1
276 430 -1
430 276 -1
276 463 -1
463 276 -1
276 500 1
500 276 1
277 315 -1
315 277 -1
277 316 -1
316 277 -1
277 385 -1
385 277 -1
277 417 1
417 277 1
277 448 1
448 277 1
277 474 1
474 277 1
277 475 1
475 277 1
277 484 1
484 277 1
278 280 1
280 278 1
278 324 1
324 278 1
278 358 1
358 278 1
278 361 1
361 278 1
278 412 1
412 278 1
278 466 -1
466 278 -1
278 472 -1
472 278 -1
278 487 1
487 278 1
279 373 1
373 279 1
279 398 -1
398 279 -1
279 433 1
433 279 1
279 448 1
448 279 1
279 474 1
474 279 1
279 475 -1
475 279 -1
279 476 1
476 279 1
279 486 1
486 279 1
279 493 -1
493 279 -1
280 306 -1
306 280 -1
280 324 1
324 280 1
280 412 1
412 280 1
280 428 1
428 280 1
280 440 1
440 280 1
281 292 -1
292 281 -1
281 309 -1
309 281 -1
281 360 -1
360 281 -1
281 424 1
424 281 1
281 445 1
445 281 1
281 461 -1
461 281 -1
282 352 1
352 282 1
282 376 1
376 282 1
282 431 -1
431 282 -1
282 465 1
465 282 1
282 492 -1
492 282 -1
283 309 1
309 283 1
283 345 1
345 283 1
283 355 1
355 283 1
283 397 1
397 283 1
283 407 1
407 283 1
283 420 1
420 283 1
283 451 1
451 283 1
284 287 -1
287 284 -1
284 289 1
289 284 1
284 326 -1
326 284 -1
284 331 1
331 284 1
284 345 -1
345 284 -1
284 359 1
359 284 1
284 412 -1
412 284 -1
284 418 -1
418 284 -1
284 463 1
463 284 1
285 361 -1
361 285 -1
285 377 1
377 285 1
286 291 -1
291 286 -1
286 294 1
294 286 1
286 338 1
338 286 1
286 427 1
427 286 1
286 441 1
441 286 1
286 491 1
491 286 1
286 496 1
496 286 1
287 307 1
307 287 1
287 313 1
313 287 1
287 323 1
323 287 1
287 349 1
349 287 1
287 357 -1
357 287 -1
287 360 1
360 287 1
287 375 1
375 287 1
287 416 1
416 287 1
287 417 1
417 287 1
287 423 -1
423 287 -1
287 429 1
429 287 1
287 437 1
437 287 1
287 438 1
438 287 1
287 446 1
446 287 1
287 464 -1
464 287 -1
287 480 1
480 287 1
287 484 -1
484 287 -1
288 326 -1
326 288 -1
288 354 1
354 288 1
288 358 -1
358 288 -1
288 409 1
409 288 1
288 415 1
415 288 1
288 434 1
434 288 1
288 458 1
458 288 1
288 464 -1
464 288 -1
288 469 1
469 288 1
289 293 1
293 289 1
289 326 1
326 289 1
289 335 -1
335 289 -1
289 345 1
345 289 1
289 359 -1
359 289 -1
289 413 1
413 289 1
289 420 -1
420 289 -1
289 427 1
427 289 1
289 436 -1
436 289 -1
289 460 1
460 289 1
289 463 -1
463 289 -1
290 302 1
302 290 1
290 354 -1
354 290 -1
290 358 1
358 290 1
290 361 1
361 290 1
290 367 1
367 290 1
290 433 -1
433 290 -1
290 439 -1
439 290 -1
290 440 1
440 290 1
291 315 1
315 291 1
291 360 1
360 291 1
291 420 1
420 291 1
291 449 -1
449 291 -1
292 346 1
346 292 1
292 360 1
360 292 1
292 379 -1
379 292 -1
292 397 1
397 292 1
292 424 1
424 292 1
292 467 -1
467 292 -1
293 345 -1
345 293 -1
293 359 1
359 293 1
293 365 -1
365 293 -1
293 384 -1
384 293 -1
294 297 -1
297 294 -1
294 321 1
321 294 1
294 339 1
339 294 1
294 351 1
351 294 1
294 387 -1
387 294 -1
294 408 1
408 294 1
294 441 1
441 294 1
294 456 1
456 294 1
294 461 -1
461 294 -1
295 298 -1
298 295 -1
295 351 1
351 295 1
295 387 1
387 295 1
295 432 1
432 295 1
296 319 -1
319 296 -1
296 334 1
334 296 1
296 337 -1
337 296 -1
296 341 1
341 296 1
296 462 -1
462 296 -1
297 356 1
356 297 1
297 373 1
373 297 1
297 395 1
395 297 1
297 438 -1
438 297 -1
297 460 -1
460 297 -1
297 475 1
475 297 1
297 477 1
477 297 1
297 498 1
498 297 1
298 345 -1
345 298 -1
298 347 -1
347 298 -1
298 348 1
348 298 1
298 353 1
353 298 1
298 363 1
363 298 1
298 446 -1
446 298 -1
298 452 -1
452 298 -1
298 481 1
481 298 1
298 487 -1
487 298 -1
298 488 1
488 298 1
298 494 1
494 298 1
298 495 1
495 298 1
299 427 1
427 299 1
299 489 -1
489 299 -1
300 301 -1
301 300 -1
300 328 -1
328 300 -1
300 369 -1
369 300 -1
300 423 -1
423 300 -1
300 444 1
444 300 1
300 451 1
451 300 1
300 455 1
455 300 1
301 315 1
315 301 1
301 317 1
317 301 1
301 325 1
325 301 1
301 360 1
360 301 1
301 386 1
386 301 1
301 401 1
401 301 1
302 358 1
358 302 1
302 393 1
393 302 1
302 412 1
412 302 1
303 309 1
309 303 1
303 344 -1
344 303 -1
303 360 1
360 303 1
303 407 -1
407 303 -1
303 418 -1
418 303 -1
303 423 1
423 303 1
303 451 -1
451 303 -1
304 352 1
352 304 1
304 376 1
376 304 1
304 400 -1
400 304 -1
304 442 1
442 304 1
304 482 -1
482 304 -1
305 354 -1
354 305 -1
305 361 -1
361 305 -1
305 412 -1
412 305 -1
305 439 1
439 305 1
306 350 1
350 306 1
306 354 1
354 306 1
306 405 1
405 306 1
306 406 -1
406 306 -1
306 409 1
409 306 1
306 413 -1
413 306 -1
306 415 1
415 306 1
306 434 1
434 306 1
306 469 1
469 306 1
306 476 1
476 306 1
306 480 1
480 306 1
307 417 1
417 307 1
307 438 1
438 307 1
308 310 1
310 308 1
308 379 1
379 308 1
308 384 1
384 308 1
308 407 -1
407 308 -1
308 454 -1
454 308 -1
309 310 -1
310 309 -1
309 315 1
315 309 1
309 357 1
357 309 1
309 360 1
360 309 1
309 407 1
407 309 1
309 423 1
423 309 1
309 424 1
424 309 1
309 445 1
445 309 1
309 451 1
451 309 1
309 468 1
468 309 1
310 311 -1
311 310 -1
310 329 1
329 310 1
310 333 -1
333 310 -1
310 368 1
368 310 1
310 379 -1
379 310 -1
310 384 1
384 310 1
310 392 -1
392 310 -1
310 404 1
404 310 1
310 426 1
426 310 1
310 493 1
493 310 1
310 500 -1
500 310 -1
311 333 1
333 311 1
311 384 1
384 311 1
311 426 1
426 311 1
311 457 1
457 311 1
311 493 -1
493 311 -1
312 395 -1
395 312 -1
312 475 1
475 312 1
312 486 1
486 312 1
313 349 1
349 313 1
313 480 1
480 313 1
313 497 -1
497 313 -1
314 333 -1
333 314 -1
314 351 1
351 314 1
314 432 1
432 314 1
314 483 1
483 314 1
315 317 1
317 315 1
315 319 -1
319 315 -1
315 325 1
325 315 1
315 345 -1
345 315 -1
315 346 1
346 315 1
315 351 -1
351 315 -1
315 355 1
355 315 1
315 360 1
360 315 1
315 394 -1
394 315 -1
315 420 1
420 315 1
315 423 -1
423 315 -1
315 424 1
424 315 1
315 451 1
451 315 1
315 464 -1
464 315 -1
315 468 1
468 315 1
315 479 1
479 315 1
315 487 -1
487 315 -1
316 330 -1
330 316 -1
316 352 -1
352 316 -1
316 364 1
364 316 1
316 395 1
395 316 1
316 475 -1
475 316 -1
316 486 1
486 316 1
317 325 1
325 317 1
317 346 1
346 317 1
317 349 -1
349 317 -1
317 353 -1
353 317 -1
317 370 1
370 317 1
317 397 1
397 317 1
317 406 -1
406 317 -1
317 418 1
418 317 1
317 420 1
420 317 1
317 423 1
423 317 1
317 424 1
424 317 1
317 444 -1
444 317 -1
317 466 -1
466 317 -1
317 479 1
479 317 1
318 326 1
326 318 1
318 331 1
331 318 1
318 345 1
345 318 1
318 359 1
359 318 1
318 436 -1
436 318 -1
318 460 1
460 318 1
318 463 1
463 318 1
319 334 1
334 319 1
319 341 1
341 319 1
319 345 -1
345 319 -1
319 380 -1
380 319 -1
319 385 1
385 319 1
319 399 1
399 319 1
319 412 -1
412 319 -1
319 424 -1
424 319 -1
319 443 1
443 319 1
319 450 1
450 319 1
319 459 1
459 319 1
319 461 1
461 319 1
319 469 -1
469 319 -1
319 470 1
470 319 1
319 471 1
471 319 1
319 478 1
478 319 1
319 482 1
482 319 1
319 485 1
485 319 1
319 489 1
489 319 1
319 490 1
490 319 1
319 492 1
492 319 1
319 497 1
497 319 1
320 360 1
360 320 1
320 401 1
401 320 1
320 424 1
424 320 1
320 443 1
443 320 1
320 451 1
451 320 1
321 351 1
351 321 1
321 387 1
387 321 1
321 432 1
432 321 1
321 500 -1
500 321 -1
322 382 1
382 322 1
322 386 -1
386 322 -1
322 429 -1
429 322 -1
323 358 1
358 323 1
323 367 1
367 323 1
323 369 -1
369 323 -1
323 382 -1
382 323 -1
323 391 1
391 323 1
323 412 -1
412 323 -1
323 428 1
428 323 1
323 466 1
466 323 1
323 473 1
473 323 1
324 337 1
337 324 1
324 354 -1
354 324 -1
324 358 1
358 324 1
324 369 1
369 324 1
324 412 1
412 324 1
324 422 -1
422 324 -1
324 430 1
430 324 1
324 440 1
440 324 1
324 466 1
466 324 1
325 360 1
360 325 1
325 407 1
407 325 1
325 414 1
414 325 1
325 420 -1
420 325 -1
325 424 1
424 325 1
325 434 -1
434 325 -1
325 455 1
455 325 1
325 483 -1
483 325 -1
326 331 1
331 326 1
326 345 1
345 326 1
326 359 1
359 326 1
326 390 1
390 326 1
326 399 1
399 326 1
326 413 1
413 326 1
326 418 1
418 326 1
326 442 1
442 326 1
326 445 -1
445 326 -1
326 460 1
460 326 1
326 463 1
463 326 1
326 482 -1
482 326 -1
327 365 1
365 327 1
328 330 1
330 328 1
328 398 1
398 328 1
328 403 1
403 328 1
328 457 -1
457 328 -1
328 467 1
467 328 1
328 472 -1
472 328 -1
328 475 -1
475 328 -1
328 499 1
499 328 1
329 333 1
333 329 1
329 368 1
368 329 1
329 413 -1
413 329 -1
329 426 1
426 329 1
329 493 1
493 329 1
330 387 -1
387 330 -1
330 398 1
398 330 1
330 426 -1
426 330 -1
330 467 -1
467 330 -1
331 390 1
390 331 1
331 421 -1
421 331 -1
331 460 1
460 331 1
331 496 -1
496 331 -1
331 498 -1
498 331 -1
332 338 1
338 332 1
332 432 1
432 332 1
332 491 1
491 332 1
333 379 1
379 333 1
333 384 1
384 333 1
333 426 1
426 333 1
333 457 -1
457 333 -1
334 335 -1
335 334 -1
334 340 -1
340 334 -1
334 341 -1
341 334 -1
334 352 -1
352 334 -1
334 359 -1
359 334 -1
334 380 1
380 334 1
334 385 1
385 334 1
334 386 -1
386 334 -1
334 399 1
399 334 1
334 420 -1
420 334 -1
334 433 -1
433 334 -1
334 443 1
443 334 1
334 450 1
450 334 1
334 451 -1
451 334 -1
334 459 1
459 334 1
334 461 1
461 334 1
334 470 1
470 334 1
334 471 1
471 334 1
334 478 1
478 334 1
334 482 1
482 334 1
334 485 1
485 334 1
334 489 -1
489 334 -1
334 490 1
490 334 1
334 492 1
492 334 1
335 453 1
453 335 1
336 351 -1
351 336 -1
336 361 -1
361 336 -1
336 412 1
412 336 1
336 440 1
440 336 1
337 412 1
412 337 1
337 467 1
467 337 1
338 348 -1
348 338 -1
338 378 1
378 338 1
338 432 1
432 338 1
338 483 1
483 338 1
339 432 1
432 339 1
339 483 1
483 339 1
340 349 1
349 340 1
340 382 1
382 340 1
340 410 -1
410 340 -1
341 345 -1
345 341 -1
341 346 1
346 341 1
341 351 -1
351 341 -1
341 378 -1
378 341 -1
341 380 1
380 341 1
341 385 1
385 341 1
341 399 1
399 341 1
341 419 -1
419 341 -1
341 440 -1
440 341 -1
341 443 -1
443 341 -1
341 450 1
450 341 1
341 461 1
461 341 1
341 466 -1
466 341 -1
341 470 1
470 341 1
341 471 1
471 341 1
341 478 1
478 341 1
341 482 1
482 341 1
341 485 1
485 341 1
341 489 1
489 341 1
341 490 1
490 341 1
341 492 -1
492 341 -1
341 497 1
497 341 1
342 351 -1
351 342 -1
342 412 -1
412 342 -1
342 416 -1
416 342 -1
342 439 -1
439 342 -1
342 440 1
440 342 1
342 487 -1
487 342 -1
343 364 1
364 343 1
343 395 1
395 343 1
343 454 1
454 343 1
344 395 1
395 344 1
344 474 1
474 344 1
344 475 1
475 344 1
344 477 1
477 344 1
344 486 1
486 344 1
345 351 -1
351 345 -1
345 357 -1
357 345 -1
345 359 1
359 345 1
345 387 -1
387 345 -1
345 390 1
390 345 1
345 392 1
392 345 1
345 413 -1
413 345 -1
345 427 1
427 345 1
345 436 1
436 345 1
345 460 1
460 345 1
345 463 1
463 345 1
345 490 1
490 345 1
346 350 -1
350 346 -1
346 357 -1
357 346 -1
346 381 -1
381 346 -1
346 394 1
394 346 1
346 407 1
407 346 1
346 408 -1
408 346 -1
346 414 1
414 346 1
346 423 1
423 346 1
346 424 -1
424 346 -1
346 445 1
445 346 1
347 382 -1
382 347 -1
347 452 1
452 347 1
347 488 1
488 347 1
348 452 1
452 348 1
348 481 1
481 348 1
348 487 1
487 348 1
348 488 1
488 348 1
348 495 1
495 348 1
349 375 1
375 349 1
349 416 1
416 349 1
349 417 1
417 349 1
349 438 1
438 349 1
349 464 1
464 349 1
349 486 -1
486 349 -1
350 354 1
354 350 1
350 415 1
415 350 1
350 458 1
458 350 1
350 476 1
476 350 1
351 387 1
387 351 1
351 432 1
432 351 1
351 441 -1
441 351 -1
351 483 1
483 351 1
351 491 1
491 351 1
351 496 1
496 351 1
352 371 1
371 352 1
352 376 1
376 352 1
352 388 1
388 352 1
352 442 1
442 352 1
352 462 1
462 352 1
352 465 1
465 352 1
353 452 1
452 353 1
353 487 1
487 353 1
353 488 -1
488 353 -1
354 405 1
405 354 1
354 406 1
406 354 1
354 415 -1
415 354 -1
354 469 1
469 354 1
354 476 1
476 354 1
355 360 1
360 355 1
355 370 1
370 355 1
355 394 -1
394 355 -1
355 412 -1
412 355 -1
355 420 1
420 355 1
355 455 1
455 355 1
356 432 -1
432 356 -1
356 457 -1
457 356 -1
356 475 1
475 356 1
356 486 1
486 356 1
356 498 1
498 356 1
357 360 1
360 357 1
357 366 -1
366 357 -1
357 370 -1
370 357 -1
357 401 1
401 357 1
357 420 1
420 357 1
357 423 1
423 357 1
357 444 1
444 357 1
357 451 1
451 357 1
358 374 1
374 358 1
358 383 1
383 358 1
358 388 -1
388 358 -1
358 391 1
391 358 1
358 401 1
401 358 1
358 412 -1
412 358 -1
358 422 1
422 358 1
358 428 1
428 358 1
358 431 1
431 358 1
358 440 1
440 358 1
358 466 1
466 358 1
358 483 -1
483 358 -1
359 372 1
372 359 1
359 376 -1
376 359 -1
359 390 1
390 359 1
359 427 1
427 359 1
359 463 -1
463 359 -1
359 486 -1
486 359 -1
360 401 1
401 360 1
360 407 1
407 360 1
360 414 1
414 360 1
360 417 -1
417 360 -1
360 423 1
423 360 1
360 424 1
424 360 1
360 455 1
455 360 1
360 462 -1
462 360 -1
360 468 1
468 360 1
360 475 1
475 360 1
361 383 1
383 361 1
361 391 1
391 361 1
361 412 1
412 361 1
361 421 -1
421 361 -1
361 422 1
422 361 1
361 430 1
430 361 1
361 439 1
439 361 1
361 440 1
440 361 1
361 466 1
466 361 1
361 473 -1
473 361 -1
362 399 -1
399 362 -1
362 481 1
481 362 1
362 487 1
487 362 1
362 494 1
494 362 1
363 374 -1
374 363 -1
363 487 1
487 363 1
363 495 -1
495 363 -1
364 395 1
395 364 1
364 419 -1
419 364 -1
364 422 -1
422 364 -1
364 448 1
448 364 1
364 475 1
475 364 1
364 486 1
486 364 1
364 498 -1
498 364 -1
365 377 1
377 365 1
365 382 1
382 365 1
365 386 -1
386 365 -1
366 391 -1
391 366 -1
366 475 1
475 366 1
366 486 1
486 366 1
366 498 1
498 366 1
367 391 -1
391 367 -1
367 408 -1
408 367 -1
367 412 -1
412 367 -1
367 423 -1
423 367 -1
367 473 1
473 367 1
368 379 1
379 368 1
368 404 1
404 368 1
368 423 -1
423 368 -1
370 385 -1
385 370 -1
370 401 1
401 370 1
370 424 1
424 370 1
371 442 1
442 371 1
372 395 1
395 372 1
372 438 -1
438 372 -1
372 448 -1
448 372 -1
372 459 -1
459 372 -1
372 486 1
486 372 1
373 471 -1
471 373 -1
373 475 1
475 373 1
373 486 1
486 373 1
374 393 1
393 374 1
374 422 1
422 374 1
375 417 -1
417 375 -1
375 425 -1
425 375 -1
375 464 -1
464 375 -1
375 469 -1
469 375 -1
377 386 -1
386 377 -1
377 495 -1
495 377 -1
378 483 1
483 378 1
378 496 1
496 378 1
379 404 1
404 379 1
379 450 -1
450 379 -1
380 399 -1
399 380 -1
380 482 1
482 380 1
380 489 1
489 380 1
380 497 1
497 380 1
381 411 1
411 381 1
381 419 1
419 381 1
381 421 1
421 381 1
381 435 1
435 381 1
382 386 1
386 382 1
382 410 1
410 382 1
382 447 1
447 382 1
382 500 1
500 382 1
383 393 1
393 383 1
383 412 1
412 383 1
383 440 1
440 383 1
384 404 1
404 384 1
384 414 -1
414 384 -1
384 420 -1
420 384 -1
385 395 -1
395 385 -1
385 399 1
399 385 1
385 415 1
415 385 1
385 450 -1
450 385 -1
385 461 1
461 385 1
385 470 1
470 385 1
385 471 1
471 385 1
385 482 1
482 385 1
385 485 1
485 385 1
385 489 1
489 385 1
385 490 1
490 385 1
385 491 -1
491 385 -1
385 492 1
492 385 1
386 410 1
410 386 1
386 424 -1
424 386 -1
386 431 -1
431 386 -1
386 447 1
447 386 1
386 500 1
500 386 1
387 432 1
432 387 1
387 469 -1
469 387 -1
387 492 -1
492 387 -1
387 496 1
496 387 1
388 413 -1
413 388 -1
388 415 -1
415 388 -1
388 442 1
442 388 1
388 462 1
462 388 1
388 465 1
465 388 1
389 409 1
409 389 1
389 415 1
415 389 1
389 458 1
458 389 1
389 476 1
476 389 1
390 413 1
413 390 1
391 412 1
412 391 1
391 440 -1
440 391 -1
392 427 -1
427 392 -1
393 404 -1
404 393 -1
393 412 1
412 393 1
394 401 -1
401 394 -1
394 423 -1
423 394 -1
394 451 -1
451 394 -1
394 488 -1
488 394 -1
395 397 -1
397 395 -1
395 415 -1
415 395 -1
395 432 -1
432 395 -1
395 448 1
448 395 1
395 466 -1
466 395 -1
395 474 1
474 395 1
395 475 1
475 395 1
395 484 1
484 395 1
395 485 -1
485 395 -1
395 486 1
486 395 1
395 498 1
498 395 1
396 500 1
500 396 1
397 402 1
402 397 1
397 420 1
420 397 1
397 449 1
449 397 1
397 451 1
451 397 1
397 468 -1
468 397 -1
397 475 -1
475 397 -1
397 479 1
479 397 1
397 500 -1
500 397 -1
398 403 1
403 398 1
398 467 1
467 398 1
398 472 1
472 398 1
398 499 1
499 398 1
399 442 -1
442 399 -1
399 443 1
443 399 1
399 450 -1
450 399 -1
399 461 1
461 399 1
399 478 1
478 399 1
399 482 1
482 399 1
399 485 1
485 399 1
399 486 -1
486 399 -1
399 489 1
489 399 1
399 497 1
497 399 1
400 412 1
412 400 1
400 422 1
422 400 1
400 440 1
440 400 1
400 452 -1
452 400 -1
401 423 1
423 401 1
401 451 1
451 401 1
401 494 -1
494 401 -1
402 424 1
424 402 1
403 467 1
467 403 1
404 426 1
426 404 1
404 450 -1
450 404 -1
404 457 1
457 404 1
405 406 1
406 405 1
405 415 1
415 405 1
405 425 1
425 405 1
406 458 1
458 406 1
406 476 -1
476 406 -1
407 414 -1
414 407 -1
407 440 -1
440 407 -1
407 457 -1
457 407 -1
407 485 -1
485 407 -1
408 432 1
432 408 1
408 450 -1
450 408 -1
409 415 1
415 409 1
409 432 -1
432 409 -1
409 458 1
458 409 1
409 461 1
461 409 1
410 423 -1
423 410 -1
411 419 1
419 411 1
411 453 1
453 411 1
412 422 -1
422 412 -1
412 428 1
428 412 1
412 431 1
431 412 1
412 440 1
440 412 1
412 442 -1
442 412 -1
412 452 -1
452 412 -1
412 464 -1
464 412 -1
412 466 1
466 412 1
412 471 -1
471 412 -1
412 473 1
473 412 1
412 486 1
486 412 1
413 463 1
463 413 1
413 482 -1
482 413 -1
414 423 1
423 414 1
414 455 1
455 414 1
414 479 1
479 414 1
415 425 1
425 415 1
415 455 -1
455 415 -1
415 458 1
458 415 1
415 469 1
469 415 1
415 476 1
476 415 1
416 417 1
417 416 1
416 429 1
429 416 1
416 436 -1
436 416 -1
416 437 1
437 416 1
416 438 1
438 416 1
416 440 1
440 416 1
416 446 1
446 416 1
416 464 1
464 416 1
416 480 1
480 416 1
416 497 -1
497 416 -1
417 429 1
429 417 1
417 437 1
437 417 1
417 438 1
438 417 1
417 443 -1
443 417 -1
417 446 1
446 417 1
417 464 1
464 417 1
417 470 -1
470 417 -1
417 480 -1
480 417 -1
418 463 1
463 418 1
419 435 1
435 419 1
420 424 1
424 420 1
420 444 1
444 420 1
420 445 1
445 420 1
420 449 1
449 420 1
420 461 -1
461 420 -1
421 453 1
453 421 1
423 424 1
424 423 1
423 445 1
445 423 1
423 449 1
449 423 1
423 455 1
455 423 1
423 462 -1
462 423 -1
423 468 -1
468 423 -1
423 482 -1
482 423 -1
423 488 -1
488 423 -1
424 445 1
445 424 1
424 462 1
462 424 1
424 498 -1
498 424 -1
425 434 1
434 425 1
425 458 1
458 425 1
425 469 1
469 425 1
425 476 1
476 425 1
426 457 1
457 426 1
427 463 1
463 427 1
429 446 1
446 429 1
429 491 -1
491 429 -1
432 456 1
456 432 1
432 463 1
463 432 1
432 464 -1
464 432 -1
432 483 -1
483 432 -1
432 491 -1
491 432 -1
432 496 1
496 432 1
433 474 1
474 433 1
433 475 1
475 433 1
434 458 1
458 434 1
435 440 -1
440 435 -1
435 455 -1
455 435 -1
436 499 -1
499 436 -1
437 449 -1
449 437 -1
439 440 1
440 439 1
439 476 -1
476 439 -1
440 466 -1
466 440 -1
440 473 1
473 440 1
441 455 -1
455 441 -1
441 456 1
456 441 1
441 483 1
483 441 1
441 496 1
496 441 1
442 462 1
462 442 1
442 465 1
465 442 1
443 450 1
450 443 1
443 482 1
482 443 1
443 492 1
492 443 1
444 474 -1
474 444 -1
445 451 -1
451 445 -1
445 494 -1
494 445 -1
446 451 1
451 446 1
446 472 -1
472 446 -1
447 492 -1
492 447 -1
448 474 1
474 448 1
448 484 1
484 448 1
448 486 -1
486 448 -1
448 494 -1
494 448 -1
450 482 1
482 450 1
450 485 1
485 450 1
450 486 -1
486 450 -1
450 487 -1
487 450 -1
450 489 1
489 450 1
450 490 1
490 450 1
450 492 1
492 450 1
450 497 1
497 450 1
451 482 -1
482 451 -1
452 454 -1
454 452 -1
452 481 1
481 452 1
452 487 1
487 452 1
452 488 1
488 452 1
454 486 1
486 454 1
455 468 1
468 455 1
456 483 1
483 456 1
458 469 1
469 458 1
459 482 1
482 459 1
460 483 1
483 460 1
461 470 1
470 461 1
461 471 -1
471 461 -1
461 478 1
478 461 1
461 482 1
482 461 1
461 485 -1
485 461 -1
461 486 -1
486 461 -1
461 492 1
492 461 1
462 465 -1
465 462 -1
463 481 -1
481 463 -1
464 480 1
480 464 1
466 473 1
473 466 1
467 472 1
472 467 1
467 490 -1
490 467 -1
469 476 -1
476 469 -1
469 481 -1
481 469 -1
470 482 1
482 470 1
473 487 -1
487 473 -1
474 475 1
475 474 1
474 486 1
486 474 1
474 495 -1
495 474 -1
474 496 -1
496 474 -1
475 484 1
484 475 1
475 486 1
486 475 1
477 478 1
478 477 1
477 486 1
486 477 1
478 482 1
482 478 1
478 492 1
492 478 1
481 487 1
487 481 1
481 488 1
488 481 1
481 494 1
494 481 1
482 485 -1
485 482 -1
482 489 1
489 482 1
482 492 1
492 482 1
482 497 1
497 482 1
483 484 -1
484 483 -1
483 491 -1
491 483 -1
484 498 1
498 484 1
485 489 -1
489 485 -1
485 492 1
492 485 1
486 498 1
498 486 1
487 488 1
488 487 1
487 494 1
494 487 1
487 495 1
495 487 1
488 495 1
495 488 1
489 490 1
490 489 1
489 492 1
492 489 1
489 497 1
497 489 1
491 496 1
496 491 1
492 497 -1
497 492 -1
