0 2 1
2 0 1
0 27 -1
27 0 -1
0 29 1
29 0 1
0 31 1
31 0 1
0 80 -1
80 0 -1
0 87 1
87 0 1
0 94 -1
94 0 -1
0 97 -1
97 0 -1
0 101 1
101 0 1
0 121 1
121 0 1
0 139 1
139 0 1
0 169 1
169 0 1
0 189 1
189 0 1
0 202 -1
202 0 -1
0 215 1
215 0 1
0 221 -1
221 0 -1
0 232 1
232 0 1
0 248 1
248 0 1
0 254 1
254 0 1
0 255 1
255 0 1
0 263 1
263 0 1
0 282 1
282 0 1
0 284 1
284 0 1
0 297 1
297 0 1
0 298 1
298 0 1
0 312 1
312 0 1
0 329 1
329 0 1
0 336 1
336 0 1
0 337 1
337 0 1
0 346 1
346 0 1
0 360 1
360 0 1
0 369 1
369 0 1
0 374 -1
374 0 -1
0 380 1
380 0 1
0 386 -1
386 0 -1
0 397 1
397 0 1
0 424 -1
424 0 -1
0 436 1
436 0 1
0 440 1
440 0 1
0 447 1
447 0 1
0 450 -1
450 0 -1
0 462 1
462 0 1
0 489 1
489 0 1
0 491 1
491 0 1
1 17 -1
17 1 -1
1 61 -1
61 1 -1
1 65 1
65 1 1
1 111 1
111 1 1
1 112 -1
112 1 -1
1 116 -1
116 1 -1
1 200 -1
200 1 -1
1 205 -1
205 1 -1
1 213 1
213 1 1
1 233 1
233 1 1
1 249 1
249 1 1
1 276 1
276 1 1
1 280 1
280 1 1
1 285 1
285 1 1
1 289 1
289 1 1
1 333 1
333 1 1
1 344 1
344 1 1
1 349 1
349 1 1
1 350 1
350 1 1
1 382 1
382 1 1
1 383 -1
383 1 -1
1 417 1
417 1 1
1 439 1
439 1 1
1 442 1
442 1 1
1 444 1
444 1 1
1 464 1
464 1 1
1 468 1
468 1 1
1 471 1
471 1 1
1 482 1
482 1 1
1 499 -1
499 1 -1
2 27 1
27 2 1
2 29 1
29 2 1
2 31 1
31 2 1
2 70 1
70 2 1
2 87 1
87 2 1
2 94 -1
94 2 -1
2 98 1
98 2 1
2 101 1
101 2 1
2 121 1
121 2 1
2 139 1
139 2 1
2 213 -1
213 2 -1
2 215 1
215 2 1
2 232 1
232 2 1
2 248 1
248 2 1
2 255 1
255 2 1
2 277 1
277 2 1
2 282 1
282 2 1
2 312 1
312 2 1
2 329 1
329 2 1
2 336 1
336 2 1
2 346 1
346 2 1
2 360 1
360 2 1
2 369 1
369 2 1
2 380 1
380 2 1
2 397 1
397 2 1
2 424 1
424 2 1
2 440 -1
440 2 -1
2 447 1
447 2 1
2 450 1
450 2 1
2 462 1
462 2 1
2 491 1
491 2 1
3 34 1
34 3 1
3 38 1
38 3 1
3 54 -1
54 3 -1
3 64 1
64 3 1
3 75 -1
75 3 -1
3 92 1
92 3 1
3 122 1
122 3 1
3 124 -1
124 3 -1
3 131 1
131 3 1
3 157 1
157 3 1
3 171 1
171 3 1
3 174 -1
174 3 -1
3 182 1
182 3 1
3 198 1
198 3 1
3 213 -1
213 3 -1
3 216 1
216 3 1
3 237 1
237 3 1
3 240 1
240 3 1
3 334 1
334 3 1
3 345 1
345 3 1
3 348 1
348 3 1
3 401 -1
401 3 -1
3 402 1
402 3 1
3 405 1
405 3 1
3 412 -1
412 3 -1
3 448 1
448 3 1
3 477 1
477 3 1
3 493 1
493 3 1
3 494 1
494 3 1
4 7 1
7 4 1
4 13 -1
13 4 -1
4 14 1
14 4 1
4 18 -1
18 4 -1
4 49 1
49 4 1
4 50 1
50 4 1
4 86 1
86 4 1
4 105 1
105 4 1
4 142 -1
142 4 -1
4 191 1
191 4 1
4 224 1
224 4 1
4 239 -1
239 4 -1
4 259 1
259 4 1
4 302 1
302 4 1
4 332 1
332 4 1
4 352 1
352 4 1
4 353 -1
353 4 -1
4 355 1
355 4 1
4 362 1
362 4 1
4 363 1
363 4 1
4 435 -1
435 4 -1
4 486 1
486 4 1
5 28 1
28 5 1
5 59 1
59 5 1
5 68 1
68 5 1
5 81 1
81 5 1
5 148 1
148 5 1
5 165 1
165 5 1
5 168 1
168 5 1
5 261 1
261 5 1
5 270 1
270 5 1
5 289 -1
289 5 -1
5 322 1
322 5 1
5 377 1
377 5 1
5 378 1
378 5 1
5 387 1
387 5 1
5 390 1
390 5 1
5 392 -1
392 5 -1
5 404 -1
404 5 -1
5 426 1
426 5 1
5 467 1
467 5 1
6 30 1
30 6 1
6 60 1
60 6 1
6 73 1
73 6 1
6 78 1
78 6 1
6 118 1
118 6 1
6 137 -1
137 6 -1
6 162 1
162 6 1
6 202 1
202 6 1
6 267 -1
267 6 -1
6 330 -1
330 6 -1
7 13 -1
13 7 -1
7 14 1
14 7 1
7 23 1
23 7 1
7 67 -1
67 7 -1
7 105 1
105 7 1
7 142 1
142 7 1
7 191 1
191 7 1
7 224 1
224 7 1
7 259 1
259 7 1
7 276 -1
276 7 -1
7 317 1
317 7 1
7 331 1
331 7 1
7 332 1
332 7 1
7 355 1
355 7 1
7 393 1
393 7 1
7 486 -1
486 7 -1
8 22 1
22 8 1
8 24 1
24 8 1
8 60 1
60 8 1
8 61 -1
61 8 -1
8 73 -1
73 8 -1
8 78 -1
78 8 -1
8 93 1
93 8 1
8 102 1
102 8 1
8 118 1
118 8 1
8 120 1
120 8 1
8 137 1
137 8 1
8 145 1
145 8 1
8 156 1
156 8 1
8 162 1
162 8 1
8 169 -1
169 8 -1
8 193 1
193 8 1
8 200 1
200 8 1
8 202 1
202 8 1
8 227 1
227 8 1
8 242 1
242 8 1
8 253 1
253 8 1
8 256 1
256 8 1
8 257 1
257 8 1
8 271 -1
271 8 -1
8 274 -1
274 8 -1
8 278 1
278 8 1
8 281 1
281 8 1
8 291 1
291 8 1
8 299 1
299 8 1
8 304 1
304 8 1
8 315 1
315 8 1
8 330 1
330 8 1
8 335 -1
335 8 -1
8 347 -1
347 8 -1
8 391 1
391 8 1
8 400 1
400 8 1
8 403 -1
403 8 -1
8 425 1
425 8 1
8 433 1
433 8 1
8 472 1
472 8 1
8 485 1
485 8 1
9 35 1
35 9 1
9 48 1
48 9 1
9 57 -1
57 9 -1
9 66 1
66 9 1
9 78 -1
78 9 -1
9 104 1
104 9 1
9 107 1
107 9 1
9 115 1
115 9 1
9 141 1
141 9 1
9 150 1
150 9 1
9 177 1
177 9 1
9 194 1
194 9 1
9 199 1
199 9 1
9 207 1
207 9 1
9 210 1
210 9 1
9 214 1
214 9 1
9 220 1
220 9 1
9 235 1
235 9 1
9 262 1
262 9 1
9 266 1
266 9 1
9 286 1
286 9 1
9 288 1
288 9 1
9 298 -1
298 9 -1
9 308 -1
308 9 -1
9 314 1
314 9 1
9 318 1
318 9 1
9 354 1
354 9 1
9 356 1
356 9 1
9 363 1
363 9 1
9 375 1
375 9 1
9 384 1
384 9 1
9 385 1
385 9 1
9 398 -1
398 9 -1
9 407 1
407 9 1
9 419 1
419 9 1
9 458 -1
458 9 -1
9 461 1
461 9 1
10 16 1
16 10 1
10 21 1
21 10 1
10 45 1
45 10 1
10 109 1
109 10 1
10 128 1
128 10 1
10 135 1
135 10 1
10 160 1
160 10 1
10 201 1
201 10 1
10 211 1
211 10 1
10 212 1
212 10 1
10 268 -1
268 10 -1
10 283 1
283 10 1
10 290 -1
290 10 -1
10 327 1
327 10 1
10 343 1
343 10 1
10 365 1
365 10 1
10 438 1
438 10 1
10 452 -1
452 10 -1
10 478 1
478 10 1
11 28 1
28 11 1
11 59 -1
59 11 -1
11 68 1
68 11 1
11 81 1
81 11 1
11 195 1
195 11 1
11 270 -1
270 11 -1
11 387 1
387 11 1
11 390 -1
390 11 -1
11 392 1
392 11 1
11 426 1
426 11 1
11 467 1
467 11 1
12 26 1
26 12 1
12 40 1
40 12 1
12 76 1
76 12 1
12 77 1
77 12 1
12 78 -1
78 12 -1
12 80 1
80 12 1
12 114 1
114 12 1
12 180 1
180 12 1
12 244 1
244 12 1
12 483 1
483 12 1
12 496 1
496 12 1
13 14 1
14 13 1
13 18 1
18 13 1
13 23 1
23 13 1
13 36 1
36 13 1
13 47 1
47 13 1
13 49 1
49 13 1
13 50 1
50 13 1
13 67 -1
67 13 -1
13 79 1
79 13 1
13 86 1
86 13 1
13 105 1
105 13 1
13 113 1
113 13 1
13 136 -1
136 13 -1
13 142 1
142 13 1
13 147 1
147 13 1
13 191 1
191 13 1
13 224 1
224 13 1
13 239 -1
239 13 -1
13 258 1
258 13 1
13 259 1
259 13 1
13 264 -1
264 13 -1
13 279 1
279 13 1
13 302 1
302 13 1
13 317 1
317 13 1
13 319 1
319 13 1
13 324 1
324 13 1
13 331 1
331 13 1
13 349 -1
349 13 -1
13 352 1
352 13 1
13 353 1
353 13 1
13 355 1
355 13 1
13 358 1
358 13 1
13 362 1
362 13 1
13 376 1
376 13 1
13 393 1
393 13 1
13 418 1
418 13 1
13 453 1
453 13 1
13 456 -1
456 13 -1
13 486 1
486 13 1
14 36 1
36 14 1
14 47 1
47 14 1
14 49 1
49 14 1
14 113 1
113 14 1
14 136 1
136 14 1
14 138 1
138 14 1
14 146 -1
146 14 -1
14 147 1
147 14 1
14 239 1
239 14 1
14 258 1
258 14 1
14 259 1
259 14 1
14 279 1
279 14 1
14 317 1
317 14 1
14 319 -1
319 14 -1
14 332 1
332 14 1
14 352 1
352 14 1
14 353 -1
353 14 -1
14 355 1
355 14 1
14 362 1
362 14 1
14 435 1
435 14 1
14 453 1
453 14 1
15 151 1
151 15 1
15 164 -1
164 15 -1
15 231 1
231 15 1
15 246 1
246 15 1
15 265 1
265 15 1
15 443 1
443 15 1
15 456 -1
456 15 -1
15 459 1
459 15 1
15 469 1
469 15 1
15 473 1
473 15 1
15 487 1
487 15 1
16 21 1
21 16 1
16 45 1
45 16 1
16 109 1
109 16 1
16 128 1
128 16 1
16 135 1
135 16 1
16 160 1
160 16 1
16 164 1
164 16 1
16 201 -1
201 16 -1
16 204 1
204 16 1
16 211 1
211 16 1
16 212 1
212 16 1
16 225 1
225 16 1
16 268 1
268 16 1
16 283 1
283 16 1
16 292 1
292 16 1
16 296 1
296 16 1
16 303 1
303 16 1
16 305 1
305 16 1
16 307 -1
307 16 -1
16 311 1
311 16 1
16 317 -1
317 16 -1
16 327 1
327 16 1
16 343 1
343 16 1
16 438 -1
438 16 -1
16 452 -1
452 16 -1
16 478 1
478 16 1
16 498 1
498 16 1
17 65 1
65 17 1
17 116 -1
116 17 -1
17 205 1
205 17 1
17 213 1
213 17 1
17 249 1
249 17 1
17 280 1
280 17 1
17 344 1
344 17 1
17 349 1
349 17 1
17 350 -1
350 17 -1
17 383 1
383 17 1
17 417 1
417 17 1
17 439 1
439 17 1
17 444 1
444 17 1
17 482 1
482 17 1
17 499 1
499 17 1
18 49 1
49 18 1
18 85 -1
85 18 -1
18 105 -1
105 18 -1
18 136 1
136 18 1
18 147 -1
147 18 -1
18 224 1
224 18 1
18 239 1
239 18 1
18 259 1
259 18 1
18 317 -1
317 18 -1
18 324 1
324 18 1
18 331 1
331 18 1
18 332 1
332 18 1
18 355 1
355 18 1
18 362 1
362 18 1
18 449 1
449 18 1
18 486 1
486 18 1
19 52 -1
52 19 -1
19 62 1
62 19 1
19 130 1
130 19 1
19 186 1
186 19 1
19 187 -1
187 19 -1
19 192 1
192 19 1
19 223 -1
223 19 -1
19 229 1
229 19 1
19 269 1
269 19 1
19 364 1
364 19 1
19 366 1
366 19 1
19 381 1
381 19 1
19 432 1
432 19 1
19 480 1
480 19 1
19 497 1
497 19 1
20 43 1
43 20 1
20 72 1
72 20 1
20 110 -1
110 20 -1
20 133 -1
133 20 -1
20 134 1
134 20 1
20 143 1
143 20 1
20 155 -1
155 20 -1
20 161 1
161 20 1
20 176 1
176 20 1
20 184 1
184 20 1
20 253 -1
253 20 -1
20 395 1
395 20 1
21 45 1
45 21 1
21 128 1
128 21 1
21 135 1
135 21 1
21 164 1
164 21 1
21 201 1
201 21 1
21 204 -1
204 21 -1
21 211 1
211 21 1
21 268 1
268 21 1
21 283 1
283 21 1
21 296 1
296 21 1
21 305 1
305 21 1
21 307 1
307 21 1
21 311 1
311 21 1
21 314 -1
314 21 -1
21 343 -1
343 21 -1
21 452 1
452 21 1
21 478 1
478 21 1
22 60 1
60 22 1
22 61 -1
61 22 -1
22 73 1
73 22 1
22 78 -1
78 22 -1
22 93 -1
93 22 -1
22 118 1
118 22 1
22 137 1
137 22 1
22 156 1
156 22 1
22 200 1
200 22 1
22 202 1
202 22 1
22 253 1
253 22 1
22 304 1
304 22 1
22 330 1
330 22 1
22 373 1
373 22 1
23 85 1
85 23 1
23 138 1
138 23 1
23 259 1
259 23 1
23 317 1
317 23 1
23 332 1
332 23 1
23 355 1
355 23 1
23 418 1
418 23 1
23 435 1
435 23 1
23 486 1
486 23 1
24 61 1
61 24 1
24 78 1
78 24 1
24 118 1
118 24 1
24 137 1
137 24 1
24 200 1
200 24 1
24 202 1
202 24 1
24 229 -1
229 24 -1
24 278 -1
278 24 -1
24 281 1
281 24 1
24 315 1
315 24 1
24 400 1
400 24 1
25 26 1
26 25 1
25 77 1
77 25 1
25 89 1
89 25 1
25 96 1
96 25 1
25 180 1
180 25 1
25 287 1
287 25 1
25 356 -1
356 25 -1
25 465 1
465 25 1
25 483 1
483 25 1
25 496 1
496 25 1
26 40 1
40 26 1
26 55 1
55 26 1
26 58 1
58 26 1
26 76 1
76 26 1
26 77 1
77 26 1
26 80 -1
80 26 -1
26 89 1
89 26 1
26 90 1
90 26 1
26 103 1
103 26 1
26 105 -1
105 26 -1
26 114 1
114 26 1
26 117 1
117 26 1
26 179 -1
179 26 -1
26 180 1
180 26 1
26 181 1
181 26 1
26 203 1
203 26 1
26 206 1
206 26 1
26 217 1
217 26 1
26 222 -1
222 26 -1
26 244 1
244 26 1
26 287 1
287 26 1
26 310 1
310 26 1
26 446 1
446 26 1
26 463 1
463 26 1
26 465 1
465 26 1
26 483 1
483 26 1
26 496 1
496 26 1
27 29 1
29 27 1
27 31 1
31 27 1
27 70 1
70 27 1
27 71 -1
71 27 -1
27 87 1
87 27 1
27 94 1
94 27 1
27 97 -1
97 27 -1
27 98 1
98 27 1
27 101 1
101 27 1
27 121 -1
121 27 -1
27 139 1
139 27 1
27 169 1
169 27 1
27 189 1
189 27 1
27 215 1
215 27 1
27 226 1
226 27 1
27 232 -1
232 27 -1
27 244 -1
244 27 -1
27 248 1
248 27 1
27 254 1
254 27 1
27 255 1
255 27 1
27 257 -1
257 27 -1
27 263 1
263 27 1
27 277 1
277 27 1
27 282 1
282 27 1
27 284 1
284 27 1
27 297 1
297 27 1
27 298 1
298 27 1
27 312 -1
312 27 -1
27 329 1
329 27 1
27 336 1
336 27 1
27 337 1
337 27 1
27 346 1
346 27 1
27 360 1
360 27 1
27 369 -1
369 27 -1
27 374 1
374 27 1
27 380 1
380 27 1
27 386 1
386 27 1
27 397 1
397 27 1
27 424 1
424 27 1
27 436 -1
436 27 -1
27 440 -1
440 27 -1
27 447 1
447 27 1
27 450 1
450 27 1
27 462 1
462 27 1
27 489 -1
489 27 -1
27 491 1
491 27 1
28 59 1
59 28 1
28 68 1
68 28 1
28 81 1
81 28 1
28 165 1
165 28 1
28 185 -1
185 28 -1
28 195 1
195 28 1
28 260 -1
260 28 -1
28 261 1
261 28 1
28 270 -1
270 28 -1
28 294 1
294 28 1
28 370 1
370 28 1
28 378 -1
378 28 -1
28 387 1
387 28 1
28 390 1
390 28 1
28 392 1
392 28 1
28 404 -1
404 28 -1
28 426 1
426 28 1
28 467 1
467 28 1
29 139 1
139 29 1
29 191 -1
191 29 -1
29 215 1
215 29 1
29 255 1
255 29 1
29 329 -1
329 29 -1
29 336 1
336 29 1
29 369 1
369 29 1
29 397 1
397 29 1
29 447 1
447 29 1
29 491 1
491 29 1
30 37 1
37 30 1
30 56 1
56 30 1
30 95 1
95 30 1
30 102 1
102 30 1
30 119 1
119 30 1
30 123 1
123 30 1
30 127 1
127 30 1
30 140 1
140 30 1
30 144 1
144 30 1
30 152 1
152 30 1
30 153 1
153 30 1
30 173 1
173 30 1
30 250 -1
250 30 -1
30 257 1
257 30 1
30 260 1
260 30 1
30 300 1
300 30 1
30 342 1
342 30 1
30 351 1
351 30 1
30 359 1
359 30 1
30 371 1
371 30 1
30 399 1
399 30 1
30 406 1
406 30 1
30 416 1
416 30 1
30 422 1
422 30 1
30 434 1
434 30 1
30 454 1
454 30 1
30 460 -1
460 30 -1
30 474 1
474 30 1
30 475 1
475 30 1
30 479 1
479 30 1
30 490 1
490 30 1
31 65 -1
65 31 -1
31 70 -1
70 31 -1
31 87 1
87 31 1
31 97 1
97 31 1
31 98 1
98 31 1
31 101 -1
101 31 -1
31 139 1
139 31 1
31 169 -1
169 31 -1
31 189 -1
189 31 -1
31 215 1
215 31 1
31 232 1
232 31 1
31 248 1
248 31 1
31 254 1
254 31 1
31 263 1
263 31 1
31 277 -1
277 31 -1
31 282 -1
282 31 -1
31 284 1
284 31 1
31 297 1
297 31 1
31 298 1
298 31 1
31 329 -1
329 31 -1
31 336 1
336 31 1
31 337 1
337 31 1
31 346 1
346 31 1
31 360 1
360 31 1
31 380 1
380 31 1
31 386 1
386 31 1
31 397 1
397 31 1
31 424 1
424 31 1
31 436 1
436 31 1
31 447 1
447 31 1
31 462 1
462 31 1
31 489 1
489 31 1
32 46 1
46 32 1
32 56 1
56 32 1
32 241 1
241 32 1
32 342 1
342 32 1
32 399 1
399 32 1
32 406 1
406 32 1
32 454 1
454 32 1
32 460 1
460 32 1
32 474 1
474 32 1
32 488 1
488 32 1
33 43 1
43 33 1
33 82 1
82 33 1
33 88 1
88 33 1
33 134 1
134 33 1
33 155 1
155 33 1
33 161 1
161 33 1
33 172 1
172 33 1
33 176 1
176 33 1
33 184 1
184 33 1
33 328 1
328 33 1
33 449 1
449 33 1
34 54 1
54 34 1
34 69 1
69 34 1
34 75 -1
75 34 -1
34 92 1
92 34 1
34 157 1
157 34 1
34 171 1
171 34 1
34 174 1
174 34 1
34 182 1
182 34 1
34 196 1
196 34 1
34 198 1
198 34 1
34 216 1
216 34 1
34 237 1
237 34 1
34 240 1
240 34 1
34 290 1
290 34 1
34 295 1
295 34 1
34 333 -1
333 34 -1
34 334 1
334 34 1
34 345 1
345 34 1
34 405 1
405 34 1
34 412 1
412 34 1
34 414 -1
414 34 -1
34 492 -1
492 34 -1
34 494 1
494 34 1
35 71 1
71 35 1
35 115 -1
115 35 -1
35 150 1
150 35 1
35 199 1
199 35 1
35 286 1
286 35 1
35 288 1
288 35 1
35 314 1
314 35 1
35 356 1
356 35 1
35 384 1
384 35 1
35 408 -1
408 35 -1
35 457 1
457 35 1
35 481 1
481 35 1
36 67 1
67 36 1
36 121 -1
121 36 -1
36 142 1
142 36 1
36 317 1
317 36 1
36 319 1
319 36 1
36 355 1
355 36 1
36 376 1
376 36 1
36 435 1
435 36 1
36 453 1
453 36 1
36 486 1
486 36 1
37 119 1
119 37 1
37 144 1
144 37 1
37 152 1
152 37 1
37 153 1
153 37 1
37 173 1
173 37 1
37 203 -1
203 37 -1
37 250 1
250 37 1
37 300 1
300 37 1
37 342 1
342 37 1
37 351 1
351 37 1
37 399 1
399 37 1
37 406 -1
406 37 -1
37 434 -1
434 37 -1
37 454 1
454 37 1
37 460 1
460 37 1
37 470 1
470 37 1
37 479 1
479 37 1
37 488 1
488 37 1
37 490 1
490 37 1
38 54 -1
54 38 -1
38 92 1
92 38 1
38 122 -1
122 38 -1
38 124 1
124 38 1
38 157 1
157 38 1
38 171 1
171 38 1
38 174 -1
174 38 -1
38 182 1
182 38 1
38 196 -1
196 38 -1
38 198 1
198 38 1
38 211 -1
211 38 -1
38 345 1
345 38 1
38 348 1
348 38 1
38 405 1
405 38 1
38 412 1
412 38 1
38 455 1
455 38 1
39 48 1
48 39 1
39 150 1
150 39 1
39 262 1
262 39 1
39 314 1
314 39 1
39 318 1
318 39 1
39 356 1
356 39 1
39 363 -1
363 39 -1
39 384 1
384 39 1
39 408 1
408 39 1
39 458 -1
458 39 -1
40 55 1
55 40 1
40 58 1
58 40 1
40 76 1
76 40 1
40 77 1
77 40 1
40 80 1
80 40 1
40 85 -1
85 40 -1
40 89 1
89 40 1
40 90 1
90 40 1
40 96 1
96 40 1
40 103 1
103 40 1
40 114 1
114 40 1
40 117 1
117 40 1
40 179 -1
179 40 -1
40 180 1
180 40 1
40 181 1
181 40 1
40 203 1
203 40 1
40 206 1
206 40 1
40 217 1
217 40 1
40 221 1
221 40 1
40 222 1
222 40 1
40 244 1
244 40 1
40 287 1
287 40 1
40 310 1
310 40 1
40 446 1
446 40 1
40 463 -1
463 40 -1
40 483 1
483 40 1
40 496 1
496 40 1
41 149 1
149 41 1
41 183 1
183 41 1
41 228 1
228 41 1
41 245 1
245 41 1
41 309 1
309 41 1
41 316 1
316 41 1
41 389 -1
389 41 -1
41 413 1
413 41 1
41 437 1
437 41 1
41 442 -1
442 41 -1
41 451 -1
451 41 -1
42 60 1
60 42 1
42 61 1
61 42 1
42 73 1
73 42 1
42 78 1
78 42 1
42 93 1
93 42 1
42 118 -1
118 42 -1
42 137 1
137 42 1
42 163 -1
163 42 -1
42 178 -1
178 42 -1
42 200 1
200 42 1
42 202 1
202 42 1
42 227 1
227 42 1
42 253 1
253 42 1
42 256 -1
256 42 -1
42 281 -1
281 42 -1
42 330 1
330 42 1
42 347 1
347 42 1
42 400 1
400 42 1
42 403 1
403 42 1
43 72 1
72 43 1
43 100 -1
100 43 -1
43 110 1
110 43 1
43 134 1
134 43 1
43 143 1
143 43 1
43 155 1
155 43 1
43 161 1
161 43 1
43 176 -1
176 43 -1
43 184 1
184 43 1
43 395 1
395 43 1
43 423 1
423 43 1
43 449 1
449 43 1
44 151 1
151 44 1
44 159 1
159 44 1
44 265 1
265 44 1
44 326 1
326 44 1
44 421 1
421 44 1
44 431 1
431 44 1
44 443 1
443 44 1
44 456 1
456 44 1
44 469 1
469 44 1
44 473 -1
473 44 -1
44 487 1
487 44 1
45 109 1
109 45 1
45 128 1
128 45 1
45 135 1
135 45 1
45 160 -1
160 45 -1
45 164 1
164 45 1
45 188 1
188 45 1
45 201 1
201 45 1
45 204 1
204 45 1
45 211 1
211 45 1
45 212 -1
212 45 -1
45 259 -1
259 45 -1
45 283 -1
283 45 -1
45 292 1
292 45 1
45 296 1
296 45 1
45 303 1
303 45 1
45 305 1
305 45 1
45 311 1
311 45 1
45 327 1
327 45 1
45 343 1
343 45 1
45 365 1
365 45 1
45 438 1
438 45 1
45 478 1
478 45 1
46 127 1
127 46 1
46 162 -1
162 46 -1
46 241 -1
241 46 -1
46 359 -1
359 46 -1
46 371 1
371 46 1
46 399 1
399 46 1
46 406 1
406 46 1
46 422 -1
422 46 -1
46 434 -1
434 46 -1
46 454 1
454 46 1
46 460 1
460 46 1
46 488 -1
488 46 -1
47 85 1
85 47 1
47 142 1
142 47 1
47 147 -1
147 47 -1
47 191 1
191 47 1
47 259 1
259 47 1
47 271 -1
271 47 -1
47 332 1
332 47 1
47 418 1
418 47 1
48 57 1
57 48 1
48 66 1
66 48 1
48 71 -1
71 48 -1
48 74 -1
74 48 -1
48 90 -1
90 48 -1
48 115 1
115 48 1
48 128 -1
128 48 -1
48 150 1
150 48 1
48 199 1
199 48 1
48 207 1
207 48 1
48 214 1
214 48 1
48 220 1
220 48 1
48 262 1
262 48 1
48 266 1
266 48 1
48 286 1
286 48 1
48 314 1
314 48 1
48 318 1
318 48 1
48 321 1
321 48 1
48 340 -1
340 48 -1
48 354 -1
354 48 -1
48 356 1
356 48 1
48 357 1
357 48 1
48 363 -1
363 48 -1
48 384 1
384 48 1
48 385 1
385 48 1
48 408 1
408 48 1
48 419 -1
419 48 -1
48 457 -1
457 48 -1
48 458 1
458 48 1
49 65 -1
65 49 -1
49 79 1
79 49 1
49 105 1
105 49 1
49 142 1
142 49 1
49 147 1
147 49 1
49 258 1
258 49 1
49 259 1
259 49 1
49 317 1
317 49 1
49 332 1
332 49 1
49 355 1
355 49 1
49 362 1
362 49 1
49 453 1
453 49 1
49 486 1
486 49 1
50 67 1
67 50 1
50 105 -1
105 50 -1
50 256 -1
256 50 -1
50 259 1
259 50 1
50 279 -1
279 50 -1
50 317 1
317 50 1
50 355 1
355 50 1
50 435 1
435 50 1
50 486 -1
486 50 -1
51 84 1
84 51 1
51 149 1
149 51 1
51 158 1
158 51 1
51 228 1
228 51 1
51 245 1
245 51 1
51 273 -1
273 51 -1
51 367 1
367 51 1
51 389 1
389 51 1
51 413 1
413 51 1
51 437 1
437 51 1
52 62 -1
62 52 -1
52 130 1
130 52 1
52 187 1
187 52 1
52 190 1
190 52 1
52 218 1
218 52 1
52 229 1
229 52 1
52 269 1
269 52 1
52 313 1
313 52 1
52 339 -1
339 52 -1
52 366 1
366 52 1
52 381 1
381 52 1
52 432 1
432 52 1
53 59 1
59 53 1
53 132 1
132 53 1
53 151 1
151 53 1
53 159 1
159 53 1
53 388 -1
388 53 -1
53 429 1
429 53 1
53 443 1
443 53 1
53 456 1
456 53 1
53 459 1
459 53 1
53 469 1
469 53 1
53 487 1
487 53 1
54 69 -1
69 54 -1
54 75 1
75 54 1
54 92 -1
92 54 -1
54 122 1
122 54 1
54 124 1
124 54 1
54 127 -1
127 54 -1
54 131 1
131 54 1
54 157 1
157 54 1
54 171 1
171 54 1
54 173 -1
173 54 -1
54 174 -1
174 54 -1
54 182 1
182 54 1
54 196 1
196 54 1
54 198 1
198 54 1
54 237 1
237 54 1
54 240 1
240 54 1
54 295 1
295 54 1
54 334 -1
334 54 -1
54 345 1
345 54 1
54 405 -1
405 54 -1
54 412 1
412 54 1
54 428 1
428 54 1
54 455 1
455 54 1
55 206 1
206 55 1
55 222 1
222 55 1
55 244 1
244 55 1
55 287 1
287 55 1
55 362 -1
362 55 -1
55 446 -1
446 55 -1
55 483 1
483 55 1
55 496 1
496 55 1
56 64 -1
64 56 -1
56 127 1
127 56 1
56 153 1
153 56 1
56 173 1
173 56 1
56 257 1
257 56 1
56 351 1
351 56 1
56 399 -1
399 56 -1
56 454 1
454 56 1
56 470 1
470 56 1
57 107 -1
107 57 -1
57 115 1
115 57 1
57 150 1
150 57 1
57 199 1
199 57 1
57 207 1
207 57 1
57 262 1
262 57 1
57 313 -1
313 57 -1
57 314 1
314 57 1
57 384 -1
384 57 -1
57 398 -1
398 57 -1
57 458 1
458 57 1
58 89 1
89 58 1
58 96 1
96 58 1
58 179 1
179 58 1
58 180 1
180 58 1
58 203 -1
203 58 -1
58 217 1
217 58 1
58 244 1
244 58 1
58 465 1
465 58 1
58 483 1
483 58 1
58 484 -1
484 58 -1
58 496 1
496 58 1
59 63 1
63 59 1
59 68 1
68 59 1
59 81 -1
81 59 -1
59 148 -1
148 59 -1
59 165 1
165 59 1
59 168 -1
168 59 -1
59 195 1
195 59 1
59 261 -1
261 59 -1
59 270 1
270 59 1
59 322 1
322 59 1
59 323 1
323 59 1
59 370 -1
370 59 -1
59 377 1
377 59 1
59 378 1
378 59 1
59 387 1
387 59 1
59 390 1
390 59 1
59 392 1
392 59 1
59 394 1
394 59 1
59 404 1
404 59 1
59 426 1
426 59 1
60 61 -1
61 60 -1
60 73 1
73 60 1
60 78 1
78 60 1
60 93 1
93 60 1
60 102 -1
102 60 -1
60 118 1
118 60 1
60 137 1
137 60 1
60 145 1
145 60 1
60 151 -1
151 60 -1
60 156 1
156 60 1
60 162 1
162 60 1
60 163 1
163 60 1
60 175 1
175 60 1
60 200 1
200 60 1
60 202 -1
202 60 -1
60 227 1
227 60 1
60 242 1
242 60 1
60 253 1
253 60 1
60 267 1
267 60 1
60 271 1
271 60 1
60 274 1
274 60 1
60 281 1
281 60 1
60 291 1
291 60 1
60 299 1
299 60 1
60 304 1
304 60 1
60 330 1
330 60 1
60 335 1
335 60 1
60 373 1
373 60 1
60 391 1
391 60 1
60 403 1
403 60 1
60 425 -1
425 60 -1
60 472 1
472 60 1
60 475 -1
475 60 -1
60 484 1
484 60 1
60 485 1
485 60 1
61 73 1
73 61 1
61 78 1
78 61 1
61 93 1
93 61 1
61 102 1
102 61 1
61 118 1
118 61 1
61 120 1
120 61 1
61 137 1
137 61 1
61 145 1
145 61 1
61 156 1
156 61 1
61 162 1
162 61 1
61 175 -1
175 61 -1
61 200 1
200 61 1
61 202 1
202 61 1
61 227 1
227 61 1
61 253 1
253 61 1
61 256 1
256 61 1
61 267 1
267 61 1
61 271 -1
271 61 -1
61 274 -1
274 61 -1
61 278 1
278 61 1
61 281 1
281 61 1
61 291 1
291 61 1
61 299 1
299 61 1
61 304 1
304 61 1
61 315 -1
315 61 -1
61 330 1
330 61 1
61 335 -1
335 61 -1
61 347 -1
347 61 -1
61 391 -1
391 61 -1
61 400 1
400 61 1
61 403 1
403 61 1
61 413 -1
413 61 -1
61 425 1
425 61 1
61 433 1
433 61 1
61 472 1
472 61 1
62 129 1
129 62 1
62 130 1
130 62 1
62 187 1
187 62 1
62 190 1
190 62 1
62 192 1
192 62 1
62 218 1
218 62 1
62 229 1
229 62 1
62 269 1
269 62 1
62 313 1
313 62 1
62 339 -1
339 62 -1
62 366 1
366 62 1
62 368 1
368 62 1
62 377 -1
377 62 -1
62 381 1
381 62 1
62 432 1
432 62 1
62 480 1
480 62 1
62 497 1
497 62 1
63 68 1
68 63 1
63 148 1
148 63 1
63 165 1
165 63 1
63 168 1
168 63 1
63 195 1
195 63 1
63 261 1
261 63 1
63 270 1
270 63 1
63 323 1
323 63 1
63 370 -1
370 63 -1
63 387 1
387 63 1
63 392 1
392 63 1
63 394 1
394 63 1
63 405 1
405 63 1
64 75 1
75 64 1
64 92 -1
92 64 -1
64 122 1
122 64 1
64 124 1
124 64 1
64 157 1
157 64 1
64 171 1
171 64 1
64 174 1
174 64 1
64 182 -1
182 64 -1
64 198 1
198 64 1
64 216 1
216 64 1
64 237 1
237 64 1
64 240 1
240 64 1
64 272 1
272 64 1
64 290 1
290 64 1
64 402 1
402 64 1
64 405 1
405 64 1
64 412 1
412 64 1
64 414 -1
414 64 -1
64 492 1
492 64 1
65 83 1
83 65 1
65 106 1
106 65 1
65 111 -1
111 65 -1
65 112 1
112 65 1
65 116 -1
116 65 -1
65 146 1
146 65 1
65 205 1
205 65 1
65 208 1
208 65 1
65 209 1
209 65 1
65 213 1
213 65 1
65 219 1
219 65 1
65 230 1
230 65 1
65 233 1
233 65 1
65 238 1
238 65 1
65 249 -1
249 65 -1
65 276 1
276 65 1
65 280 1
280 65 1
65 285 1
285 65 1
65 289 1
289 65 1
65 301 1
301 65 1
65 333 1
333 65 1
65 341 1
341 65 1
65 344 -1
344 65 -1
65 349 1
349 65 1
65 350 1
350 65 1
65 379 1
379 65 1
65 382 1
382 65 1
65 383 1
383 65 1
65 410 1
410 65 1
65 417 1
417 65 1
65 439 1
439 65 1
65 442 -1
442 65 -1
65 444 1
444 65 1
65 464 1
464 65 1
65 468 1
468 65 1
65 471 -1
471 65 -1
65 482 1
482 65 1
65 495 1
495 65 1
65 499 1
499 65 1
66 115 1
115 66 1
66 150 1
150 66 1
66 209 -1
209 66 -1
66 214 -1
214 66 -1
66 314 1
314 66 1
66 318 1
318 66 1
66 363 1
363 66 1
66 384 -1
384 66 -1
66 458 1
458 66 1
67 85 1
85 67 1
67 105 -1
105 67 -1
67 142 1
142 67 1
67 147 1
147 67 1
67 191 1
191 67 1
67 258 1
258 67 1
67 259 1
259 67 1
67 319 1
319 67 1
67 353 1
353 67 1
67 355 1
355 67 1
67 358 1
358 67 1
67 363 -1
363 67 -1
67 486 -1
486 67 -1
68 81 -1
81 68 -1
68 165 1
165 68 1
68 168 1
168 68 1
68 195 1
195 68 1
68 261 -1
261 68 -1
68 270 1
270 68 1
68 294 -1
294 68 -1
68 322 1
322 68 1
68 323 1
323 68 1
68 377 1
377 68 1
68 378 -1
378 68 -1
68 387 1
387 68 1
68 390 1
390 68 1
68 392 1
392 68 1
68 394 1
394 68 1
68 404 1
404 68 1
68 426 -1
426 68 -1
68 427 -1
427 68 -1
68 430 1
430 68 1
68 439 -1
439 68 -1
68 467 1
467 68 1
69 75 1
75 69 1
69 92 1
92 69 1
69 122 1
122 69 1
69 124 1
124 69 1
69 157 1
157 69 1
69 171 1
171 69 1
69 174 1
174 69 1
69 182 1
182 69 1
69 198 -1
198 69 -1
69 237 1
237 69 1
69 295 1
295 69 1
69 401 -1
401 69 -1
69 405 -1
405 69 -1
69 412 1
412 69 1
69 428 1
428 69 1
69 466 1
466 69 1
69 497 -1
497 69 -1
70 139 -1
139 70 -1
70 189 1
189 70 1
70 232 1
232 70 1
70 248 1
248 70 1
70 263 1
263 70 1
70 264 -1
264 70 -1
70 282 -1
282 70 -1
70 297 -1
297 70 -1
70 298 1
298 70 1
70 329 1
329 70 1
70 386 -1
386 70 -1
70 397 1
397 70 1
70 447 -1
447 70 -1
70 462 1
462 70 1
70 491 -1
491 70 -1
71 74 1
74 71 1
71 99 1
99 71 1
71 104 1
104 71 1
71 115 1
115 71 1
71 139 -1
139 71 -1
71 150 1
150 71 1
71 177 1
177 71 1
71 194 1
194 71 1
71 199 1
199 71 1
71 207 -1
207 71 -1
71 214 1
214 71 1
71 251 1
251 71 1
71 262 1
262 71 1
71 266 1
266 71 1
71 286 1
286 71 1
71 288 1
288 71 1
71 306 1
306 71 1
71 308 1
308 71 1
71 314 1
314 71 1
71 318 1
318 71 1
71 321 1
321 71 1
71 340 -1
340 71 -1
71 356 1
356 71 1
71 357 -1
357 71 -1
71 363 1
363 71 1
71 372 1
372 71 1
71 375 1
375 71 1
71 384 1
384 71 1
71 385 1
385 71 1
71 398 1
398 71 1
71 408 1
408 71 1
71 458 1
458 71 1
71 461 1
461 71 1
71 481 1
481 71 1
72 110 -1
110 72 -1
72 133 1
133 72 1
72 134 1
134 72 1
72 147 -1
147 72 -1
72 155 1
155 72 1
72 161 1
161 72 1
72 172 1
172 72 1
72 176 1
176 72 1
72 184 1
184 72 1
72 236 1
236 72 1
72 252 1
252 72 1
72 449 1
449 72 1
73 78 1
78 73 1
73 102 1
102 73 1
73 118 1
118 73 1
73 137 1
137 73 1
73 156 1
156 73 1
73 162 1
162 73 1
73 163 1
163 73 1
73 193 1
193 73 1
73 202 1
202 73 1
73 227 1
227 73 1
73 253 1
253 73 1
73 256 1
256 73 1
73 271 1
271 73 1
73 274 1
274 73 1
73 278 1
278 73 1
73 281 1
281 73 1
73 291 1
291 73 1
73 299 -1
299 73 -1
73 304 1
304 73 1
73 315 1
315 73 1
73 330 -1
330 73 -1
73 335 1
335 73 1
73 347 1
347 73 1
73 383 -1
383 73 -1
73 400 1
400 73 1
73 425 1
425 73 1
73 433 1
433 73 1
73 472 1
472 73 1
73 484 1
484 73 1
73 485 1
485 73 1
74 207 1
207 74 1
74 314 1
314 74 1
74 320 1
320 74 1
74 356 -1
356 74 -1
74 357 1
357 74 1
74 363 1
363 74 1
74 384 1
384 74 1
74 385 1
385 74 1
74 408 1
408 74 1
75 92 1
92 75 1
75 122 1
122 75 1
75 124 1
124 75 1
75 126 1
126 75 1
75 131 1
131 75 1
75 133 -1
133 75 -1
75 157 -1
157 75 -1
75 171 1
171 75 1
75 174 1
174 75 1
75 182 1
182 75 1
75 196 1
196 75 1
75 198 1
198 75 1
75 216 1
216 75 1
75 237 1
237 75 1
75 240 1
240 75 1
75 290 1
290 75 1
75 334 1
334 75 1
75 336 -1
336 75 -1
75 345 -1
345 75 -1
75 348 1
348 75 1
75 401 1
401 75 1
75 405 1
405 75 1
75 412 1
412 75 1
75 414 1
414 75 1
75 428 1
428 75 1
75 441 1
441 75 1
75 455 1
455 75 1
75 466 1
466 75 1
75 477 1
477 75 1
75 493 1
493 75 1
75 494 1
494 75 1
76 77 1
77 76 1
76 80 1
80 76 1
76 89 1
89 76 1
76 96 1
96 76 1
76 180 1
180 76 1
76 244 1
244 76 1
76 287 1
287 76 1
76 310 1
310 76 1
76 463 1
463 76 1
76 483 -1
483 76 -1
76 496 1
496 76 1
77 80 1
80 77 1
77 90 1
90 77 1
77 96 1
96 77 1
77 114 1
114 77 1
77 117 1
117 77 1
77 171 1
171 77 1
77 179 1
179 77 1
77 180 -1
180 77 -1
77 181 1
181 77 1
77 203 1
203 77 1
77 206 1
206 77 1
77 217 -1
217 77 -1
77 221 1
221 77 1
77 222 1
222 77 1
77 227 -1
227 77 -1
77 244 1
244 77 1
77 287 1
287 77 1
77 310 -1
310 77 -1
77 446 1
446 77 1
77 463 -1
463 77 -1
77 465 -1
465 77 -1
77 483 1
483 77 1
77 496 -1
496 77 -1
78 93 1
93 78 1
78 102 1
102 78 1
78 118 1
118 78 1
78 120 1
120 78 1
78 137 1
137 78 1
78 145 -1
145 78 -1
78 156 1
156 78 1
78 162 -1
162 78 -1
78 163 1
163 78 1
78 175 -1
175 78 -1
78 193 1
193 78 1
78 200 1
200 78 1
78 202 1
202 78 1
78 227 1
227 78 1
78 242 -1
242 78 -1
78 243 1
243 78 1
78 253 1
253 78 1
78 256 1
256 78 1
78 267 -1
267 78 -1
78 271 -1
271 78 -1
78 274 1
274 78 1
78 278 1
278 78 1
78 281 1
281 78 1
78 291 1
291 78 1
78 299 1
299 78 1
78 304 1
304 78 1
78 315 1
315 78 1
78 327 1
327 78 1
78 330 1
330 78 1
78 335 1
335 78 1
78 347 1
347 78 1
78 373 1
373 78 1
78 391 1
391 78 1
78 400 -1
400 78 -1
78 403 1
403 78 1
78 425 1
425 78 1
78 433 1
433 78 1
78 472 1
472 78 1
78 484 1
484 78 1
78 485 1
485 78 1
79 85 1
85 79 1
79 86 1
86 79 1
79 142 1
142 79 1
79 259 1
259 79 1
79 332 1
332 79 1
79 352 1
352 79 1
79 355 -1
355 79 -1
79 362 1
362 79 1
79 486 1
486 79 1
80 90 1
90 80 1
80 179 1
179 80 1
80 180 1
180 80 1
80 244 1
244 80 1
80 287 1
287 80 1
80 483 1
483 80 1
81 165 1
165 81 1
81 168 1
168 81 1
81 186 -1
186 81 -1
81 195 1
195 81 1
81 387 1
387 81 1
81 392 1
392 81 1
81 426 1
426 81 1
82 110 1
110 82 1
82 133 1
133 82 1
82 134 1
134 82 1
82 143 1
143 82 1
82 161 1
161 82 1
82 170 1
170 82 1
82 178 1
178 82 1
82 184 1
184 82 1
82 252 1
252 82 1
82 328 1
328 82 1
82 423 1
423 82 1
82 449 1
449 82 1
83 111 1
111 83 1
83 112 1
112 83 1
83 116 -1
116 83 -1
83 213 1
213 83 1
83 280 1
280 83 1
83 344 1
344 83 1
83 383 -1
383 83 -1
83 417 1
417 83 1
83 439 1
439 83 1
83 444 -1
444 83 -1
83 493 1
493 83 1
83 499 1
499 83 1
84 228 1
228 84 1
84 273 1
273 84 1
84 293 1
293 84 1
84 316 1
316 84 1
84 325 1
325 84 1
84 367 1
367 84 1
84 389 1
389 84 1
84 413 1
413 84 1
84 437 1
437 84 1
85 105 1
105 85 1
85 136 1
136 85 1
85 147 1
147 85 1
85 191 -1
191 85 -1
85 259 1
259 85 1
85 264 1
264 85 1
85 332 1
332 85 1
85 355 1
355 85 1
85 362 1
362 85 1
85 418 1
418 85 1
85 453 -1
453 85 -1
85 486 1
486 85 1
86 147 1
147 86 1
86 166 1
166 86 1
86 191 1
191 86 1
86 239 1
239 86 1
86 259 -1
259 86 -1
86 317 1
317 86 1
86 353 1
353 86 1
86 355 1
355 86 1
86 486 1
486 86 1
87 125 -1
125 87 -1
87 139 1
139 87 1
87 248 -1
248 87 -1
87 282 1
282 87 1
87 329 1
329 87 1
87 336 1
336 87 1
87 337 1
337 87 1
87 380 1
380 87 1
87 397 1
397 87 1
87 424 -1
424 87 -1
87 447 1
447 87 1
87 462 1
462 87 1
87 491 -1
491 87 -1
88 110 1
110 88 1
88 133 1
133 88 1
88 134 1
134 88 1
88 155 1
155 88 1
88 161 1
161 88 1
88 170 1
170 88 1
88 176 1
176 88 1
88 184 1
184 88 1
88 223 1
223 88 1
88 236 1
236 88 1
88 397 -1
397 88 -1
88 423 1
423 88 1
88 449 1
449 88 1
89 90 1
90 89 1
89 96 1
96 89 1
89 103 1
103 89 1
89 114 1
114 89 1
89 179 1
179 89 1
89 180 1
180 89 1
89 181 1
181 89 1
89 206 1
206 89 1
89 217 1
217 89 1
89 244 -1
244 89 -1
89 270 -1
270 89 -1
89 287 1
287 89 1
89 407 -1
407 89 -1
89 463 1
463 89 1
89 483 1
483 89 1
89 496 1
496 89 1
90 180 1
180 90 1
90 181 -1
181 90 -1
90 203 1
203 90 1
90 206 1
206 90 1
90 221 1
221 90 1
90 244 1
244 90 1
90 287 1
287 90 1
90 310 1
310 90 1
90 463 1
463 90 1
90 483 1
483 90 1
90 496 1
496 90 1
91 127 -1
127 91 -1
91 153 1
153 91 1
91 257 -1
257 91 -1
91 260 1
260 91 1
91 342 1
342 91 1
91 371 1
371 91 1
91 399 1
399 91 1
91 406 -1
406 91 -1
91 416 1
416 91 1
91 422 1
422 91 1
91 454 -1
454 91 -1
91 460 1
460 91 1
91 488 1
488 91 1
92 122 -1
122 92 -1
92 124 1
124 92 1
92 126 1
126 92 1
92 131 1
131 92 1
92 157 -1
157 92 -1
92 163 -1
163 92 -1
92 171 1
171 92 1
92 174 1
174 92 1
92 182 1
182 92 1
92 196 1
196 92 1
92 197 1
197 92 1
92 198 1
198 92 1
92 216 1
216 92 1
92 237 1
237 92 1
92 240 -1
240 92 -1
92 272 1
272 92 1
92 290 1
290 92 1
92 295 1
295 92 1
92 324 -1
324 92 -1
92 334 1
334 92 1
92 335 -1
335 92 -1
92 345 1
345 92 1
92 348 1
348 92 1
92 401 1
401 92 1
92 402 1
402 92 1
92 405 1
405 92 1
92 411 1
411 92 1
92 412 1
412 92 1
92 414 1
414 92 1
92 415 1
415 92 1
92 428 1
428 92 1
92 441 1
441 92 1
92 448 -1
448 92 -1
92 455 1
455 92 1
92 466 1
466 92 1
92 477 1
477 92 1
92 492 1
492 92 1
92 493 1
493 92 1
92 494 -1
494 92 -1
93 118 1
118 93 1
93 137 -1
137 93 -1
93 163 1
163 93 1
93 196 -1
196 93 -1
93 202 1
202 93 1
93 227 1
227 93 1
93 253 -1
253 93 -1
93 274 1
274 93 1
93 281 1
281 93 1
93 299 1
299 93 1
93 373 1
373 93 1
93 425 1
425 93 1
93 485 1
485 93 1
94 169 1
169 94 1
94 232 1
232 94 1
94 329 1
329 94 1
94 336 1
336 94 1
94 360 -1
360 94 -1
94 397 1
397 94 1
94 462 1
462 94 1
95 108 1
108 95 1
95 127 -1
127 95 -1
95 153 1
153 95 1
95 206 -1
206 95 -1
95 257 1
257 95 1
95 300 1
300 95 1
95 342 1
342 95 1
95 359 1
359 95 1
95 399 1
399 95 1
95 422 1
422 95 1
95 454 1
454 95 1
95 488 1
488 95 1
96 103 1
103 96 1
96 180 1
180 96 1
96 181 1
181 96 1
96 217 1
217 96 1
96 222 -1
222 96 -1
96 244 -1
244 96 -1
96 287 1
287 96 1
96 463 1
463 96 1
96 483 1
483 96 1
97 139 1
139 97 1
97 232 -1
232 97 -1
97 329 1
329 97 1
97 346 1
346 97 1
97 360 1
360 97 1
97 386 -1
386 97 -1
97 439 -1
439 97 -1
97 447 1
447 97 1
97 462 1
462 97 1
98 121 1
121 98 1
98 139 1
139 98 1
98 189 1
189 98 1
98 232 1
232 98 1
98 248 1
248 98 1
98 329 1
329 98 1
98 380 1
380 98 1
98 447 1
447 98 1
98 462 -1
462 98 -1
99 115 1
115 99 1
99 150 1
150 99 1
99 199 1
199 99 1
99 262 1
262 99 1
99 306 1
306 99 1
99 314 1
314 99 1
99 318 1
318 99 1
99 356 1
356 99 1
99 363 1
363 99 1
99 458 1
458 99 1
100 110 -1
110 100 -1
100 134 -1
134 100 -1
100 143 1
143 100 1
100 161 1
161 100 1
100 172 1
172 100 1
100 176 1
176 100 1
100 184 1
184 100 1
100 236 1
236 100 1
100 369 -1
369 100 -1
100 449 1
449 100 1
101 189 1
189 101 1
101 232 1
232 101 1
101 329 -1
329 101 -1
101 346 -1
346 101 -1
101 360 1
360 101 1
101 374 1
374 101 1
101 447 1
447 101 1
101 491 -1
491 101 -1
102 118 1
118 102 1
102 120 1
120 102 1
102 137 1
137 102 1
102 145 1
145 102 1
102 156 1
156 102 1
102 200 1
200 102 1
102 202 1
202 102 1
102 267 -1
267 102 -1
102 274 1
274 102 1
102 281 1
281 102 1
102 291 1
291 102 1
102 299 1
299 102 1
102 347 1
347 102 1
102 403 1
403 102 1
102 472 1
472 102 1
102 484 1
484 102 1
103 180 1
180 103 1
103 206 1
206 103 1
103 217 1
217 103 1
103 244 1
244 103 1
103 287 -1
287 103 -1
103 463 1
463 103 1
103 483 1
483 103 1
104 115 1
115 104 1
104 150 -1
150 104 -1
104 194 -1
194 104 -1
104 214 1
214 104 1
104 314 1
314 104 1
104 318 1
318 104 1
104 356 1
356 104 1
104 357 1
357 104 1
104 384 -1
384 104 -1
104 458 1
458 104 1
105 113 1
113 105 1
105 142 1
142 105 1
105 166 1
166 105 1
105 191 -1
191 105 -1
105 224 1
224 105 1
105 239 1
239 105 1
105 259 -1
259 105 -1
105 264 1
264 105 1
105 279 1
279 105 1
105 302 1
302 105 1
105 317 1
317 105 1
105 319 1
319 105 1
105 332 1
332 105 1
105 352 -1
352 105 -1
105 355 1
355 105 1
105 362 1
362 105 1
105 376 1
376 105 1
105 453 1
453 105 1
105 486 -1
486 105 -1
106 213 1
213 106 1
106 280 1
280 106 1
106 333 1
333 106 1
106 344 1
344 106 1
106 350 1
350 106 1
106 383 -1
383 106 -1
106 417 1
417 106 1
106 442 1
442 106 1
106 444 1
444 106 1
106 457 1
457 106 1
106 482 -1
482 106 -1
106 499 1
499 106 1
107 110 -1
110 107 -1
107 115 1
115 107 1
107 141 1
141 107 1
107 150 -1
150 107 -1
107 194 -1
194 107 -1
107 199 -1
199 107 -1
107 210 1
210 107 1
107 214 1
214 107 1
107 235 1
235 107 1
107 262 1
262 107 1
107 266 1
266 107 1
107 286 1
286 107 1
107 288 1
288 107 1
107 314 1
314 107 1
107 318 1
318 107 1
107 356 1
356 107 1
107 357 1
357 107 1
107 363 1
363 107 1
107 372 1
372 107 1
107 384 -1
384 107 -1
107 385 1
385 107 1
107 398 1
398 107 1
107 408 1
408 107 1
107 458 -1
458 107 -1
108 119 1
119 108 1
108 137 1
137 108 1
108 144 1
144 108 1
108 173 1
173 108 1
108 257 1
257 108 1
108 260 -1
260 108 -1
108 359 -1
359 108 -1
108 371 1
371 108 1
108 399 1
399 108 1
108 454 1
454 108 1
108 474 1
474 108 1
108 490 1
490 108 1
109 128 -1
128 109 -1
109 212 1
212 109 1
109 283 -1
283 109 -1
109 305 1
305 109 1
109 365 1
365 109 1
109 478 1
478 109 1
109 498 1
498 109 1
110 133 1
133 110 1
110 134 1
134 110 1
110 143 -1
143 110 -1
110 154 1
154 110 1
110 155 1
155 110 1
110 161 1
161 110 1
110 170 1
170 110 1
110 172 1
172 110 1
110 176 1
176 110 1
110 178 1
178 110 1
110 184 1
184 110 1
110 223 1
223 110 1
110 252 1
252 110 1
110 328 -1
328 110 -1
110 423 -1
423 110 -1
110 449 -1
449 110 -1
111 116 1
116 111 1
111 205 1
205 111 1
111 209 1
209 111 1
111 213 1
213 111 1
111 249 1
249 111 1
111 276 1
276 111 1
111 280 1
280 111 1
111 285 1
285 111 1
111 289 1
289 111 1
111 341 1
341 111 1
111 344 -1
344 111 -1
111 349 1
349 111 1
111 350 1
350 111 1
111 379 1
379 111 1
111 382 1
382 111 1
111 383 1
383 111 1
111 410 1
410 111 1
111 417 1
417 111 1
111 439 1
439 111 1
111 442 1
442 111 1
111 444 1
444 111 1
111 464 -1
464 111 -1
111 471 1
471 111 1
111 482 1
482 111 1
111 486 -1
486 111 -1
111 495 1
495 111 1
112 116 1
116 112 1
112 209 1
209 112 1
112 213 1
213 112 1
112 230 1
230 112 1
112 233 -1
233 112 -1
112 249 1
249 112 1
112 276 1
276 112 1
112 280 -1
280 112 -1
112 285 1
285 112 1
112 333 1
333 112 1
112 338 1
338 112 1
112 344 1
344 112 1
112 349 1
349 112 1
112 350 -1
350 112 -1
112 383 1
383 112 1
112 400 -1
400 112 -1
112 410 1
410 112 1
112 417 1
417 112 1
112 439 1
439 112 1
112 444 1
444 112 1
112 471 1
471 112 1
112 482 1
482 112 1
112 499 1
499 112 1
113 138 1
138 113 1
113 264 -1
264 113 -1
113 317 1
317 113 1
113 319 1
319 113 1
113 331 1
331 113 1
113 352 1
352 113 1
113 385 -1
385 113 -1
113 486 1
486 113 1
114 180 -1
180 114 -1
114 203 1
203 114 1
114 244 -1
244 114 -1
114 287 1
287 114 1
114 463 1
463 114 1
114 483 1
483 114 1
114 496 1
496 114 1
115 150 1
150 115 1
115 177 1
177 115 1
115 194 1
194 115 1
115 199 1
199 115 1
115 207 1
207 115 1
115 214 1
214 115 1
115 220 1
220 115 1
115 235 1
235 115 1
115 262 1
262 115 1
115 263 -1
263 115 -1
115 266 1
266 115 1
115 286 -1
286 115 -1
115 288 1
288 115 1
115 314 1
314 115 1
115 318 1
318 115 1
115 320 1
320 115 1
115 321 1
321 115 1
115 354 1
354 115 1
115 356 1
356 115 1
115 363 1
363 115 1
115 372 1
372 115 1
115 375 1
375 115 1
115 384 1
384 115 1
115 385 1
385 115 1
115 398 1
398 115 1
115 408 1
408 115 1
115 419 1
419 115 1
115 457 -1
457 115 -1
115 458 1
458 115 1
115 461 1
461 115 1
115 481 1
481 115 1
115 486 -1
486 115 -1
116 213 -1
213 116 -1
116 234 1
234 116 1
116 238 -1
238 116 -1
116 249 1
249 116 1
116 280 -1
280 116 -1
116 285 1
285 116 1
116 338 1
338 116 1
116 344 1
344 116 1
116 349 1
349 116 1
116 350 1
350 116 1
116 383 1
383 116 1
116 409 1
409 116 1
116 410 1
410 116 1
116 417 1
417 116 1
116 439 1
439 116 1
116 444 1
444 116 1
116 482 1
482 116 1
116 494 -1
494 116 -1
116 499 -1
499 116 -1
117 180 -1
180 117 -1
117 196 -1
196 117 -1
117 206 1
206 117 1
117 217 1
217 117 1
117 244 1
244 117 1
117 463 1
463 117 1
117 483 -1
483 117 -1
118 137 1
137 118 1
118 156 1
156 118 1
118 158 1
158 118 1
118 163 1
163 118 1
118 175 1
175 118 1
118 193 1
193 118 1
118 200 1
200 118 1
118 202 -1
202 118 -1
118 227 -1
227 118 -1
118 242 1
242 118 1
118 253 1
253 118 1
118 256 1
256 118 1
118 267 1
267 118 1
118 274 1
274 118 1
118 278 -1
278 118 -1
118 281 1
281 118 1
118 291 1
291 118 1
118 299 1
299 118 1
118 304 1
304 118 1
118 315 1
315 118 1
118 330 1
330 118 1
118 335 1
335 118 1
118 347 1
347 118 1
118 355 -1
355 118 -1
118 373 1
373 118 1
118 400 1
400 118 1
118 425 1
425 118 1
118 433 1
433 118 1
118 437 1
437 118 1
118 472 1
472 118 1
118 484 1
484 118 1
118 485 -1
485 118 -1
119 123 1
123 119 1
119 127 1
127 119 1
119 152 1
152 119 1
119 153 1
153 119 1
119 154 1
154 119 1
119 167 1
167 119 1
119 173 1
173 119 1
119 241 1
241 119 1
119 257 -1
257 119 -1
119 260 1
260 119 1
119 342 1
342 119 1
119 351 1
351 119 1
119 371 1
371 119 1
119 399 1
399 119 1
119 406 1
406 119 1
119 420 1
420 119 1
119 454 1
454 119 1
119 460 1
460 119 1
119 479 1
479 119 1
120 137 1
137 120 1
120 156 -1
156 120 -1
120 162 1
162 120 1
120 202 1
202 120 1
120 227 1
227 120 1
120 253 1
253 120 1
120 267 1
267 120 1
120 271 1
271 120 1
120 274 1
274 120 1
120 281 1
281 120 1
120 335 -1
335 120 -1
120 347 1
347 120 1
120 400 1
400 120 1
120 478 -1
478 120 -1
120 485 1
485 120 1
121 169 -1
169 121 -1
121 215 1
215 121 1
121 226 1
226 121 1
121 329 1
329 121 1
121 397 -1
397 121 -1
121 447 1
447 121 1
122 124 1
124 122 1
122 126 1
126 122 1
122 127 -1
127 122 -1
122 131 1
131 122 1
122 157 1
157 122 1
122 171 1
171 122 1
122 174 1
174 122 1
122 182 1
182 122 1
122 196 1
196 122 1
122 197 1
197 122 1
122 198 1
198 122 1
122 237 1
237 122 1
122 272 1
272 122 1
122 290 -1
290 122 -1
122 295 -1
295 122 -1
122 334 -1
334 122 -1
122 345 1
345 122 1
122 348 1
348 122 1
122 396 1
396 122 1
122 401 1
401 122 1
122 405 -1
405 122 -1
122 412 1
412 122 1
122 414 1
414 122 1
122 428 1
428 122 1
122 441 1
441 122 1
122 448 1
448 122 1
122 455 1
455 122 1
122 466 1
466 122 1
122 492 1
492 122 1
122 494 1
494 122 1
123 127 1
127 123 1
123 173 1
173 123 1
123 241 1
241 123 1
123 257 1
257 123 1
123 260 1
260 123 1
123 359 1
359 123 1
123 399 1
399 123 1
123 406 1
406 123 1
123 434 -1
434 123 -1
123 454 1
454 123 1
123 474 1
474 123 1
123 475 1
475 123 1
123 488 1
488 123 1
124 131 1
131 124 1
124 139 -1
139 124 -1
124 157 1
157 124 1
124 171 1
171 124 1
124 174 1
174 124 1
124 182 1
182 124 1
124 196 1
196 124 1
124 198 1
198 124 1
124 237 1
237 124 1
124 290 1
290 124 1
124 295 1
295 124 1
124 334 -1
334 124 -1
124 348 1
348 124 1
124 404 -1
404 124 -1
124 405 -1
405 124 -1
124 411 1
411 124 1
124 412 1
412 124 1
124 455 1
455 124 1
124 466 -1
466 124 -1
124 477 1
477 124 1
124 492 -1
492 124 -1
125 158 1
158 125 1
125 183 1
183 125 1
125 228 1
228 125 1
125 245 -1
245 125 -1
125 247 1
247 125 1
125 275 -1
275 125 -1
125 325 1
325 125 1
125 389 1
389 125 1
125 413 -1
413 125 -1
125 476 1
476 125 1
126 131 1
131 126 1
126 157 1
157 126 1
126 171 1
171 126 1
126 174 1
174 126 1
126 182 1
182 126 1
126 198 -1
198 126 -1
126 240 1
240 126 1
126 348 1
348 126 1
126 405 1
405 126 1
126 412 -1
412 126 -1
127 140 1
140 127 1
127 144 1
144 127 1
127 153 1
153 127 1
127 167 1
167 127 1
127 173 1
173 127 1
127 241 1
241 127 1
127 257 1
257 127 1
127 260 1
260 127 1
127 300 1
300 127 1
127 342 -1
342 127 -1
127 359 1
359 127 1
127 371 1
371 127 1
127 399 -1
399 127 -1
127 406 1
406 127 1
127 420 1
420 127 1
127 454 1
454 127 1
127 460 1
460 127 1
127 470 1
470 127 1
127 474 1
474 127 1
127 475 -1
475 127 -1
127 488 1
488 127 1
127 490 -1
490 127 -1
128 135 1
135 128 1
128 160 1
160 128 1
128 164 1
164 128 1
128 201 1
201 128 1
128 204 -1
204 128 -1
128 211 1
211 128 1
128 212 1
212 128 1
128 283 1
283 128 1
128 296 1
296 128 1
128 303 1
303 128 1
128 307 -1
307 128 -1
128 311 1
311 128 1
128 327 1
327 128 1
128 343 1
343 128 1
128 365 1
365 128 1
128 438 1
438 128 1
128 452 1
452 128 1
128 455 -1
455 128 -1
128 478 1
478 128 1
128 498 1
498 128 1
129 130 1
130 129 1
129 186 1
186 129 1
129 187 1
187 129 1
129 218 1
218 129 1
129 269 1
269 129 1
129 313 -1
313 129 -1
129 346 -1
346 129 -1
129 364 1
364 129 1
129 366 1
366 129 1
129 368 1
368 129 1
129 381 1
381 129 1
129 432 1
432 129 1
129 480 1
480 129 1
130 187 1
187 130 1
130 190 1
190 130 1
130 218 1
218 130 1
130 229 -1
229 130 -1
130 269 1
269 130 1
130 313 1
313 130 1
130 363 1
363 130 1
130 364 1
364 130 1
130 366 1
366 130 1
130 381 1
381 130 1
130 432 -1
432 130 -1
130 497 1
497 130 1
131 157 -1
157 131 -1
131 171 1
171 131 1
131 174 1
174 131 1
131 182 -1
182 131 -1
131 196 1
196 131 1
131 198 1
198 131 1
131 216 1
216 131 1
131 237 -1
237 131 -1
131 290 1
290 131 1
131 295 1
295 131 1
131 296 -1
296 131 -1
131 334 -1
334 131 -1
131 348 1
348 131 1
131 405 -1
405 131 -1
131 412 1
412 131 1
131 428 1
428 131 1
131 441 1
441 131 1
132 159 1
159 132 1
132 231 1
231 132 1
132 265 1
265 132 1
132 326 1
326 132 1
132 388 1
388 132 1
132 443 -1
443 132 -1
132 456 1
456 132 1
132 459 1
459 132 1
132 469 1
469 132 1
132 487 1
487 132 1
133 134 -1
134 133 -1
133 143 -1
143 133 -1
133 154 1
154 133 1
133 155 1
155 133 1
133 161 1
161 133 1
133 170 1
170 133 1
133 172 1
172 133 1
133 176 1
176 133 1
133 178 1
178 133 1
133 184 1
184 133 1
133 223 1
223 133 1
133 236 1
236 133 1
133 252 1
252 133 1
133 328 1
328 133 1
133 395 1
395 133 1
133 423 1
423 133 1
133 449 1
449 133 1
134 143 1
143 134 1
134 155 1
155 134 1
134 161 1
161 134 1
134 170 1
170 134 1
134 172 1
172 134 1
134 176 1
176 134 1
134 178 1
178 134 1
134 184 1
184 134 1
134 187 -1
187 134 -1
134 223 -1
223 134 -1
134 236 1
236 134 1
134 252 1
252 134 1
134 328 -1
328 134 -1
134 395 1
395 134 1
134 423 1
423 134 1
134 449 1
449 134 1
135 160 1
160 135 1
135 164 1
164 135 1
135 188 1
188 135 1
135 201 1
201 135 1
135 204 1
204 135 1
135 207 -1
207 135 -1
135 211 1
211 135 1
135 212 1
212 135 1
135 225 -1
225 135 -1
135 268 1
268 135 1
135 283 1
283 135 1
135 292 1
292 135 1
135 296 1
296 135 1
135 303 1
303 135 1
135 305 -1
305 135 -1
135 311 1
311 135 1
135 327 1
327 135 1
135 343 1
343 135 1
135 365 1
365 135 1
135 438 1
438 135 1
135 452 1
452 135 1
135 478 1
478 135 1
135 498 1
498 135 1
136 147 1
147 136 1
136 258 1
258 136 1
136 317 1
317 136 1
136 319 1
319 136 1
136 355 -1
355 136 -1
136 358 1
358 136 1
136 486 1
486 136 1
137 145 1
145 137 1
137 156 1
156 137 1
137 162 1
162 137 1
137 163 1
163 137 1
137 175 1
175 137 1
137 193 1
193 137 1
137 200 -1
200 137 -1
137 202 1
202 137 1
137 227 1
227 137 1
137 233 -1
233 137 -1
137 242 1
242 137 1
137 243 1
243 137 1
137 253 1
253 137 1
137 256 1
256 137 1
137 267 1
267 137 1
137 271 1
271 137 1
137 274 1
274 137 1
137 278 1
278 137 1
137 281 -1
281 137 -1
137 291 1
291 137 1
137 299 1
299 137 1
137 304 1
304 137 1
137 315 1
315 137 1
137 330 1
330 137 1
137 335 1
335 137 1
137 347 1
347 137 1
137 373 1
373 137 1
137 391 1
391 137 1
137 400 1
400 137 1
137 403 1
403 137 1
137 425 -1
425 137 -1
137 433 1
433 137 1
137 454 -1
454 137 -1
137 485 1
485 137 1
138 142 1
142 138 1
138 147 1
147 138 1
138 264 1
264 138 1
138 317 1
317 138 1
138 355 -1
355 138 -1
138 358 1
358 138 1
138 362 1
362 138 1
138 435 1
435 138 1
138 486 -1
486 138 -1
139 169 1
169 139 1
139 189 1
189 139 1
139 215 1
215 139 1
139 226 1
226 139 1
139 232 1
232 139 1
139 248 1
248 139 1
139 254 1
254 139 1
139 263 -1
263 139 -1
139 277 -1
277 139 -1
139 284 1
284 139 1
139 298 -1
298 139 -1
139 329 1
329 139 1
139 336 1
336 139 1
139 346 1
346 139 1
139 360 1
360 139 1
139 374 -1
374 139 -1
139 380 1
380 139 1
139 386 1
386 139 1
139 397 1
397 139 1
139 424 1
424 139 1
139 447 1
447 139 1
139 450 1
450 139 1
139 462 1
462 139 1
139 489 1
489 139 1
139 491 1
491 139 1
140 260 1
260 140 1
140 399 1
399 140 1
140 420 -1
420 140 -1
140 422 -1
422 140 -1
140 454 -1
454 140 -1
140 460 1
460 140 1
140 475 1
475 140 1
140 479 1
479 140 1
140 488 1
488 140 1
141 150 1
150 141 1
141 199 1
199 141 1
141 286 1
286 141 1
141 318 1
318 141 1
141 321 -1
321 141 -1
141 363 1
363 141 1
141 408 1
408 141 1
141 458 1
458 141 1
142 147 1
147 142 1
142 180 -1
180 142 -1
142 239 1
239 142 1
142 259 1
259 142 1
142 279 1
279 142 1
142 317 1
317 142 1
142 324 -1
324 142 -1
142 352 1
352 142 1
142 355 1
355 142 1
142 356 -1
356 142 -1
142 362 1
362 142 1
142 376 1
376 142 1
142 486 1
486 142 1
143 161 1
161 143 1
143 170 1
170 143 1
143 172 1
172 143 1
143 176 1
176 143 1
143 178 1
178 143 1
143 184 -1
184 143 -1
143 223 -1
223 143 -1
143 236 1
236 143 1
143 248 -1
248 143 -1
143 328 1
328 143 1
143 423 1
423 143 1
143 449 1
449 143 1
144 153 1
153 144 1
144 260 1
260 144 1
144 371 1
371 144 1
144 399 -1
399 144 -1
144 406 -1
406 144 -1
144 458 -1
458 144 -1
144 475 1
475 144 1
145 156 1
156 145 1
145 202 1
202 145 1
145 256 1
256 145 1
145 267 1
267 145 1
145 274 1
274 145 1
145 281 1
281 145 1
145 291 1
291 145 1
145 299 1
299 145 1
145 320 1
320 145 1
145 330 1
330 145 1
145 347 1
347 145 1
145 472 1
472 145 1
145 485 1
485 145 1
146 213 -1
213 146 -1
146 219 1
219 146 1
146 280 1
280 146 1
146 344 1
344 146 1
146 349 1
349 146 1
146 383 1
383 146 1
146 417 1
417 146 1
146 439 1
439 146 1
146 442 1
442 146 1
146 444 -1
444 146 -1
146 482 1
482 146 1
146 499 1
499 146 1
147 166 1
166 147 1
147 191 1
191 147 1
147 224 -1
224 147 -1
147 258 1
258 147 1
147 259 1
259 147 1
147 264 1
264 147 1
147 279 1
279 147 1
147 317 1
317 147 1
147 319 1
319 147 1
147 324 1
324 147 1
147 331 1
331 147 1
147 352 1
352 147 1
147 353 1
353 147 1
147 355 1
355 147 1
147 358 1
358 147 1
147 362 -1
362 147 -1
147 418 1
418 147 1
147 453 1
453 147 1
147 486 1
486 147 1
148 165 1
165 148 1
148 168 -1
168 148 -1
148 270 1
270 148 1
148 294 1
294 148 1
148 323 1
323 148 1
148 342 1
342 148 1
148 370 1
370 148 1
148 387 1
387 148 1
148 426 1
426 148 1
149 183 1
183 149 1
149 228 1
228 149 1
149 245 1
245 149 1
149 273 1
273 149 1
149 275 1
275 149 1
149 367 1
367 149 1
149 389 -1
389 149 -1
149 437 1
437 149 1
149 451 -1
451 149 -1
150 177 1
177 150 1
150 194 1
194 150 1
150 199 -1
199 150 -1
150 207 1
207 150 1
150 210 1
210 150 1
150 214 -1
214 150 -1
150 220 1
220 150 1
150 235 1
235 150 1
150 251 1
251 150 1
150 262 1
262 150 1
150 266 1
266 150 1
150 286 1
286 150 1
150 288 1
288 150 1
150 306 -1
306 150 -1
150 308 1
308 150 1
150 314 1
314 150 1
150 318 -1
318 150 -1
150 320 1
320 150 1
150 340 1
340 150 1
150 354 1
354 150 1
150 356 1
356 150 1
150 357 1
357 150 1
150 363 -1
363 150 -1
150 372 1
372 150 1
150 375 1
375 150 1
150 383 1
383 150 1
150 384 1
384 150 1
150 385 1
385 150 1
150 398 1
398 150 1
150 403 -1
403 150 -1
150 407 1
407 150 1
150 408 1
408 150 1
150 419 1
419 150 1
150 457 1
457 150 1
150 458 -1
458 150 -1
150 461 1
461 150 1
150 481 1
481 150 1
151 159 1
159 151 1
151 231 1
231 151 1
151 246 1
246 151 1
151 265 1
265 151 1
151 388 1
388 151 1
151 429 1
429 151 1
151 443 1
443 151 1
151 445 1
445 151 1
151 456 1
456 151 1
151 459 -1
459 151 -1
151 469 1
469 151 1
151 473 1
473 151 1
151 487 1
487 151 1
152 257 1
257 152 1
152 371 1
371 152 1
152 399 1
399 152 1
152 422 1
422 152 1
152 454 1
454 152 1
152 460 1
460 152 1
152 474 1
474 152 1
153 167 1
167 153 1
153 173 1
173 153 1
153 241 1
241 153 1
153 257 1
257 153 1
153 260 1
260 153 1
153 342 -1
342 153 -1
153 351 -1
351 153 -1
153 371 1
371 153 1
153 392 -1
392 153 -1
153 399 1
399 153 1
153 406 1
406 153 1
153 416 -1
416 153 -1
153 422 1
422 153 1
153 434 1
434 153 1
153 454 1
454 153 1
153 460 -1
460 153 -1
153 474 1
474 153 1
153 475 1
475 153 1
153 488 1
488 153 1
154 155 1
155 154 1
154 161 1
161 154 1
154 170 1
170 154 1
154 176 1
176 154 1
154 184 1
184 154 1
154 423 1
423 154 1
154 449 1
449 154 1
155 161 1
161 155 1
155 176 1
176 155 1
155 184 1
184 155 1
155 443 -1
443 155 -1
155 449 1
449 155 1
156 162 1
162 156 1
156 163 1
163 156 1
156 176 -1
176 156 -1
156 200 -1
200 156 -1
156 202 1
202 156 1
156 227 1
227 156 1
156 253 1
253 156 1
156 256 1
256 156 1
156 267 1
267 156 1
156 271 1
271 156 1
156 274 -1
274 156 -1
156 281 1
281 156 1
156 291 1
291 156 1
156 330 1
330 156 1
156 347 1
347 156 1
156 400 1
400 156 1
156 472 1
472 156 1
156 484 1
484 156 1
156 485 1
485 156 1
157 166 1
166 157 1
157 171 1
171 157 1
157 174 -1
174 157 -1
157 182 1
182 157 1
157 196 1
196 157 1
157 197 -1
197 157 -1
157 198 1
198 157 1
157 214 -1
214 157 -1
157 216 1
216 157 1
157 237 1
237 157 1
157 240 1
240 157 1
157 272 1
272 157 1
157 290 1
290 157 1
157 295 1
295 157 1
157 334 1
334 157 1
157 345 1
345 157 1
157 348 1
348 157 1
157 396 1
396 157 1
157 402 1
402 157 1
157 405 -1
405 157 -1
157 411 1
411 157 1
157 412 1
412 157 1
157 415 1
415 157 1
157 441 -1
441 157 -1
157 455 1
455 157 1
157 477 1
477 157 1
157 493 1
493 157 1
157 494 1
494 157 1
158 183 1
183 158 1
158 228 -1
228 158 -1
158 245 -1
245 158 -1
158 273 -1
273 158 -1
158 275 -1
275 158 -1
158 389 -1
389 158 -1
158 413 1
413 158 1
158 437 1
437 158 1
158 476 1
476 158 1
159 246 1
246 159 1
159 326 1
326 159 1
159 361 -1
361 159 -1
159 388 1
388 159 1
159 421 1
421 159 1
159 429 1
429 159 1
159 441 -1
441 159 -1
159 443 -1
443 159 -1
159 445 1
445 159 1
159 459 1
459 159 1
159 469 1
469 159 1
159 473 1
473 159 1
159 487 1
487 159 1
160 201 -1
201 160 -1
160 204 -1
204 160 -1
160 211 1
211 160 1
160 225 1
225 160 1
160 268 1
268 160 1
160 283 1
283 160 1
160 292 1
292 160 1
160 303 1
303 160 1
160 305 1
305 160 1
160 329 -1
329 160 -1
160 365 1
365 160 1
160 438 -1
438 160 -1
160 478 1
478 160 1
160 498 1
498 160 1
161 170 1
170 161 1
161 172 1
172 161 1
161 176 1
176 161 1
161 178 1
178 161 1
161 184 1
184 161 1
161 223 1
223 161 1
161 236 1
236 161 1
161 252 1
252 161 1
161 328 -1
328 161 -1
161 395 1
395 161 1
161 423 1
423 161 1
161 449 1
449 161 1
161 473 -1
473 161 -1
162 163 1
163 162 1
162 175 1
175 162 1
162 202 1
202 162 1
162 227 1
227 162 1
162 253 1
253 162 1
162 267 1
267 162 1
162 274 1
274 162 1
162 278 1
278 162 1
162 281 1
281 162 1
162 291 1
291 162 1
162 299 1
299 162 1
162 304 -1
304 162 -1
162 330 1
330 162 1
162 335 1
335 162 1
162 347 1
347 162 1
162 391 1
391 162 1
162 425 1
425 162 1
162 472 1
472 162 1
163 175 1
175 163 1
163 200 1
200 163 1
163 202 1
202 163 1
163 227 1
227 163 1
163 242 1
242 163 1
163 243 1
243 163 1
163 253 1
253 163 1
163 256 1
256 163 1
163 267 1
267 163 1
163 271 1
271 163 1
163 274 -1
274 163 -1
163 281 1
281 163 1
163 291 1
291 163 1
163 299 1
299 163 1
163 304 1
304 163 1
163 330 1
330 163 1
163 347 1
347 163 1
163 400 1
400 163 1
163 425 1
425 163 1
163 438 -1
438 163 -1
163 484 1
484 163 1
164 201 1
201 164 1
164 225 1
225 164 1
164 268 1
268 164 1
164 283 1
283 164 1
164 303 1
303 164 1
164 343 1
343 164 1
164 365 -1
365 164 -1
164 452 1
452 164 1
164 478 1
478 164 1
165 168 1
168 165 1
165 185 1
185 165 1
165 195 1
195 165 1
165 261 1
261 165 1
165 270 1
270 165 1
165 323 -1
323 165 -1
165 357 -1
357 165 -1
165 370 1
370 165 1
165 387 1
387 165 1
165 390 1
390 165 1
165 392 -1
392 165 -1
165 394 1
394 165 1
165 404 1
404 165 1
165 426 1
426 165 1
165 427 1
427 165 1
165 430 1
430 165 1
165 467 1
467 165 1
166 259 1
259 166 1
166 317 1
317 166 1
166 319 1
319 166 1
166 355 1
355 166 1
166 362 1
362 166 1
166 393 1
393 166 1
166 418 1
418 166 1
166 435 1
435 166 1
166 453 -1
453 166 -1
167 241 1
241 167 1
167 342 1
342 167 1
167 371 1
371 167 1
167 399 1
399 167 1
167 454 1
454 167 1
167 474 1
474 167 1
167 488 1
488 167 1
168 185 1
185 168 1
168 195 -1
195 168 -1
168 261 1
261 168 1
168 270 1
270 168 1
168 294 1
294 168 1
168 322 1
322 168 1
168 323 1
323 168 1
168 348 -1
348 168 -1
168 370 1
370 168 1
168 377 1
377 168 1
168 378 1
378 168 1
168 387 1
387 168 1
168 392 1
392 168 1
168 404 1
404 168 1
168 426 1
426 168 1
168 427 1
427 168 1
168 430 1
430 168 1
168 467 1
467 168 1
169 215 1
215 169 1
169 232 1
232 169 1
169 254 1
254 169 1
169 255 -1
255 169 -1
169 277 1
277 169 1
169 329 1
329 169 1
169 346 1
346 169 1
169 360 1
360 169 1
169 380 1
380 169 1
169 397 1
397 169 1
169 447 1
447 169 1
169 491 1
491 169 1
170 176 1
176 170 1
170 184 1
184 170 1
170 423 1
423 170 1
170 430 -1
430 170 -1
170 449 1
449 170 1
171 174 -1
174 171 -1
171 182 1
182 171 1
171 196 1
196 171 1
171 197 1
197 171 1
171 198 -1
198 171 -1
171 216 1
216 171 1
171 237 1
237 171 1
171 240 1
240 171 1
171 272 1
272 171 1
171 290 1
290 171 1
171 295 1
295 171 1
171 311 -1
311 171 -1
171 334 1
334 171 1
171 345 1
345 171 1
171 348 1
348 171 1
171 396 1
396 171 1
171 401 1
401 171 1
171 405 1
405 171 1
171 411 1
411 171 1
171 412 1
412 171 1
171 414 1
414 171 1
171 415 -1
415 171 -1
171 428 1
428 171 1
171 441 1
441 171 1
171 448 1
448 171 1
171 455 1
455 171 1
171 466 -1
466 171 -1
171 492 1
492 171 1
171 493 -1
493 171 -1
171 494 1
494 171 1
172 176 1
176 172 1
172 184 1
184 172 1
172 223 -1
223 172 -1
172 252 1
252 172 1
172 449 1
449 172 1
173 241 1
241 173 1
173 250 1
250 173 1
173 257 1
257 173 1
173 260 1
260 173 1
173 342 1
342 173 1
173 399 -1
399 173 -1
173 406 1
406 173 1
173 422 1
422 173 1
173 434 1
434 173 1
173 454 1
454 173 1
173 460 1
460 173 1
174 182 1
182 174 1
174 196 1
196 174 1
174 197 1
197 174 1
174 198 1
198 174 1
174 201 -1
201 174 -1
174 216 1
216 174 1
174 232 -1
232 174 -1
174 237 -1
237 174 -1
174 240 -1
240 174 -1
174 272 1
272 174 1
174 290 1
290 174 1
174 295 1
295 174 1
174 334 1
334 174 1
174 345 1
345 174 1
174 348 1
348 174 1
174 396 -1
396 174 -1
174 401 1
401 174 1
174 402 1
402 174 1
174 405 1
405 174 1
174 411 -1
411 174 -1
174 412 1
412 174 1
174 414 -1
414 174 -1
174 415 1
415 174 1
174 428 1
428 174 1
174 441 1
441 174 1
174 448 -1
448 174 -1
174 455 1
455 174 1
174 466 1
466 174 1
174 492 1
492 174 1
174 494 1
494 174 1
175 202 -1
202 175 -1
175 243 1
243 175 1
175 274 1
274 175 1
175 403 1
403 175 1
175 458 -1
458 175 -1
175 484 -1
484 175 -1
176 178 1
178 176 1
176 184 1
184 176 1
176 223 1
223 176 1
176 236 1
236 176 1
176 252 1
252 176 1
176 328 1
328 176 1
176 395 1
395 176 1
176 423 1
423 176 1
176 449 -1
449 176 -1
177 194 1
194 177 1
177 214 1
214 177 1
177 314 1
314 177 1
177 318 1
318 177 1
177 354 1
354 177 1
177 363 -1
363 177 -1
178 184 1
184 178 1
178 252 1
252 178 1
178 328 1
328 178 1
178 423 -1
423 178 -1
178 449 1
449 178 1
179 180 1
180 179 1
179 203 1
203 179 1
179 221 1
221 179 1
179 244 -1
244 179 -1
179 287 1
287 179 1
179 463 1
463 179 1
179 483 1
483 179 1
179 496 1
496 179 1
180 181 1
181 180 1
180 203 -1
203 180 -1
180 206 1
206 180 1
180 217 1
217 180 1
180 221 1
221 180 1
180 222 1
222 180 1
180 244 1
244 180 1
180 287 1
287 180 1
180 349 -1
349 180 -1
180 446 1
446 180 1
180 463 -1
463 180 -1
180 465 1
465 180 1
180 483 1
483 180 1
181 206 1
206 181 1
181 222 1
222 181 1
181 244 1
244 181 1
181 310 1
310 181 1
181 345 -1
345 181 -1
181 483 -1
483 181 -1
181 496 1
496 181 1
182 196 1
196 182 1
182 198 1
198 182 1
182 216 -1
216 182 -1
182 237 1
237 182 1
182 290 -1
290 182 -1
182 295 -1
295 182 -1
182 334 1
334 182 1
182 339 -1
339 182 -1
182 340 -1
340 182 -1
182 345 1
345 182 1
182 348 -1
348 182 -1
182 396 1
396 182 1
182 401 1
401 182 1
182 402 1
402 182 1
182 405 1
405 182 1
182 411 1
411 182 1
182 412 1
412 182 1
182 414 1
414 182 1
182 428 1
428 182 1
182 441 1
441 182 1
182 455 1
455 182 1
182 466 1
466 182 1
182 477 1
477 182 1
182 493 1
493 182 1
182 494 1
494 182 1
183 228 1
228 183 1
183 245 1
245 183 1
183 247 -1
247 183 -1
183 273 -1
273 183 -1
183 293 1
293 183 1
183 309 1
309 183 1
183 367 -1
367 183 -1
183 389 1
389 183 1
183 413 1
413 183 1
183 437 1
437 183 1
184 223 1
223 184 1
184 236 1
236 184 1
184 252 1
252 184 1
184 280 1
280 184 1
184 328 1
328 184 1
184 395 1
395 184 1
184 423 1
423 184 1
184 449 -1
449 184 -1
184 450 -1
450 184 -1
185 270 -1
270 185 -1
185 377 1
377 185 1
185 378 1
378 185 1
185 387 1
387 185 1
185 394 1
394 185 1
185 412 1
412 185 1
185 426 1
426 185 1
185 467 1
467 185 1
186 187 1
187 186 1
186 190 1
190 186 1
186 192 1
192 186 1
186 229 1
229 186 1
186 269 1
269 186 1
186 339 1
339 186 1
186 368 -1
368 186 -1
187 190 1
190 187 1
187 192 1
192 187 1
187 229 1
229 187 1
187 269 1
269 187 1
187 313 1
313 187 1
187 364 1
364 187 1
187 366 1
366 187 1
187 368 1
368 187 1
187 381 1
381 187 1
187 432 1
432 187 1
187 480 1
480 187 1
187 497 1
497 187 1
188 201 -1
201 188 -1
188 202 -1
202 188 -1
188 268 1
268 188 1
188 283 1
283 188 1
188 305 1
305 188 1
188 307 -1
307 188 -1
188 391 1
391 188 1
188 452 1
452 188 1
188 478 1
478 188 1
188 498 1
498 188 1
189 215 1
215 189 1
189 232 1
232 189 1
189 245 1
245 189 1
189 248 1
248 189 1
189 254 1
254 189 1
189 255 1
255 189 1
189 284 1
284 189 1
189 329 1
329 189 1
189 336 1
336 189 1
189 346 -1
346 189 -1
189 360 1
360 189 1
189 380 1
380 189 1
189 397 1
397 189 1
189 424 1
424 189 1
189 436 1
436 189 1
189 447 1
447 189 1
189 462 1
462 189 1
189 489 1
489 189 1
189 491 1
491 189 1
190 192 1
192 190 1
190 218 1
218 190 1
190 269 1
269 190 1
190 313 1
313 190 1
190 364 1
364 190 1
190 368 1
368 190 1
190 432 1
432 190 1
191 224 1
224 191 1
191 239 1
239 191 1
191 258 1
258 191 1
191 259 1
259 191 1
191 264 1
264 191 1
191 302 1
302 191 1
191 317 1
317 191 1
191 332 1
332 191 1
191 353 1
353 191 1
191 355 1
355 191 1
191 362 1
362 191 1
191 435 1
435 191 1
191 486 1
486 191 1
192 218 1
218 192 1
192 229 1
229 192 1
192 269 -1
269 192 -1
192 313 1
313 192 1
192 339 1
339 192 1
192 364 1
364 192 1
192 432 1
432 192 1
192 480 1
480 192 1
192 496 -1
496 192 -1
192 497 1
497 192 1
193 202 1
202 193 1
193 227 1
227 193 1
193 253 1
253 193 1
193 271 1
271 193 1
193 347 1
347 193 1
193 352 -1
352 193 -1
193 484 -1
484 193 -1
194 199 1
199 194 1
194 207 -1
207 194 -1
194 252 -1
252 194 -1
194 286 1
286 194 1
194 288 1
288 194 1
194 314 1
314 194 1
194 318 1
318 194 1
194 354 1
354 194 1
194 356 1
356 194 1
194 357 1
357 194 1
194 363 1
363 194 1
194 375 1
375 194 1
194 384 1
384 194 1
194 385 1
385 194 1
194 408 1
408 194 1
194 458 1
458 194 1
194 499 1
499 194 1
195 261 -1
261 195 -1
195 270 1
270 195 1
195 323 1
323 195 1
195 332 -1
332 195 -1
195 387 1
387 195 1
195 392 1
392 195 1
195 394 1
394 195 1
195 404 1
404 195 1
195 427 1
427 195 1
196 198 -1
198 196 -1
196 216 1
216 196 1
196 237 -1
237 196 -1
196 240 1
240 196 1
196 290 1
290 196 1
196 295 -1
295 196 -1
196 348 -1
348 196 -1
196 396 1
396 196 1
196 401 1
401 196 1
196 405 1
405 196 1
196 411 1
411 196 1
196 412 -1
412 196 -1
196 415 1
415 196 1
196 428 -1
428 196 -1
196 441 1
441 196 1
196 448 -1
448 196 -1
196 492 1
492 196 1
196 493 1
493 196 1
197 237 1
237 197 1
197 240 -1
240 197 -1
197 334 1
334 197 1
197 345 1
345 197 1
197 405 1
405 197 1
197 412 1
412 197 1
198 216 1
216 198 1
198 237 -1
237 198 -1
198 240 1
240 198 1
198 272 -1
272 198 -1
198 290 1
290 198 1
198 295 1
295 198 1
198 345 -1
345 198 -1
198 348 1
348 198 1
198 396 1
396 198 1
198 401 1
401 198 1
198 402 1
402 198 1
198 405 1
405 198 1
198 411 1
411 198 1
198 412 1
412 198 1
198 414 1
414 198 1
198 421 -1
421 198 -1
198 448 1
448 198 1
198 466 1
466 198 1
198 468 1
468 198 1
198 492 1
492 198 1
198 494 1
494 198 1
199 207 1
207 199 1
199 210 1
210 199 1
199 214 -1
214 199 -1
199 220 1
220 199 1
199 262 1
262 199 1
199 286 1
286 199 1
199 288 1
288 199 1
199 308 1
308 199 1
199 314 1
314 199 1
199 318 1
318 199 1
199 320 1
320 199 1
199 331 -1
331 199 -1
199 356 1
356 199 1
199 357 1
357 199 1
199 363 1
363 199 1
199 372 1
372 199 1
199 375 1
375 199 1
199 380 -1
380 199 -1
199 384 1
384 199 1
199 385 1
385 199 1
199 398 -1
398 199 -1
199 408 1
408 199 1
199 458 1
458 199 1
199 461 -1
461 199 -1
200 202 1
202 200 1
200 227 1
227 200 1
200 242 -1
242 200 -1
200 253 1
253 200 1
200 256 1
256 200 1
200 267 1
267 200 1
200 271 1
271 200 1
200 274 1
274 200 1
200 278 1
278 200 1
200 281 -1
281 200 -1
200 299 1
299 200 1
200 335 1
335 200 1
200 403 1
403 200 1
200 408 -1
408 200 -1
200 425 1
425 200 1
200 433 1
433 200 1
200 472 -1
472 200 -1
200 484 1
484 200 1
200 485 1
485 200 1
201 211 1
211 201 1
201 225 1
225 201 1
201 268 -1
268 201 -1
201 283 1
283 201 1
201 292 1
292 201 1
201 296 1
296 201 1
201 303 1
303 201 1
201 305 -1
305 201 -1
201 307 1
307 201 1
201 365 1
365 201 1
201 452 1
452 201 1
201 478 1
478 201 1
202 227 1
227 202 1
202 242 1
242 202 1
202 243 1
243 202 1
202 253 1
253 202 1
202 256 1
256 202 1
202 267 1
267 202 1
202 271 1
271 202 1
202 274 -1
274 202 -1
202 278 1
278 202 1
202 281 -1
281 202 -1
202 291 1
291 202 1
202 299 1
299 202 1
202 304 1
304 202 1
202 315 1
315 202 1
202 330 1
330 202 1
202 335 1
335 202 1
202 347 1
347 202 1
202 391 1
391 202 1
202 400 1
400 202 1
202 403 1
403 202 1
202 425 -1
425 202 -1
202 433 1
433 202 1
202 472 1
472 202 1
202 484 1
484 202 1
202 485 1
485 202 1
203 206 1
206 203 1
203 217 1
217 203 1
203 221 1
221 203 1
203 244 -1
244 203 -1
203 483 1
483 203 1
203 496 1
496 203 1
204 211 1
211 204 1
204 283 1
283 204 1
204 307 1
307 204 1
204 365 1
365 204 1
204 478 1
478 204 1
205 213 1
213 205 1
205 238 -1
238 205 -1
205 249 -1
249 205 -1
205 276 1
276 205 1
205 280 1
280 205 1
205 333 1
333 205 1
205 344 1
344 205 1
205 349 1
349 205 1
205 364 -1
364 205 -1
205 383 1
383 205 1
205 417 1
417 205 1
205 439 1
439 205 1
205 444 1
444 205 1
205 482 1
482 205 1
206 244 1
244 206 1
206 287 1
287 206 1
206 446 1
446 206 1
206 463 1
463 206 1
206 465 1
465 206 1
206 496 -1
496 206 -1
207 214 1
214 207 1
207 220 1
220 207 1
207 262 1
262 207 1
207 286 1
286 207 1
207 288 1
288 207 1
207 306 1
306 207 1
207 314 1
314 207 1
207 342 -1
342 207 -1
207 354 1
354 207 1
207 356 1
356 207 1
207 363 1
363 207 1
207 375 1
375 207 1
207 384 1
384 207 1
207 385 1
385 207 1
207 398 1
398 207 1
207 408 1
408 207 1
207 457 1
457 207 1
207 458 -1
458 207 -1
207 461 1
461 207 1
208 213 1
213 208 1
208 280 1
280 208 1
208 289 -1
289 208 -1
208 337 1
337 208 1
208 344 1
344 208 1
208 349 1
349 208 1
208 378 -1
378 208 -1
208 417 1
417 208 1
208 444 1
444 208 1
208 482 1
482 208 1
209 213 -1
213 209 -1
209 280 1
280 209 1
209 344 1
344 209 1
209 383 1
383 209 1
209 417 1
417 209 1
209 444 1
444 209 1
209 482 1
482 209 1
210 251 1
251 210 1
210 262 1
262 210 1
210 314 1
314 210 1
210 318 1
318 210 1
210 356 1
356 210 1
210 363 -1
363 210 -1
210 458 1
458 210 1
211 212 1
212 211 1
211 225 1
225 211 1
211 283 1
283 211 1
211 296 1
296 211 1
211 305 -1
305 211 -1
211 327 1
327 211 1
211 343 1
343 211 1
211 478 1
478 211 1
211 498 1
498 211 1
212 225 -1
225 212 -1
212 283 -1
283 212 -1
212 292 1
292 212 1
213 219 1
219 213 1
213 230 1
230 213 1
213 233 -1
233 213 -1
213 234 1
234 213 1
213 238 1
238 213 1
213 249 1
249 213 1
213 276 -1
276 213 -1
213 280 1
280 213 1
213 285 1
285 213 1
213 289 1
289 213 1
213 301 1
301 213 1
213 333 1
333 213 1
213 338 1
338 213 1
213 341 1
341 213 1
213 344 1
344 213 1
213 349 1
349 213 1
213 350 1
350 213 1
213 379 -1
379 213 -1
213 382 1
382 213 1
213 383 -1
383 213 -1
213 409 1
409 213 1
213 410 1
410 213 1
213 417 1
417 213 1
213 439 1
439 213 1
213 442 1
442 213 1
213 444 1
444 213 1
213 464 1
464 213 1
213 468 1
468 213 1
213 471 1
471 213 1
213 482 1
482 213 1
213 495 1
495 213 1
213 499 1
499 213 1
214 220 1
220 214 1
214 251 1
251 214 1
214 262 1
262 214 1
214 286 1
286 214 1
214 288 -1
288 214 -1
214 314 1
314 214 1
214 318 1
318 214 1
214 340 -1
340 214 -1
214 355 -1
355 214 -1
214 356 1
356 214 1
214 357 1
357 214 1
214 363 1
363 214 1
214 372 1
372 214 1
214 375 1
375 214 1
214 384 -1
384 214 -1
214 385 1
385 214 1
214 407 1
407 214 1
214 408 1
408 214 1
214 458 1
458 214 1
215 232 1
232 215 1
215 237 1
237 215 1
215 248 1
248 215 1
215 282 1
282 215 1
215 297 1
297 215 1
215 312 1
312 215 1
215 329 -1
329 215 -1
215 336 1
336 215 1
215 337 1
337 215 1
215 346 1
346 215 1
215 369 1
369 215 1
215 374 1
374 215 1
215 380 1
380 215 1
215 424 1
424 215 1
215 436 1
436 215 1
215 440 1
440 215 1
215 447 1
447 215 1
215 462 1
462 215 1
215 463 -1
463 215 -1
215 491 -1
491 215 -1
216 237 1
237 216 1
216 240 1
240 216 1
216 272 1
272 216 1
216 290 1
290 216 1
216 405 1
405 216 1
216 412 -1
412 216 -1
216 414 1
414 216 1
216 455 -1
455 216 -1
216 460 -1
460 216 -1
217 244 1
244 217 1
217 287 1
287 217 1
217 483 -1
483 217 -1
217 496 -1
496 217 -1
218 229 -1
229 218 -1
218 269 1
269 218 1
218 339 1
339 218 1
218 364 1
364 218 1
218 368 -1
368 218 -1
218 381 1
381 218 1
218 432 1
432 218 1
218 444 -1
444 218 -1
218 480 -1
480 218 -1
218 497 1
497 218 1
219 249 1
249 219 1
219 344 1
344 219 1
219 349 -1
349 219 -1
219 383 1
383 219 1
219 417 -1
417 219 -1
219 439 1
439 219 1
219 444 1
444 219 1
219 482 1
482 219 1
220 240 -1
240 220 -1
220 286 -1
286 220 -1
220 288 1
288 220 1
220 314 1
314 220 1
220 321 1
321 220 1
220 356 1
356 220 1
220 357 1
357 220 1
220 363 1
363 220 1
220 375 1
375 220 1
220 384 1
384 220 1
220 398 1
398 220 1
220 458 1
458 220 1
221 463 -1
463 221 -1
221 465 1
465 221 1
221 483 -1
483 221 -1
221 496 1
496 221 1
222 244 1
244 222 1
222 287 -1
287 222 -1
222 463 1
463 222 1
222 483 1
483 222 1
222 496 1
496 222 1
223 395 1
395 223 1
223 449 1
449 223 1
224 258 -1
258 224 -1
224 259 1
259 224 1
224 317 1
317 224 1
224 319 1
319 224 1
224 352 -1
352 224 -1
224 355 1
355 224 1
224 453 1
453 224 1
224 486 1
486 224 1
225 268 1
268 225 1
225 283 1
283 225 1
225 305 -1
305 225 -1
225 478 1
478 225 1
226 248 1
248 226 1
226 329 1
329 226 1
226 358 -1
358 226 -1
226 380 1
380 226 1
226 397 -1
397 226 -1
226 447 1
447 226 1
226 491 1
491 226 1
227 243 1
243 227 1
227 253 1
253 227 1
227 267 1
267 227 1
227 274 1
274 227 1
227 278 1
278 227 1
227 281 1
281 227 1
227 299 1
299 227 1
227 304 1
304 227 1
227 315 1
315 227 1
227 330 -1
330 227 -1
227 335 1
335 227 1
227 347 1
347 227 1
227 391 -1
391 227 -1
227 400 1
400 227 1
227 402 -1
402 227 -1
227 425 1
425 227 1
227 472 1
472 227 1
228 245 1
245 228 1
228 247 1
247 228 1
228 273 1
273 228 1
228 275 1
275 228 1
228 309 1
309 228 1
228 316 1
316 228 1
228 325 1
325 228 1
228 384 1
384 228 1
228 389 -1
389 228 -1
228 413 1
413 228 1
228 437 1
437 228 1
228 451 1
451 228 1
228 476 1
476 228 1
229 269 1
269 229 1
229 313 -1
313 229 -1
229 339 1
339 229 1
229 366 1
366 229 1
229 381 1
381 229 1
229 480 1
480 229 1
230 280 -1
280 230 -1
230 349 -1
349 230 -1
230 350 1
350 230 1
230 383 -1
383 230 -1
230 417 1
417 230 1
230 439 1
439 230 1
230 442 1
442 230 1
230 444 1
444 230 1
230 482 1
482 230 1
230 499 -1
499 230 -1
231 246 1
246 231 1
231 421 1
421 231 1
231 424 -1
424 231 -1
231 445 1
445 231 1
231 456 1
456 231 1
231 459 -1
459 231 -1
231 469 1
469 231 1
231 473 -1
473 231 -1
231 487 1
487 231 1
232 244 -1
244 232 -1
232 248 1
248 232 1
232 254 -1
254 232 -1
232 255 1
255 232 1
232 263 -1
263 232 -1
232 277 1
277 232 1
232 329 1
329 232 1
232 336 1
336 232 1
232 337 1
337 232 1
232 360 1
360 232 1
232 369 1
369 232 1
232 374 1
374 232 1
232 380 1
380 232 1
232 386 1
386 232 1
232 397 1
397 232 1
232 424 1
424 232 1
232 436 -1
436 232 -1
232 447 1
447 232 1
232 450 1
450 232 1
232 462 1
462 232 1
232 489 1
489 232 1
232 491 1
491 232 1
233 280 1
280 233 1
233 344 1
344 233 1
233 349 1
349 233 1
233 350 1
350 233 1
233 417 1
417 233 1
233 444 1
444 233 1
234 280 1
280 234 1
234 344 1
344 234 1
234 349 1
349 234 1
234 383 1
383 234 1
234 417 1
417 234 1
234 444 1
444 234 1
234 464 1
464 234 1
234 482 1
482 234 1
235 262 1
262 235 1
235 288 1
288 235 1
235 314 1
314 235 1
235 356 1
356 235 1
235 384 1
384 235 1
235 458 1
458 235 1
235 467 -1
467 235 -1
236 301 -1
301 236 -1
237 240 1
240 237 1
237 290 1
290 237 1
237 295 1
295 237 1
237 330 -1
330 237 -1
237 334 1
334 237 1
237 345 1
345 237 1
237 348 -1
348 237 -1
237 401 1
401 237 1
237 402 1
402 237 1
237 405 1
405 237 1
237 411 1
411 237 1
237 412 1
412 237 1
237 415 -1
415 237 -1
237 441 1
441 237 1
237 455 1
455 237 1
237 492 1
492 237 1
237 494 1
494 237 1
238 249 1
249 238 1
238 276 -1
276 238 -1
238 280 1
280 238 1
238 349 1
349 238 1
238 350 1
350 238 1
238 383 -1
383 238 -1
238 417 1
417 238 1
238 444 1
444 238 1
238 471 1
471 238 1
238 499 1
499 238 1
239 258 1
258 239 1
239 259 -1
259 239 -1
239 317 1
317 239 1
239 319 1
319 239 1
239 324 1
324 239 1
239 332 1
332 239 1
239 353 1
353 239 1
239 355 1
355 239 1
239 362 1
362 239 1
239 393 1
393 239 1
239 447 -1
447 239 -1
239 453 1
453 239 1
239 486 -1
486 239 -1
240 290 1
290 240 1
240 295 1
295 240 1
240 334 1
334 240 1
240 345 -1
345 240 -1
240 405 1
405 240 1
240 411 1
411 240 1
240 412 1
412 240 1
240 415 1
415 240 1
240 428 1
428 240 1
240 448 1
448 240 1
240 466 1
466 240 1
240 477 1
477 240 1
241 250 1
250 241 1
241 257 1
257 241 1
241 260 1
260 241 1
241 300 1
300 241 1
241 342 1
342 241 1
241 370 -1
370 241 -1
241 371 1
371 241 1
241 399 1
399 241 1
241 420 1
420 241 1
241 422 1
422 241 1
241 454 1
454 241 1
241 474 1
474 241 1
241 488 -1
488 241 -1
242 253 1
253 242 1
242 267 1
267 242 1
242 271 1
271 242 1
242 274 1
274 242 1
242 278 -1
278 242 -1
242 281 1
281 242 1
242 299 -1
299 242 -1
242 344 -1
344 242 -1
242 400 1
400 242 1
242 433 1
433 242 1
243 267 1
267 243 1
243 330 1
330 243 1
243 425 1
425 243 1
243 472 1
472 243 1
244 287 1
287 244 1
244 463 1
463 244 1
244 465 1
465 244 1
244 483 -1
483 244 -1
244 496 1
496 244 1
245 247 1
247 245 1
245 273 1
273 245 1
245 275 -1
275 245 -1
245 309 1
309 245 1
245 316 1
316 245 1
245 389 1
389 245 1
245 413 1
413 245 1
245 437 1
437 245 1
245 451 1
451 245 1
245 476 -1
476 245 -1
246 265 1
265 246 1
246 326 1
326 246 1
246 388 -1
388 246 -1
246 456 1
456 246 1
246 459 -1
459 246 -1
246 469 1
469 246 1
246 487 1
487 246 1
247 316 -1
316 247 -1
247 367 -1
367 247 -1
247 389 -1
389 247 -1
247 413 1
413 247 1
247 437 1
437 247 1
247 451 1
451 247 1
247 476 1
476 247 1
248 254 1
254 248 1
248 284 -1
284 248 -1
248 297 1
297 248 1
248 298 1
298 248 1
248 312 1
312 248 1
248 329 1
329 248 1
248 337 1
337 248 1
248 346 1
346 248 1
248 360 1
360 248 1
248 374 1
374 248 1
248 380 1
380 248 1
248 386 1
386 248 1
248 397 1
397 248 1
248 424 1
424 248 1
248 436 1
436 248 1
248 447 1
447 248 1
248 462 1
462 248 1
248 489 1
489 248 1
248 491 1
491 248 1
249 268 -1
268 249 -1
249 276 1
276 249 1
249 280 1
280 249 1
249 289 1
289 249 1
249 301 -1
301 249 -1
249 333 1
333 249 1
249 338 1
338 249 1
249 344 1
344 249 1
249 349 1
349 249 1
249 350 1
350 249 1
249 382 -1
382 249 -1
249 383 1
383 249 1
249 417 1
417 249 1
249 425 -1
425 249 -1
249 439 1
439 249 1
249 442 1
442 249 1
249 444 1
444 249 1
249 464 1
464 249 1
249 468 1
468 249 1
249 471 1
471 249 1
249 482 1
482 249 1
249 495 1
495 249 1
250 260 -1
260 250 -1
250 351 1
351 250 1
250 359 1
359 250 1
250 399 1
399 250 1
250 406 1
406 250 1
250 422 1
422 250 1
250 434 -1
434 250 -1
250 454 1
454 250 1
251 288 -1
288 251 -1
251 314 1
314 251 1
251 356 1
356 251 1
251 357 1
357 251 1
251 363 1
363 251 1
251 384 1
384 251 1
251 385 1
385 251 1
251 411 -1
411 251 -1
251 458 1
458 251 1
252 395 1
395 252 1
252 449 1
449 252 1
253 256 1
256 253 1
253 267 1
267 253 1
253 274 1
274 253 1
253 278 1
278 253 1
253 281 1
281 253 1
253 291 -1
291 253 -1
253 299 1
299 253 1
253 304 1
304 253 1
253 330 1
330 253 1
253 347 1
347 253 1
253 391 1
391 253 1
253 400 1
400 253 1
253 425 1
425 253 1
253 447 1
447 253 1
253 472 1
472 253 1
253 485 1
485 253 1
254 329 1
329 254 1
254 374 1
374 254 1
254 380 1
380 254 1
254 397 1
397 254 1
254 482 -1
482 254 -1
254 489 1
489 254 1
254 491 1
491 254 1
255 329 1
329 255 1
255 334 -1
334 255 -1
255 337 1
337 255 1
255 369 1
369 255 1
255 397 1
397 255 1
255 436 1
436 255 1
255 447 1
447 255 1
255 491 -1
491 255 -1
256 267 1
267 256 1
256 271 1
271 256 1
256 278 1
278 256 1
256 281 1
281 256 1
256 291 1
291 256 1
256 299 1
299 256 1
256 304 1
304 256 1
256 315 -1
315 256 -1
256 330 1
330 256 1
256 347 1
347 256 1
256 403 1
403 256 1
256 485 1
485 256 1
257 260 1
260 257 1
257 300 1
300 257 1
257 342 -1
342 257 -1
257 351 1
351 257 1
257 359 1
359 257 1
257 371 -1
371 257 -1
257 399 1
399 257 1
257 406 1
406 257 1
257 422 1
422 257 1
257 434 1
434 257 1
257 454 1
454 257 1
257 460 1
460 257 1
257 470 1
470 257 1
257 474 1
474 257 1
257 475 1
475 257 1
257 479 1
479 257 1
257 488 -1
488 257 -1
258 259 -1
259 258 -1
258 274 -1
274 258 -1
258 317 1
317 258 1
258 355 1
355 258 1
258 435 1
435 258 1
258 486 1
486 258 1
259 279 -1
279 259 -1
259 302 1
302 259 1
259 303 -1
303 259 -1
259 317 1
317 259 1
259 319 1
319 259 1
259 324 1
324 259 1
259 331 1
331 259 1
259 332 1
332 259 1
259 352 -1
352 259 -1
259 353 1
353 259 1
259 355 1
355 259 1
259 358 1
358 259 1
259 362 1
362 259 1
259 393 1
393 259 1
259 418 1
418 259 1
259 435 1
435 259 1
259 453 -1
453 259 -1
259 486 1
486 259 1
260 300 -1
300 260 -1
260 342 1
342 260 1
260 351 1
351 260 1
260 371 1
371 260 1
260 399 -1
399 260 -1
260 406 1
406 260 1
260 420 -1
420 260 -1
260 454 -1
454 260 -1
260 460 1
460 260 1
260 470 1
470 260 1
260 488 1
488 260 1
260 490 1
490 260 1
261 270 1
270 261 1
261 294 1
294 261 1
261 322 1
322 261 1
261 323 1
323 261 1
261 387 1
387 261 1
261 392 1
392 261 1
261 394 -1
394 261 -1
262 266 1
266 262 1
262 286 1
286 262 1
262 288 1
288 262 1
262 306 1
306 262 1
262 314 -1
314 262 -1
262 318 1
318 262 1
262 321 1
321 262 1
262 340 1
340 262 1
262 354 1
354 262 1
262 356 1
356 262 1
262 357 1
357 262 1
262 363 1
363 262 1
262 375 1
375 262 1
262 384 1
384 262 1
262 385 -1
385 262 -1
262 408 1
408 262 1
262 444 -1
444 262 -1
262 457 -1
457 262 -1
262 458 1
458 262 1
262 483 -1
483 262 -1
263 329 1
329 263 1
263 336 1
336 263 1
263 360 1
360 263 1
263 386 1
386 263 1
263 397 -1
397 263 -1
263 440 1
440 263 1
263 447 1
447 263 1
263 491 1
491 263 1
264 324 -1
324 264 -1
264 355 1
355 264 1
264 362 1
362 264 1
264 486 1
486 264 1
265 326 1
326 265 1
265 388 -1
388 265 -1
265 431 1
431 265 1
265 443 1
443 265 1
265 456 1
456 265 1
265 469 1
469 265 1
265 487 1
487 265 1
266 288 1
288 266 1
266 297 -1
297 266 -1
266 318 1
318 266 1
266 357 1
357 266 1
266 363 -1
363 266 -1
266 408 1
408 266 1
266 458 1
458 266 1
267 271 1
271 267 1
267 281 -1
281 267 -1
267 299 1
299 267 1
267 326 1
326 267 1
267 330 1
330 267 1
267 347 1
347 267 1
267 400 1
400 267 1
267 403 1
403 267 1
267 425 1
425 267 1
267 484 -1
484 267 -1
267 485 1
485 267 1
268 283 1
283 268 1
268 305 1
305 268 1
268 478 1
478 268 1
268 498 1
498 268 1
269 313 1
313 269 1
269 336 -1
336 269 -1
269 364 1
364 269 1
269 368 1
368 269 1
269 381 1
381 269 1
269 432 1
432 269 1
269 480 -1
480 269 -1
269 497 1
497 269 1
270 294 1
294 270 1
270 322 1
322 270 1
270 377 1
377 270 1
270 378 1
378 270 1
270 387 1
387 270 1
270 390 -1
390 270 -1
270 392 -1
392 270 -1
270 394 1
394 270 1
270 404 1
404 270 1
270 427 1
427 270 1
270 430 1
430 270 1
270 467 1
467 270 1
271 278 1
278 271 1
271 281 1
281 271 1
271 330 1
330 271 1
271 391 1
391 271 1
271 433 1
433 271 1
272 334 1
334 272 1
272 412 1
412 272 1
272 466 1
466 272 1
273 275 1
275 273 1
273 309 1
309 273 1
273 316 1
316 273 1
273 325 1
325 273 1
273 367 1
367 273 1
273 389 1
389 273 1
273 413 1
413 273 1
273 426 -1
426 273 -1
273 476 1
476 273 1
274 278 -1
278 274 -1
274 281 1
281 274 1
274 291 1
291 274 1
274 304 1
304 274 1
274 330 -1
330 274 -1
274 373 -1
373 274 -1
274 391 1
391 274 1
274 400 1
400 274 1
274 425 1
425 274 1
274 484 1
484 274 1
274 485 1
485 274 1
275 309 1
309 275 1
275 325 -1
325 275 -1
275 389 1
389 275 1
275 413 1
413 275 1
275 437 1
437 275 1
275 451 1
451 275 1
275 476 1
476 275 1
276 280 1
280 276 1
276 285 -1
285 276 -1
276 333 1
333 276 1
276 344 1
344 276 1
276 349 1
349 276 1
276 350 1
350 276 1
276 383 1
383 276 1
276 417 -1
417 276 -1
276 439 1
439 276 1
276 442 1
442 276 1
276 444 1
444 276 1
276 464 1
464 276 1
276 471 -1
471 276 -1
276 482 1
482 276 1
277 329 1
329 277 1
277 337 1
337 277 1
277 360 1
360 277 1
277 447 1
447 277 1
278 281 1
281 278 1
278 291 1
291 278 1
278 304 1
304 278 1
278 330 1
330 278 1
278 334 -1
334 278 -1
278 373 1
373 278 1
278 400 1
400 278 1
278 485 1
485 278 1
279 317 -1
317 279 -1
279 355 1
355 279 1
279 362 1
362 279 1
279 393 1
393 279 1
279 453 1
453 279 1
279 466 -1
466 279 -1
279 486 1
486 279 1
280 285 -1
285 280 -1
280 289 1
289 280 1
280 301 1
301 280 1
280 333 1
333 280 1
280 341 1
341 280 1
280 344 -1
344 280 -1
280 349 -1
349 280 -1
280 350 1
350 280 1
280 379 1
379 280 1
280 382 1
382 280 1
280 383 1
383 280 1
280 390 -1
390 280 -1
280 409 1
409 280 1
280 410 1
410 280 1
280 417 1
417 280 1
280 439 1
439 280 1
280 442 1
442 280 1
280 444 1
444 280 1
280 464 1
464 280 1
280 482 1
482 280 1
280 499 -1
499 280 -1
281 291 1
291 281 1
281 299 1
299 281 1
281 304 1
304 281 1
281 330 1
330 281 1
281 335 1
335 281 1
281 347 -1
347 281 -1
281 373 -1
373 281 -1
281 387 -1
387 281 -1
281 391 1
391 281 1
281 399 -1
399 281 -1
281 400 1
400 281 1
281 403 1
403 281 1
281 425 1
425 281 1
281 472 1
472 281 1
281 485 -1
485 281 -1
282 329 -1
329 282 -1
282 397 -1
397 282 -1
282 447 1
447 282 1
283 292 1
292 283 1
283 296 1
296 283 1
283 303 1
303 283 1
283 305 1
305 283 1
283 307 1
307 283 1
283 311 1
311 283 1
283 327 1
327 283 1
283 343 1
343 283 1
283 365 1
365 283 1
283 438 1
438 283 1
283 452 1
452 283 1
283 478 -1
478 283 -1
283 491 -1
491 283 -1
283 498 1
498 283 1
284 329 1
329 284 1
284 337 1
337 284 1
284 360 1
360 284 1
284 397 1
397 284 1
284 447 1
447 284 1
284 462 1
462 284 1
284 491 1
491 284 1
285 333 1
333 285 1
285 344 -1
344 285 -1
285 349 1
349 285 1
285 383 1
383 285 1
285 409 1
409 285 1
285 417 1
417 285 1
285 439 -1
439 285 -1
285 444 1
444 285 1
285 482 1
482 285 1
285 487 -1
487 285 -1
285 499 1
499 285 1
286 288 1
288 286 1
286 314 1
314 286 1
286 318 1
318 286 1
286 356 1
356 286 1
286 357 -1
357 286 -1
286 363 1
363 286 1
286 384 -1
384 286 -1
286 385 1
385 286 1
286 393 -1
393 286 -1
286 398 1
398 286 1
286 408 1
408 286 1
286 419 -1
419 286 -1
286 458 1
458 286 1
286 461 1
461 286 1
287 310 1
310 287 1
287 316 -1
316 287 -1
287 350 -1
350 287 -1
287 446 1
446 287 1
287 483 1
483 287 1
287 496 1
496 287 1
288 314 1
314 288 1
288 318 1
318 288 1
288 320 1
320 288 1
288 340 1
340 288 1
288 354 1
354 288 1
288 356 1
356 288 1
288 357 1
357 288 1
288 363 -1
363 288 -1
288 375 1
375 288 1
288 383 -1
383 288 -1
288 384 1
384 288 1
288 385 1
385 288 1
288 398 -1
398 288 -1
288 407 1
407 288 1
288 408 1
408 288 1
288 457 1
457 288 1
288 458 1
458 288 1
288 481 1
481 288 1
288 485 -1
485 288 -1
289 333 1
333 289 1
289 344 1
344 289 1
289 349 1
349 289 1
289 350 1
350 289 1
289 383 1
383 289 1
289 417 1
417 289 1
289 439 1
439 289 1
289 444 1
444 289 1
289 471 1
471 289 1
289 482 1
482 289 1
289 499 1
499 289 1
290 295 1
295 290 1
290 345 1
345 290 1
290 348 1
348 290 1
290 405 -1
405 290 -1
290 412 1
412 290 1
290 414 1
414 290 1
290 441 1
441 290 1
291 299 -1
299 291 -1
291 304 1
304 291 1
291 330 1
330 291 1
291 347 -1
347 291 -1
291 403 1
403 291 1
291 474 -1
474 291 -1
292 307 1
307 292 1
292 311 1
311 292 1
292 365 1
365 292 1
292 478 1
478 292 1
293 304 -1
304 293 -1
293 309 1
309 293 1
293 316 1
316 293 1
293 367 1
367 293 1
293 389 1
389 293 1
293 413 1
413 293 1
293 437 1
437 293 1
293 451 -1
451 293 -1
294 377 1
377 294 1
294 378 1
378 294 1
294 387 1
387 294 1
294 426 -1
426 294 -1
294 467 1
467 294 1
295 345 1
345 295 1
295 359 -1
359 295 -1
295 401 1
401 295 1
295 405 1
405 295 1
295 412 1
412 295 1
295 415 1
415 295 1
295 429 -1
429 295 -1
295 441 1
441 295 1
295 448 1
448 295 1
295 455 1
455 295 1
295 466 1
466 295 1
295 494 1
494 295 1
296 303 -1
303 296 -1
296 305 1
305 296 1
296 365 1
365 296 1
296 478 1
478 296 1
297 329 -1
329 297 -1
297 336 1
336 297 1
297 397 1
397 297 1
297 447 1
447 297 1
298 329 1
329 298 1
298 397 1
397 298 1
298 447 1
447 298 1
298 489 1
489 298 1
299 304 1
304 299 1
299 315 1
315 299 1
299 323 -1
323 299 -1
299 330 1
330 299 1
299 347 1
347 299 1
299 386 1
386 299 1
299 391 1
391 299 1
299 400 -1
400 299 -1
299 403 1
403 299 1
299 472 -1
472 299 -1
300 318 -1
318 300 -1
300 342 1
342 300 1
300 399 -1
399 300 -1
300 406 1
406 300 1
300 416 -1
416 300 -1
300 422 -1
422 300 -1
300 434 1
434 300 1
300 454 1
454 300 1
300 460 1
460 300 1
300 475 1
475 300 1
300 488 1
488 300 1
300 490 1
490 300 1
301 344 1
344 301 1
301 349 1
349 301 1
301 350 -1
350 301 -1
301 383 1
383 301 1
301 417 1
417 301 1
301 439 1
439 301 1
301 442 1
442 301 1
301 444 -1
444 301 -1
301 471 1
471 301 1
302 324 1
324 302 1
302 351 -1
351 302 -1
302 353 1
353 302 1
302 355 1
355 302 1
302 376 1
376 302 1
302 486 1
486 302 1
303 311 1
311 303 1
303 365 1
365 303 1
303 478 1
478 303 1
304 330 1
330 304 1
304 335 -1
335 304 -1
304 347 1
347 304 1
304 400 1
400 304 1
304 403 1
403 304 1
304 433 1
433 304 1
304 472 1
472 304 1
304 484 1
484 304 1
304 485 1
485 304 1
305 343 1
343 305 1
305 478 -1
478 305 -1
306 318 1
318 306 1
306 357 1
357 306 1
306 363 1
363 306 1
306 384 1
384 306 1
306 408 1
408 306 1
307 471 -1
471 307 -1
307 478 -1
478 307 -1
308 314 1
314 308 1
308 318 1
318 308 1
308 321 1
321 308 1
308 363 1
363 308 1
308 384 -1
384 308 -1
308 398 1
398 308 1
309 366 -1
366 309 -1
309 413 1
413 309 1
309 437 1
437 309 1
310 357 -1
357 310 -1
310 483 1
483 310 1
310 496 1
496 310 1
311 327 1
327 311 1
311 365 1
365 311 1
311 452 -1
452 311 -1
311 478 1
478 311 1
312 329 1
329 312 1
312 346 1
346 312 1
312 360 1
360 312 1
312 397 1
397 312 1
312 447 1
447 312 1
313 339 -1
339 313 -1
313 364 1
364 313 1
313 366 1
366 313 1
313 368 1
368 313 1
313 381 -1
381 313 -1
313 432 1
432 313 1
313 480 -1
480 313 -1
313 497 1
497 313 1
314 318 1
318 314 1
314 320 -1
320 314 -1
314 321 1
321 314 1
314 340 1
340 314 1
314 354 1
354 314 1
314 356 1
356 314 1
314 357 1
357 314 1
314 363 -1
363 314 -1
314 372 -1
372 314 -1
314 384 1
384 314 1
314 385 1
385 314 1
314 398 -1
398 314 -1
314 407 1
407 314 1
314 408 1
408 314 1
314 415 1
415 314 1
314 419 1
419 314 1
314 457 1
457 314 1
314 458 1
458 314 1
314 461 1
461 314 1
314 481 1
481 314 1
315 330 1
330 315 1
315 400 1
400 315 1
316 325 1
325 316 1
316 367 1
367 316 1
316 413 1
413 316 1
316 476 -1
476 316 -1
317 319 1
319 317 1
317 324 -1
324 317 -1
317 331 1
331 317 1
317 332 1
332 317 1
317 352 1
352 317 1
317 353 -1
353 317 -1
317 355 1
355 317 1
317 362 1
362 317 1
317 393 1
393 317 1
317 418 -1
418 317 -1
317 435 1
435 317 1
317 453 1
453 317 1
317 486 1
486 317 1
318 320 1
320 318 1
318 321 1
321 318 1
318 354 1
354 318 1
318 356 1
356 318 1
318 363 1
363 318 1
318 372 1
372 318 1
318 375 -1
375 318 -1
318 384 1
384 318 1
318 385 1
385 318 1
318 398 1
398 318 1
318 407 1
407 318 1
318 408 1
408 318 1
318 458 1
458 318 1
318 481 1
481 318 1
318 482 -1
482 318 -1
319 332 1
332 319 1
319 354 -1
354 319 -1
319 355 1
355 319 1
319 362 1
362 319 1
319 393 1
393 319 1
319 453 1
453 319 1
319 486 1
486 319 1
320 321 1
321 320 1
320 356 -1
356 320 -1
320 357 1
357 320 1
320 363 1
363 320 1
320 408 1
408 320 1
320 457 1
457 320 1
321 322 -1
322 321 -1
321 356 1
356 321 1
321 363 1
363 321 1
321 384 1
384 321 1
321 457 -1
457 321 -1
321 458 1
458 321 1
322 323 1
323 322 1
322 370 1
370 322 1
322 387 1
387 322 1
322 392 1
392 322 1
322 394 1
394 322 1
322 467 1
467 322 1
323 387 1
387 323 1
323 392 1
392 323 1
323 426 1
426 323 1
323 430 1
430 323 1
323 467 1
467 323 1
324 331 1
331 324 1
324 332 1
332 324 1
324 355 1
355 324 1
324 358 1
358 324 1
324 362 1
362 324 1
324 376 1
376 324 1
324 418 1
418 324 1
324 453 -1
453 324 -1
324 486 -1
486 324 -1
325 367 1
367 325 1
325 413 1
413 325 1
325 437 1
437 325 1
325 476 1
476 325 1
326 388 1
388 326 1
326 418 -1
418 326 -1
326 421 1
421 326 1
326 431 1
431 326 1
326 456 1
456 326 1
326 459 1
459 326 1
326 487 1
487 326 1
327 365 -1
365 327 -1
327 452 1
452 327 1
327 478 -1
478 327 -1
328 405 -1
405 328 -1
328 423 1
423 328 1
329 336 -1
336 329 -1
329 337 1
337 329 1
329 346 -1
346 329 -1
329 360 1
360 329 1
329 369 1
369 329 1
329 374 1
374 329 1
329 380 1
380 329 1
329 386 1
386 329 1
329 392 -1
392 329 -1
329 397 1
397 329 1
329 424 1
424 329 1
329 436 1
436 329 1
329 440 1
440 329 1
329 447 1
447 329 1
329 450 -1
450 329 -1
329 462 -1
462 329 -1
329 489 -1
489 329 -1
329 491 1
491 329 1
330 347 1
347 330 1
330 400 1
400 330 1
330 403 1
403 330 1
330 465 -1
465 330 -1
330 472 -1
472 330 -1
330 484 1
484 330 1
330 485 1
485 330 1
331 352 1
352 331 1
331 355 1
355 331 1
331 376 1
376 331 1
331 435 1
435 331 1
331 486 1
486 331 1
332 353 1
353 332 1
332 355 1
355 332 1
332 435 1
435 332 1
332 486 1
486 332 1
333 344 1
344 333 1
333 349 1
349 333 1
333 383 1
383 333 1
333 409 1
409 333 1
333 417 -1
417 333 -1
333 439 1
439 333 1
333 444 -1
444 333 -1
333 459 -1
459 333 -1
333 464 -1
464 333 -1
333 482 -1
482 333 -1
333 499 1
499 333 1
334 348 1
348 334 1
334 405 1
405 334 1
334 412 1
412 334 1
335 347 1
347 335 1
335 391 1
391 335 1
336 360 1
360 336 1
336 380 1
380 336 1
336 447 1
447 336 1
336 462 1
462 336 1
336 491 1
491 336 1
337 360 1
360 337 1
337 374 1
374 337 1
337 380 1
380 337 1
337 397 1
397 337 1
337 447 -1
447 337 -1
338 344 1
344 338 1
338 349 -1
349 338 -1
338 383 1
383 338 1
338 417 1
417 338 1
338 439 -1
439 338 -1
338 444 1
444 338 1
338 482 1
482 338 1
339 368 1
368 339 1
339 480 1
480 339 1
339 497 -1
497 339 -1
340 356 1
356 340 1
340 384 1
384 340 1
341 344 1
344 341 1
341 349 -1
349 341 -1
341 350 1
350 341 1
341 361 1
361 341 1
341 383 1
383 341 1
341 417 1
417 341 1
341 442 1
442 341 1
341 444 1
444 341 1
341 482 -1
482 341 -1
341 499 1
499 341 1
342 359 1
359 342 1
342 371 1
371 342 1
342 399 1
399 342 1
342 406 1
406 342 1
342 420 1
420 342 1
342 454 1
454 342 1
342 460 1
460 342 1
342 474 -1
474 342 -1
342 488 1
488 342 1
343 478 1
478 343 1
344 349 1
349 344 1
344 350 1
350 344 1
344 379 1
379 344 1
344 382 1
382 344 1
344 383 -1
383 344 -1
344 399 -1
399 344 -1
344 409 -1
409 344 -1
344 410 -1
410 344 -1
344 417 1
417 344 1
344 439 1
439 344 1
344 442 1
442 344 1
344 444 -1
444 344 -1
344 464 1
464 344 1
344 468 1
468 344 1
344 471 1
471 344 1
344 482 1
482 344 1
344 499 1
499 344 1
345 348 1
348 345 1
345 405 1
405 345 1
345 412 1
412 345 1
345 414 -1
414 345 -1
345 493 1
493 345 1
346 360 1
360 346 1
346 380 1
380 346 1
346 397 1
397 346 1
346 447 1
447 346 1
346 462 -1
462 346 -1
346 491 1
491 346 1
347 385 -1
385 347 -1
347 391 1
391 347 1
347 425 1
425 347 1
347 472 -1
472 347 -1
347 485 1
485 347 1
348 349 -1
349 348 -1
348 405 1
405 348 1
348 412 1
412 348 1
348 448 1
448 348 1
348 494 1
494 348 1
349 350 1
350 349 1
349 379 1
379 349 1
349 382 1
382 349 1
349 383 -1
383 349 -1
349 409 1
409 349 1
349 410 1
410 349 1
349 417 1
417 349 1
349 439 1
439 349 1
349 442 1
442 349 1
349 444 1
444 349 1
349 464 1
464 349 1
349 468 1
468 349 1
349 471 1
471 349 1
349 482 1
482 349 1
349 495 -1
495 349 -1
349 499 1
499 349 1
350 360 1
360 350 1
350 382 -1
382 350 -1
350 383 -1
383 350 -1
350 417 1
417 350 1
350 439 1
439 350 1
350 442 1
442 350 1
350 444 1
444 350 1
350 482 1
482 350 1
350 499 1
499 350 1
351 371 1
371 351 1
351 399 1
399 351 1
351 454 1
454 351 1
351 479 1
479 351 1
352 355 1
355 352 1
352 362 1
362 352 1
352 486 1
486 352 1
353 355 1
355 353 1
353 393 1
393 353 1
353 469 -1
469 353 -1
353 486 1
486 353 1
354 356 1
356 354 1
354 363 1
363 354 1
355 358 1
358 355 1
355 362 1
362 355 1
355 376 1
376 355 1
355 393 -1
393 355 -1
355 418 1
418 355 1
355 435 1
435 355 1
355 453 1
453 355 1
355 486 1
486 355 1
356 357 1
357 356 1
356 363 1
363 356 1
356 372 1
372 356 1
356 384 1
384 356 1
356 385 1
385 356 1
356 398 1
398 356 1
356 408 1
408 356 1
356 419 -1
419 356 -1
356 457 1
457 356 1
356 458 1
458 356 1
356 461 1
461 356 1
356 481 -1
481 356 -1
357 363 1
363 357 1
357 384 1
384 357 1
357 385 1
385 357 1
357 398 1
398 357 1
357 408 1
408 357 1
357 419 1
419 357 1
357 457 1
457 357 1
357 458 1
458 357 1
357 461 1
461 357 1
358 453 1
453 358 1
358 486 1
486 358 1
359 371 1
371 359 1
359 399 1
399 359 1
359 406 1
406 359 1
359 434 1
434 359 1
359 454 1
454 359 1
359 488 -1
488 359 -1
359 490 -1
490 359 -1
360 380 1
380 360 1
360 397 1
397 360 1
360 440 1
440 360 1
360 447 1
447 360 1
360 462 -1
462 360 -1
360 489 1
489 360 1
360 491 1
491 360 1
361 421 1
421 361 1
361 431 1
431 361 1
361 443 -1
443 361 -1
361 456 1
456 361 1
361 459 1
459 361 1
361 469 1
469 361 1
361 473 1
473 361 1
361 487 1
487 361 1
362 453 1
453 362 1
362 486 1
486 362 1
363 384 1
384 363 1
363 385 1
385 363 1
363 398 1
398 363 1
363 407 1
407 363 1
363 408 1
408 363 1
363 458 1
458 363 1
363 461 1
461 363 1
363 481 1
481 363 1
364 366 1
366 364 1
364 368 1
368 364 1
364 480 1
480 364 1
364 497 1
497 364 1
365 387 -1
387 365 -1
365 438 1
438 365 1
365 452 1
452 365 1
365 478 1
478 365 1
366 368 1
368 366 1
366 480 1
480 366 1
367 389 1
389 367 1
367 437 1
437 367 1
367 451 1
451 367 1
367 472 -1
472 367 -1
367 476 1
476 367 1
368 381 1
381 368 1
369 447 1
447 369 1
370 387 -1
387 370 -1
370 392 1
392 370 1
371 399 1
399 371 1
371 406 -1
406 371 -1
371 416 1
416 371 1
371 417 -1
417 371 -1
371 454 1
454 371 1
371 460 1
460 371 1
371 470 1
470 371 1
371 474 1
474 371 1
371 475 1
475 371 1
371 490 1
490 371 1
372 458 1
458 372 1
373 485 -1
485 373 -1
374 447 1
447 374 1
374 491 1
491 374 1
375 384 1
384 375 1
375 388 -1
388 375 -1
375 408 1
408 375 1
375 458 1
458 375 1
375 461 1
461 375 1
376 406 -1
406 376 -1
376 418 1
418 376 1
376 486 1
486 376 1
377 387 1
387 377 1
377 392 1
392 377 1
378 387 1
387 378 1
378 392 1
392 378 1
378 467 1
467 378 1
379 383 1
383 379 1
379 417 1
417 379 1
379 444 1
444 379 1
379 482 1
482 379 1
380 397 1
397 380 1
380 406 -1
406 380 -1
380 440 1
440 380 1
380 462 1
462 380 1
380 491 1
491 380 1
381 432 -1
432 381 -1
381 497 1
497 381 1
382 383 1
383 382 1
382 417 1
417 382 1
382 439 1
439 382 1
382 442 1
442 382 1
382 444 1
444 382 1
382 464 1
464 382 1
382 482 1
482 382 1
383 409 1
409 383 1
383 410 1
410 383 1
383 417 1
417 383 1
383 439 1
439 383 1
383 442 1
442 383 1
383 444 1
444 383 1
383 464 1
464 383 1
383 468 1
468 383 1
383 471 1
471 383 1
383 482 1
482 383 1
383 495 -1
495 383 -1
383 499 1
499 383 1
384 385 -1
385 384 -1
384 398 1
398 384 1
384 407 1
407 384 1
384 446 -1
446 384 -1
384 457 1
457 384 1
384 458 1
458 384 1
384 481 1
481 384 1
385 398 -1
398 385 -1
385 408 -1
408 385 -1
385 458 1
458 385 1
386 397 1
397 386 1
386 447 1
447 386 1
386 450 1
450 386 1
386 491 1
491 386 1
387 390 1
390 387 1
387 392 1
392 387 1
387 394 1
394 387 1
387 404 1
404 387 1
387 426 -1
426 387 -1
387 427 1
427 387 1
387 430 1
430 387 1
387 467 1
467 387 1
388 421 1
421 388 1
388 431 1
431 388 1
388 443 1
443 388 1
388 456 1
456 388 1
388 459 1
459 388 1
388 469 1
469 388 1
388 473 -1
473 388 -1
388 487 1
487 388 1
389 417 -1
417 389 -1
389 437 1
437 389 1
389 451 1
451 389 1
389 476 1
476 389 1
390 392 1
392 390 1
390 394 -1
394 390 -1
390 467 1
467 390 1
391 485 1
485 391 1
392 394 1
394 392 1
392 426 1
426 392 1
392 427 1
427 392 1
392 430 1
430 392 1
392 467 1
467 392 1
393 435 1
435 393 1
393 486 1
486 393 1
394 467 1
467 394 1
395 449 -1
449 395 -1
396 405 1
405 396 1
396 412 -1
412 396 -1
396 488 -1
488 396 -1
397 440 1
440 397 1
397 447 1
447 397 1
397 450 1
450 397 1
397 462 1
462 397 1
397 491 1
491 397 1
398 408 1
408 398 1
398 458 1
458 398 1
399 406 1
406 399 1
399 420 1
420 399 1
399 422 1
422 399 1
399 434 -1
434 399 -1
399 454 1
454 399 1
399 460 1
460 399 1
399 470 1
470 399 1
399 474 1
474 399 1
399 475 1
475 399 1
399 479 1
479 399 1
399 488 1
488 399 1
399 490 1
490 399 1
400 403 1
403 400 1
400 472 1
472 400 1
401 405 1
405 401 1
401 412 1
412 401 1
401 416 -1
416 401 -1
402 405 1
405 402 1
402 412 1
412 402 1
403 433 1
433 403 1
403 484 1
484 403 1
404 467 1
467 404 1
405 411 1
411 405 1
405 412 1
412 405 1
405 415 1
415 405 1
405 428 1
428 405 1
405 441 1
441 405 1
405 448 1
448 405 1
405 455 1
455 405 1
405 466 -1
466 405 -1
405 477 1
477 405 1
405 492 1
492 405 1
405 493 1
493 405 1
405 494 1
494 405 1
406 454 1
454 406 1
406 460 1
460 406 1
406 470 1
470 406 1
406 474 -1
474 406 -1
406 479 1
479 406 1
406 488 1
488 406 1
407 458 1
458 407 1
408 419 1
419 408 1
408 458 1
458 408 1
408 461 1
461 408 1
409 417 1
417 409 1
409 439 1
439 409 1
409 444 1
444 409 1
409 499 1
499 409 1
410 417 1
417 410 1
410 439 1
439 410 1
410 444 1
444 410 1
411 412 1
412 411 1
411 477 -1
477 411 -1
412 414 1
414 412 1
412 415 1
415 412 1
412 428 1
428 412 1
412 441 1
441 412 1
412 444 -1
444 412 -1
412 448 1
448 412 1
412 455 -1
455 412 -1
412 466 1
466 412 1
412 477 1
477 412 1
412 492 -1
492 412 -1
412 493 1
493 412 1
412 494 1
494 412 1
413 437 1
437 413 1
413 451 1
451 413 1
414 428 1
428 414 1
415 494 1
494 415 1
416 422 1
422 416 1
416 454 1
454 416 1
416 488 1
488 416 1
416 490 1
490 416 1
417 439 1
439 417 1
417 442 1
442 417 1
417 444 1
444 417 1
417 464 1
464 417 1
417 468 -1
468 417 -1
417 471 1
471 417 1
417 482 1
482 417 1
417 495 1
495 417 1
417 499 1
499 417 1
418 486 1
486 418 1
419 458 1
458 419 1
419 495 -1
495 419 -1
420 454 1
454 420 1
420 460 -1
460 420 -1
420 488 -1
488 420 -1
421 431 1
431 421 1
421 443 1
443 421 1
421 445 -1
445 421 -1
421 456 1
456 421 1
421 459 1
459 421 1
421 469 1
469 421 1
421 487 1
487 421 1
422 454 1
454 422 1
422 460 -1
460 422 -1
422 462 -1
462 422 -1
422 470 1
470 422 1
422 479 1
479 422 1
422 488 1
488 422 1
422 490 1
490 422 1
423 449 1
449 423 1
424 447 1
447 424 1
426 467 -1
467 426 -1
427 430 -1
430 427 -1
427 453 -1
453 427 -1
427 467 1
467 427 1
428 494 1
494 428 1
429 445 -1
445 429 -1
429 456 1
456 429 1
429 459 -1
459 429 -1
429 469 1
469 429 1
429 473 1
473 429 1
429 487 1
487 429 1
430 467 -1
467 430 -1
431 443 1
443 431 1
431 459 1
459 431 1
431 469 -1
469 431 -1
431 473 1
473 431 1
431 487 1
487 431 1
432 497 1
497 432 1
432 499 -1
499 432 -1
434 454 1
454 434 1
434 474 1
474 434 1
434 475 1
475 434 1
434 488 -1
488 434 -1
435 486 1
486 435 1
435 490 -1
490 435 -1
436 447 1
447 436 1
436 450 1
450 436 1
436 462 1
462 436 1
437 451 1
451 437 1
437 476 1
476 437 1
438 478 1
478 438 1
439 442 1
442 439 1
439 444 1
444 439 1
439 464 1
464 439 1
439 471 1
471 439 1
439 482 1
482 439 1
439 495 1
495 439 1
439 499 1
499 439 1
440 447 -1
447 440 -1
441 466 1
466 441 1
442 444 1
444 442 1
442 464 -1
464 442 -1
442 482 1
482 442 1
442 499 1
499 442 1
443 445 1
445 443 1
443 456 1
456 443 1
443 459 1
459 443 1
443 469 1
469 443 1
443 473 1
473 443 1
443 487 1
487 443 1
444 464 1
464 444 1
444 468 -1
468 444 -1
444 471 1
471 444 1
444 482 -1
482 444 -1
444 495 -1
495 444 -1
444 499 1
499 444 1
445 456 1
456 445 1
445 459 1
459 445 1
445 469 1
469 445 1
445 473 -1
473 445 -1
445 487 1
487 445 1
446 483 1
483 446 1
446 496 1
496 446 1
447 450 1
450 447 1
447 462 1
462 447 1
447 489 -1
489 447 -1
447 491 1
491 447 1
452 464 -1
464 452 -1
452 478 -1
478 452 -1
453 486 1
486 453 1
454 460 1
460 454 1
454 470 1
470 454 1
454 475 1
475 454 1
454 479 1
479 454 1
454 488 -1
488 454 -1
454 490 1
490 454 1
456 459 1
459 456 1
456 469 1
469 456 1
456 473 1
473 456 1
456 487 1
487 456 1
457 458 -1
458 457 -1
458 461 1
461 458 1
458 481 1
481 458 1
459 469 -1
469 459 -1
459 473 1
473 459 1
459 487 1
487 459 1
460 475 1
475 460 1
460 488 -1
488 460 -1
460 490 1
490 460 1
462 489 1
489 462 1
462 491 1
491 462 1
463 483 1
483 463 1
464 471 1
471 464 1
464 482 1
482 464 1
464 499 1
499 464 1
465 483 1
483 465 1
468 499 1
499 468 1
469 473 1
473 469 1
469 487 1
487 469 1
472 485 1
485 472 1
473 487 1
487 473 1
474 490 1
490 474 1
475 488 1
488 475 1
475 490 1
490 475 1
478 498 1
498 478 1
480 497 -1
497 480 -1
482 499 1
499 482 1
483 496 1
496 483 1
484 485 1
485 484 1
489 491 1
491 489 1
495 499 1
499 495 1
