0 86 1
86 0 1
0 111 1
111 0 1
0 121 1
121 0 1
0 227 1
227 0 1
0 316 1
316 0 1
0 390 -1
390 0 -1
0 406 1
406 0 1
0 407 1
407 0 1
0 467 1
467 0 1
0 471 1
471 0 1
1 29 1
29 1 1
1 35 1
35 1 1
1 48 1
48 1 1
1 110 -1
110 1 -1
1 132 1
132 1 1
1 137 1
137 1 1
1 182 1
182 1 1
1 275 1
275 1 1
1 344 -1
344 1 -1
1 395 -1
395 1 -1
1 430 1
430 1 1
1 433 1
433 1 1
2 6 -1
6 2 -1
2 12 -1
12 2 -1
2 22 1
22 2 1
2 25 1
25 2 1
2 42 1
42 2 1
2 141 1
141 2 1
2 179 1
179 2 1
2 193 1
193 2 1
2 215 1
215 2 1
2 277 1
277 2 1
2 278 1
278 2 1
2 302 1
302 2 1
2 308 -1
308 2 -1
2 333 1
333 2 1
2 335 1
335 2 1
2 364 1
364 2 1
2 383 1
383 2 1
2 389 1
389 2 1
2 401 1
401 2 1
2 442 -1
442 2 -1
2 481 1
481 2 1
3 28 1
28 3 1
3 72 1
72 3 1
3 183 -1
183 3 -1
3 184 1
184 3 1
3 253 1
253 3 1
3 327 1
327 3 1
3 348 -1
348 3 -1
3 416 1
416 3 1
3 462 1
462 3 1
3 466 1
466 3 1
4 9 1
9 4 1
4 14 1
14 4 1
4 16 -1
16 4 -1
4 31 1
31 4 1
4 35 -1
35 4 -1
4 74 1
74 4 1
4 129 1
129 4 1
4 153 1
153 4 1
4 159 -1
159 4 -1
4 187 1
187 4 1
4 211 -1
211 4 -1
4 214 1
214 4 1
4 218 1
218 4 1
4 230 1
230 4 1
4 235 -1
235 4 -1
4 242 1
242 4 1
4 266 1
266 4 1
4 270 1
270 4 1
4 284 1
284 4 1
4 310 1
310 4 1
4 313 1
313 4 1
4 318 -1
318 4 -1
4 348 1
348 4 1
4 360 1
360 4 1
4 369 -1
369 4 -1
4 402 1
402 4 1
4 449 1
449 4 1
4 477 1
477 4 1
4 482 -1
482 4 -1
5 18 1
18 5 1
5 29 1
29 5 1
5 30 1
30 5 1
5 35 1
35 5 1
5 48 1
48 5 1
5 132 1
132 5 1
5 182 -1
182 5 -1
5 306 1
306 5 1
5 332 -1
332 5 -1
5 344 1
344 5 1
5 391 -1
391 5 -1
5 396 1
396 5 1
5 409 -1
409 5 -1
5 430 1
430 5 1
6 22 1
22 6 1
6 23 1
23 6 1
6 42 1
42 6 1
6 55 1
55 6 1
6 59 1
59 6 1
6 124 1
124 6 1
6 125 1
125 6 1
6 141 1
141 6 1
6 156 -1
156 6 -1
6 179 1
179 6 1
6 193 1
193 6 1
6 215 1
215 6 1
6 267 1
267 6 1
6 277 1
277 6 1
6 278 1
278 6 1
6 302 1
302 6 1
6 304 1
304 6 1
6 308 1
308 6 1
6 314 -1
314 6 -1
6 333 1
333 6 1
6 335 1
335 6 1
6 364 1
364 6 1
6 383 1
383 6 1
6 389 1
389 6 1
6 401 1
401 6 1
6 410 1
410 6 1
6 426 1
426 6 1
6 461 -1
461 6 -1
6 473 1
473 6 1
6 481 1
481 6 1
6 484 -1
484 6 -1
7 143 1
143 7 1
7 176 1
176 7 1
7 198 1
198 7 1
7 211 1
211 7 1
7 225 -1
225 7 -1
7 363 1
363 7 1
7 394 -1
394 7 -1
7 452 1
452 7 1
7 460 -1
460 7 -1
7 474 -1
474 7 -1
8 15 1
15 8 1
8 21 1
21 8 1
8 62 -1
62 8 -1
8 105 1
105 8 1
8 140 -1
140 8 -1
8 191 1
191 8 1
8 243 -1
243 8 -1
8 271 -1
271 8 -1
8 307 1
307 8 1
8 339 1
339 8 1
8 349 1
349 8 1
8 392 -1
392 8 -1
8 427 1
427 8 1
8 475 1
475 8 1
8 492 -1
492 8 -1
9 129 1
129 9 1
9 187 1
187 9 1
9 218 -1
218 9 -1
9 235 -1
235 9 -1
9 284 1
284 9 1
9 292 -1
292 9 -1
9 348 -1
348 9 -1
9 369 -1
369 9 -1
9 449 1
449 9 1
9 474 -1
474 9 -1
10 27 -1
27 10 -1
10 44 -1
44 10 -1
10 121 -1
121 10 -1
10 136 -1
136 10 -1
10 156 1
156 10 1
10 283 -1
283 10 -1
10 285 1
285 10 1
10 316 1
316 10 1
10 357 1
357 10 1
10 380 1
380 10 1
10 406 1
406 10 1
10 467 1
467 10 1
10 490 -1
490 10 -1
11 26 1
26 11 1
11 60 1
60 11 1
11 81 1
81 11 1
11 102 1
102 11 1
11 118 1
118 11 1
11 120 1
120 11 1
11 142 1
142 11 1
11 160 1
160 11 1
11 212 1
212 11 1
11 218 -1
218 11 -1
11 231 1
231 11 1
11 260 1
260 11 1
11 264 1
264 11 1
11 289 1
289 11 1
11 294 1
294 11 1
11 326 1
326 11 1
11 345 1
345 11 1
11 366 -1
366 11 -1
11 384 -1
384 11 -1
11 388 1
388 11 1
11 420 1
420 11 1
11 442 1
442 11 1
11 449 -1
449 11 -1
11 465 1
465 11 1
11 468 1
468 11 1
12 13 1
13 12 1
12 107 1
107 12 1
12 138 1
138 12 1
12 139 -1
139 12 -1
12 170 1
170 12 1
12 172 1
172 12 1
12 178 1
178 12 1
12 179 -1
179 12 -1
12 210 -1
210 12 -1
12 234 1
234 12 1
12 239 1
239 12 1
12 249 1
249 12 1
12 265 1
265 12 1
12 297 -1
297 12 -1
12 309 1
309 12 1
12 314 1
314 12 1
12 321 1
321 12 1
12 326 -1
326 12 -1
12 329 1
329 12 1
12 334 1
334 12 1
12 372 1
372 12 1
12 384 -1
384 12 -1
12 437 1
437 12 1
12 455 -1
455 12 -1
12 492 -1
492 12 -1
13 107 1
107 13 1
13 138 1
138 13 1
13 172 1
172 13 1
13 178 1
178 13 1
13 199 -1
199 13 -1
13 249 1
249 13 1
13 257 1
257 13 1
13 297 1
297 13 1
13 309 1
309 13 1
13 314 1
314 13 1
13 321 1
321 13 1
13 322 -1
322 13 -1
13 329 1
329 13 1
13 384 1
384 13 1
13 437 1
437 13 1
13 492 1
492 13 1
14 74 1
74 14 1
14 153 1
153 14 1
14 159 1
159 14 1
14 214 1
214 14 1
14 235 1
235 14 1
14 247 -1
247 14 -1
14 264 1
264 14 1
14 270 1
270 14 1
14 284 -1
284 14 -1
14 348 1
348 14 1
14 360 1
360 14 1
14 402 1
402 14 1
14 449 1
449 14 1
15 24 1
24 15 1
15 81 -1
81 15 -1
15 140 1
140 15 1
15 144 1
144 15 1
15 166 -1
166 15 -1
15 167 1
167 15 1
15 177 1
177 15 1
15 243 1
243 15 1
15 290 1
290 15 1
15 320 1
320 15 1
15 339 1
339 15 1
15 341 1
341 15 1
15 353 1
353 15 1
15 370 1
370 15 1
15 377 1
377 15 1
15 387 1
387 15 1
15 392 1
392 15 1
15 397 1
397 15 1
15 405 1
405 15 1
15 409 -1
409 15 -1
15 427 1
427 15 1
15 443 1
443 15 1
15 447 1
447 15 1
15 462 -1
462 15 -1
15 493 -1
493 15 -1
16 117 -1
117 16 -1
16 129 -1
129 16 -1
16 153 1
153 16 1
16 187 1
187 16 1
16 214 1
214 16 1
16 235 -1
235 16 -1
16 242 -1
242 16 -1
16 284 -1
284 16 -1
16 302 -1
302 16 -1
16 348 1
348 16 1
16 369 1
369 16 1
16 402 1
402 16 1
16 449 1
449 16 1
17 25 1
25 17 1
17 85 1
85 17 1
17 110 1
110 17 1
17 115 -1
115 17 -1
17 130 1
130 17 1
17 151 -1
151 17 -1
17 268 -1
268 17 -1
17 331 -1
331 17 -1
17 375 1
375 17 1
17 385 1
385 17 1
17 409 -1
409 17 -1
17 458 1
458 17 1
17 479 1
479 17 1
17 481 -1
481 17 -1
18 26 1
26 18 1
18 30 1
30 18 1
18 35 1
35 18 1
18 39 1
39 18 1
18 94 1
94 18 1
18 132 1
132 18 1
18 137 1
137 18 1
18 149 1
149 18 1
18 182 1
182 18 1
18 185 1
185 18 1
18 186 1
186 18 1
18 269 1
269 18 1
18 275 1
275 18 1
18 355 1
355 18 1
18 357 -1
357 18 -1
18 391 1
391 18 1
18 413 1
413 18 1
18 451 1
451 18 1
18 455 -1
455 18 -1
19 69 1
69 19 1
19 126 1
126 19 1
19 167 1
167 19 1
19 175 1
175 19 1
19 177 1
177 19 1
19 191 -1
191 19 -1
19 213 1
213 19 1
19 301 1
301 19 1
19 427 1
427 19 1
19 489 1
489 19 1
19 490 1
490 19 1
20 25 1
25 20 1
20 50 1
50 20 1
20 58 -1
58 20 -1
20 78 -1
78 20 -1
20 84 1
84 20 1
20 89 1
89 20 1
20 110 1
110 20 1
20 118 -1
118 20 -1
20 151 1
151 20 1
20 186 -1
186 20 -1
20 188 -1
188 20 -1
20 191 -1
191 20 -1
20 219 1
219 20 1
20 261 1
261 20 1
20 266 -1
266 20 -1
20 268 -1
268 20 -1
20 281 1
281 20 1
20 319 1
319 20 1
20 328 1
328 20 1
20 331 1
331 20 1
20 338 1
338 20 1
20 375 1
375 20 1
20 380 1
380 20 1
20 385 1
385 20 1
20 395 1
395 20 1
20 409 1
409 20 1
20 418 -1
418 20 -1
20 422 1
422 20 1
20 426 -1
426 20 -1
20 429 1
429 20 1
20 439 1
439 20 1
20 453 -1
453 20 -1
20 458 1
458 20 1
20 459 1
459 20 1
20 479 1
479 20 1
20 484 1
484 20 1
21 62 1
62 21 1
21 63 1
63 21 1
21 78 -1
78 21 -1
21 150 1
150 21 1
21 177 1
177 21 1
21 189 1
189 21 1
21 191 -1
191 21 -1
21 200 1
200 21 1
21 213 1
213 21 1
21 238 -1
238 21 -1
21 243 -1
243 21 -1
21 252 -1
252 21 -1
21 262 -1
262 21 -1
21 271 1
271 21 1
21 307 1
307 21 1
21 339 1
339 21 1
21 349 1
349 21 1
21 353 1
353 21 1
21 354 -1
354 21 -1
21 377 1
377 21 1
21 381 1
381 21 1
21 386 -1
386 21 -1
21 387 1
387 21 1
21 392 1
392 21 1
21 398 1
398 21 1
21 415 1
415 21 1
21 423 -1
423 21 -1
21 427 1
427 21 1
21 443 1
443 21 1
21 447 1
447 21 1
22 125 1
125 22 1
22 141 1
141 22 1
22 179 1
179 22 1
22 193 1
193 22 1
22 215 1
215 22 1
22 278 1
278 22 1
22 326 -1
326 22 -1
22 361 -1
361 22 -1
22 410 -1
410 22 -1
22 481 1
481 22 1
23 42 1
42 23 1
23 179 1
179 23 1
23 193 1
193 23 1
23 215 1
215 23 1
23 277 1
277 23 1
23 278 1
278 23 1
23 299 -1
299 23 -1
23 389 1
389 23 1
23 410 1
410 23 1
23 473 1
473 23 1
23 481 1
481 23 1
24 87 -1
87 24 -1
24 140 -1
140 24 -1
24 166 1
166 24 1
24 167 1
167 24 1
24 182 1
182 24 1
24 189 1
189 24 1
24 200 1
200 24 1
24 213 1
213 24 1
24 233 1
233 24 1
24 243 1
243 24 1
24 290 1
290 24 1
24 307 1
307 24 1
24 341 1
341 24 1
24 368 1
368 24 1
24 376 -1
376 24 -1
24 377 1
377 24 1
24 387 1
387 24 1
24 427 1
427 24 1
24 495 1
495 24 1
25 29 -1
29 25 -1
25 46 1
46 25 1
25 50 1
50 25 1
25 78 1
78 25 1
25 79 1
79 25 1
25 84 -1
84 25 -1
25 85 1
85 25 1
25 89 1
89 25 1
25 96 -1
96 25 -1
25 110 1
110 25 1
25 114 1
114 25 1
25 130 1
130 25 1
25 151 1
151 25 1
25 179 -1
179 25 -1
25 188 1
188 25 1
25 219 1
219 25 1
25 261 1
261 25 1
25 268 1
268 25 1
25 281 1
281 25 1
25 299 1
299 25 1
25 319 -1
319 25 -1
25 328 -1
328 25 -1
25 331 1
331 25 1
25 338 1
338 25 1
25 340 -1
340 25 -1
25 364 -1
364 25 -1
25 375 1
375 25 1
25 376 -1
376 25 -1
25 380 1
380 25 1
25 385 1
385 25 1
25 395 -1
395 25 -1
25 409 -1
409 25 -1
25 418 -1
418 25 -1
25 422 1
422 25 1
25 429 1
429 25 1
25 439 1
439 25 1
25 453 -1
453 25 -1
25 456 1
456 25 1
25 458 -1
458 25 -1
25 459 1
459 25 1
25 479 1
479 25 1
25 484 1
484 25 1
26 81 1
81 26 1
26 231 -1
231 26 -1
26 264 1
264 26 1
26 289 1
289 26 1
26 294 1
294 26 1
26 326 1
326 26 1
26 366 1
366 26 1
26 378 -1
378 26 -1
26 400 1
400 26 1
26 426 -1
426 26 -1
27 44 1
44 27 1
27 78 -1
78 27 -1
27 86 1
86 27 1
27 93 1
93 27 1
27 111 1
111 27 1
27 121 1
121 27 1
27 123 1
123 27 1
27 227 1
227 27 1
27 285 1
285 27 1
27 316 1
316 27 1
27 336 1
336 27 1
27 363 -1
363 27 -1
27 406 1
406 27 1
27 412 1
412 27 1
27 427 -1
427 27 -1
27 467 -1
467 27 -1
27 471 1
471 27 1
27 490 1
490 27 1
28 70 1
70 28 1
28 72 1
72 28 1
28 158 1
158 28 1
28 184 1
184 28 1
28 199 1
199 28 1
28 226 -1
226 28 -1
28 241 1
241 28 1
28 253 1
253 28 1
28 254 -1
254 28 -1
28 286 1
286 28 1
28 327 1
327 28 1
28 351 1
351 28 1
28 388 1
388 28 1
28 393 -1
393 28 -1
28 398 -1
398 28 -1
28 416 1
416 28 1
28 422 -1
422 28 -1
28 424 1
424 28 1
28 462 1
462 28 1
28 466 1
466 28 1
29 30 1
30 29 1
29 35 1
35 29 1
29 37 1
37 29 1
29 39 1
39 29 1
29 52 1
52 29 1
29 93 -1
93 29 -1
29 94 1
94 29 1
29 98 1
98 29 1
29 132 1
132 29 1
29 149 1
149 29 1
29 182 1
182 29 1
29 185 -1
185 29 -1
29 188 -1
188 29 -1
29 196 1
196 29 1
29 217 -1
217 29 -1
29 229 1
229 29 1
29 275 1
275 29 1
29 279 1
279 29 1
29 286 1
286 29 1
29 306 1
306 29 1
29 331 1
331 29 1
29 344 1
344 29 1
29 365 1
365 29 1
29 391 1
391 29 1
29 430 1
430 29 1
29 433 1
433 29 1
29 451 -1
451 29 -1
29 457 1
457 29 1
30 37 1
37 30 1
30 39 1
39 30 1
30 48 1
48 30 1
30 49 1
49 30 1
30 52 1
52 30 1
30 92 -1
92 30 -1
30 94 1
94 30 1
30 98 1
98 30 1
30 104 -1
104 30 -1
30 132 1
132 30 1
30 137 -1
137 30 -1
30 145 1
145 30 1
30 149 1
149 30 1
30 171 1
171 30 1
30 182 1
182 30 1
30 185 1
185 30 1
30 196 1
196 30 1
30 217 1
217 30 1
30 223 -1
223 30 -1
30 261 -1
261 30 -1
30 269 -1
269 30 -1
30 274 1
274 30 1
30 275 1
275 30 1
30 279 1
279 30 1
30 286 1
286 30 1
30 306 1
306 30 1
30 322 1
322 30 1
30 328 -1
328 30 -1
30 342 1
342 30 1
30 344 1
344 30 1
30 349 -1
349 30 -1
30 350 -1
350 30 -1
30 355 1
355 30 1
30 358 1
358 30 1
30 365 1
365 30 1
30 391 1
391 30 1
30 407 -1
407 30 -1
30 413 -1
413 30 -1
30 430 1
430 30 1
30 433 1
433 30 1
30 451 1
451 30 1
30 457 1
457 30 1
30 476 1
476 30 1
30 480 1
480 30 1
31 79 -1
79 31 -1
31 159 1
159 31 1
31 230 1
230 31 1
31 235 1
235 31 1
31 330 -1
330 31 -1
31 348 1
348 31 1
31 369 1
369 31 1
31 402 1
402 31 1
31 449 1
449 31 1
32 92 1
92 32 1
32 99 1
99 32 1
32 113 1
113 32 1
32 182 -1
182 32 -1
32 311 -1
311 32 -1
32 324 -1
324 32 -1
32 390 1
390 32 1
32 399 1
399 32 1
32 436 1
436 32 1
32 445 1
445 32 1
33 36 1
36 33 1
33 80 1
80 33 1
33 106 1
106 33 1
33 148 -1
148 33 -1
33 161 -1
161 33 -1
33 194 1
194 33 1
33 201 1
201 33 1
33 204 1
204 33 1
33 220 1
220 33 1
33 221 1
221 33 1
33 245 1
245 33 1
33 246 1
246 33 1
33 253 -1
253 33 -1
33 281 -1
281 33 -1
33 298 1
298 33 1
33 344 -1
344 33 -1
33 350 1
350 33 1
33 352 1
352 33 1
33 354 1
354 33 1
33 359 1
359 33 1
33 408 1
408 33 1
33 428 1
428 33 1
33 434 1
434 33 1
33 444 1
444 33 1
34 65 1
65 34 1
34 75 1
75 34 1
34 97 1
97 34 1
34 119 1
119 34 1
34 152 -1
152 34 -1
34 174 1
174 34 1
34 259 1
259 34 1
34 317 1
317 34 1
34 319 -1
319 34 -1
34 470 1
470 34 1
35 37 1
37 35 1
35 39 1
39 35 1
35 48 1
48 35 1
35 49 1
49 35 1
35 75 -1
75 35 -1
35 94 1
94 35 1
35 105 -1
105 35 -1
35 132 1
132 35 1
35 135 1
135 35 1
35 137 1
137 35 1
35 140 1
140 35 1
35 145 1
145 35 1
35 149 1
149 35 1
35 156 1
156 35 1
35 182 1
182 35 1
35 186 1
186 35 1
35 196 1
196 35 1
35 217 1
217 35 1
35 229 1
229 35 1
35 275 1
275 35 1
35 286 1
286 35 1
35 306 1
306 35 1
35 322 1
322 35 1
35 344 1
344 35 1
35 355 1
355 35 1
35 358 1
358 35 1
35 365 1
365 35 1
35 384 -1
384 35 -1
35 391 1
391 35 1
35 396 1
396 35 1
35 430 1
430 35 1
35 433 -1
433 35 -1
35 451 -1
451 35 -1
35 457 1
457 35 1
35 459 -1
459 35 -1
35 476 1
476 35 1
35 480 1
480 35 1
36 160 1
160 36 1
36 161 1
161 36 1
36 201 1
201 36 1
36 220 1
220 36 1
36 221 -1
221 36 -1
36 245 1
245 36 1
36 298 1
298 36 1
36 350 1
350 36 1
36 352 1
352 36 1
36 408 1
408 36 1
36 428 1
428 36 1
36 434 1
434 36 1
36 444 1
444 36 1
36 472 -1
472 36 -1
36 487 -1
487 36 -1
37 49 1
49 37 1
37 132 -1
132 37 -1
37 149 1
149 37 1
37 182 1
182 37 1
37 220 -1
220 37 -1
37 229 1
229 37 1
37 344 1
344 37 1
37 423 -1
423 37 -1
37 476 -1
476 37 -1
38 43 1
43 38 1
38 56 -1
56 38 -1
38 62 -1
62 38 -1
38 87 1
87 38 1
38 93 -1
93 38 -1
38 103 1
103 38 1
38 115 1
115 38 1
38 116 -1
116 38 -1
38 133 1
133 38 1
38 146 1
146 38 1
38 169 1
169 38 1
38 181 1
181 38 1
38 197 -1
197 38 -1
38 202 1
202 38 1
38 206 1
206 38 1
38 210 -1
210 38 -1
38 244 1
244 38 1
38 248 1
248 38 1
38 250 1
250 38 1
38 255 1
255 38 1
38 256 1
256 38 1
38 263 1
263 38 1
38 284 -1
284 38 -1
38 291 1
291 38 1
38 292 1
292 38 1
38 305 -1
305 38 -1
38 310 1
310 38 1
38 337 1
337 38 1
38 361 -1
361 38 -1
38 382 1
382 38 1
38 415 -1
415 38 -1
38 472 1
472 38 1
38 498 1
498 38 1
39 48 1
48 39 1
39 49 1
49 39 1
39 52 1
52 39 1
39 94 1
94 39 1
39 98 1
98 39 1
39 132 1
132 39 1
39 137 1
137 39 1
39 138 -1
138 39 -1
39 171 1
171 39 1
39 182 1
182 39 1
39 186 -1
186 39 -1
39 191 1
191 39 1
39 207 1
207 39 1
39 212 -1
212 39 -1
39 217 1
217 39 1
39 223 1
223 39 1
39 275 1
275 39 1
39 279 1
279 39 1
39 306 1
306 39 1
39 344 1
344 39 1
39 355 1
355 39 1
39 358 1
358 39 1
39 396 1
396 39 1
39 400 -1
400 39 -1
39 433 -1
433 39 -1
39 454 -1
454 39 -1
39 476 1
476 39 1
39 480 1
480 39 1
40 93 -1
93 40 -1
40 111 1
111 40 1
40 121 1
121 40 1
40 156 1
156 40 1
40 227 1
227 40 1
40 272 1
272 40 1
40 285 -1
285 40 -1
40 303 -1
303 40 -1
40 316 1
316 40 1
40 372 1
372 40 1
40 406 1
406 40 1
40 412 1
412 40 1
40 467 -1
467 40 -1
40 490 1
490 40 1
40 491 1
491 40 1
41 45 -1
45 41 -1
41 66 1
66 41 1
41 71 1
71 41 1
41 73 1
73 41 1
41 82 -1
82 41 -1
41 96 1
96 41 1
41 100 1
100 41 1
41 128 1
128 41 1
41 164 1
164 41 1
41 190 -1
190 41 -1
41 203 1
203 41 1
41 252 -1
252 41 -1
41 283 1
283 41 1
41 300 1
300 41 1
41 303 1
303 41 1
41 315 1
315 41 1
41 340 1
340 41 1
41 362 1
362 41 1
41 392 -1
392 41 -1
41 418 -1
418 41 -1
41 425 1
425 41 1
41 431 1
431 41 1
41 432 1
432 41 1
41 450 -1
450 41 -1
41 458 -1
458 41 -1
42 55 1
55 42 1
42 96 -1
96 42 -1
42 125 1
125 42 1
42 179 1
179 42 1
42 193 1
193 42 1
42 215 1
215 42 1
42 231 -1
231 42 -1
42 277 1
277 42 1
42 278 1
278 42 1
42 307 -1
307 42 -1
42 308 -1
308 42 -1
42 333 1
333 42 1
42 364 1
364 42 1
42 383 1
383 42 1
42 389 1
389 42 1
42 401 1
401 42 1
42 410 1
410 42 1
42 426 1
426 42 1
42 473 1
473 42 1
42 481 -1
481 42 -1
42 498 1
498 42 1
43 56 1
56 43 1
43 78 -1
78 43 -1
43 87 1
87 43 1
43 95 1
95 43 1
43 115 -1
115 43 -1
43 116 1
116 43 1
43 121 -1
121 43 -1
43 133 -1
133 43 -1
43 146 1
146 43 1
43 169 -1
169 43 -1
43 184 -1
184 43 -1
43 197 1
197 43 1
43 202 1
202 43 1
43 210 1
210 43 1
43 222 1
222 43 1
43 228 1
228 43 1
43 244 -1
244 43 -1
43 256 1
256 43 1
43 262 1
262 43 1
43 273 1
273 43 1
43 277 -1
277 43 -1
43 288 -1
288 43 -1
43 291 1
291 43 1
43 292 1
292 43 1
43 310 1
310 43 1
43 337 1
337 43 1
43 421 1
421 43 1
43 423 1
423 43 1
43 472 1
472 43 1
43 474 -1
474 43 -1
43 478 1
478 43 1
43 497 1
497 43 1
44 86 -1
86 44 -1
44 111 -1
111 44 -1
44 156 1
156 44 1
44 227 1
227 44 1
44 266 -1
266 44 -1
44 357 1
357 44 1
44 406 1
406 44 1
44 412 1
412 44 1
44 467 1
467 44 1
44 471 -1
471 44 -1
44 490 1
490 44 1
44 497 -1
497 44 -1
45 94 -1
94 45 -1
45 140 1
140 45 1
45 144 1
144 45 1
45 173 1
173 45 1
45 243 1
243 45 1
45 290 1
290 45 1
45 307 1
307 45 1
45 353 -1
353 45 -1
45 377 1
377 45 1
45 392 -1
392 45 -1
46 49 1
49 46 1
46 78 -1
78 46 -1
46 110 1
110 46 1
46 151 1
151 46 1
46 188 1
188 46 1
46 375 1
375 46 1
46 385 1
385 46 1
46 409 1
409 46 1
46 479 1
479 46 1
47 53 1
53 47 1
47 56 1
56 47 1
47 68 -1
68 47 -1
47 87 1
87 47 1
47 101 1
101 47 1
47 109 1
109 47 1
47 143 -1
143 47 -1
47 160 -1
160 47 -1
47 244 1
244 47 1
47 248 1
248 47 1
47 255 -1
255 47 -1
47 361 1
361 47 1
47 382 -1
382 47 -1
47 472 -1
472 47 -1
48 49 1
49 48 1
48 94 1
94 48 1
48 132 1
132 48 1
48 217 1
217 48 1
48 275 1
275 48 1
48 279 1
279 48 1
48 306 1
306 48 1
48 344 1
344 48 1
48 355 1
355 48 1
48 410 -1
410 48 -1
48 421 -1
421 48 -1
48 430 -1
430 48 -1
48 476 1
476 48 1
49 52 1
52 49 1
49 84 -1
84 49 -1
49 94 1
94 49 1
49 98 1
98 49 1
49 132 1
132 49 1
49 137 1
137 49 1
49 149 -1
149 49 -1
49 167 -1
167 49 -1
49 182 1
182 49 1
49 185 1
185 49 1
49 186 1
186 49 1
49 207 1
207 49 1
49 275 1
275 49 1
49 286 1
286 49 1
49 306 1
306 49 1
49 342 1
342 49 1
49 344 1
344 49 1
49 355 1
355 49 1
49 358 1
358 49 1
49 391 1
391 49 1
49 397 -1
397 49 -1
49 433 1
433 49 1
49 467 -1
467 49 -1
49 476 -1
476 49 -1
49 480 1
480 49 1
50 78 1
78 50 1
50 110 1
110 50 1
50 130 1
130 50 1
50 151 -1
151 50 -1
50 331 1
331 50 1
50 375 1
375 50 1
50 385 1
385 50 1
50 387 1
387 50 1
50 395 -1
395 50 -1
50 409 1
409 50 1
50 420 -1
420 50 -1
50 458 -1
458 50 -1
50 459 1
459 50 1
50 479 -1
479 50 -1
51 58 -1
58 51 -1
51 63 1
63 51 1
51 72 -1
72 51 -1
51 105 -1
105 51 -1
51 144 1
144 51 1
51 177 1
177 51 1
51 191 1
191 51 1
51 200 -1
200 51 -1
51 243 1
243 51 1
51 290 1
290 51 1
51 377 1
377 51 1
51 386 1
386 51 1
51 391 -1
391 51 -1
51 392 -1
392 51 -1
51 454 1
454 51 1
51 495 1
495 51 1
52 94 1
94 52 1
52 210 -1
210 52 -1
52 239 -1
239 52 -1
52 344 1
344 52 1
52 355 1
355 52 1
52 358 1
358 52 1
52 396 1
396 52 1
53 56 1
56 53 1
53 109 1
109 53 1
53 115 1
115 53 1
53 120 -1
120 53 -1
53 133 1
133 53 1
53 169 1
169 53 1
53 210 1
210 53 1
53 244 1
244 53 1
53 248 1
248 53 1
53 255 1
255 53 1
53 256 1
256 53 1
53 263 1
263 53 1
53 273 1
273 53 1
53 292 1
292 53 1
53 305 1
305 53 1
53 310 1
310 53 1
53 337 1
337 53 1
53 350 -1
350 53 -1
53 355 -1
355 53 -1
53 361 1
361 53 1
53 382 1
382 53 1
53 412 -1
412 53 -1
53 421 1
421 53 1
53 446 1
446 53 1
53 472 -1
472 53 -1
53 497 -1
497 53 -1
54 65 -1
65 54 -1
54 160 -1
160 54 -1
54 193 -1
193 54 -1
54 216 1
216 54 1
54 231 -1
231 54 -1
54 260 1
260 54 1
54 345 -1
345 54 -1
54 346 1
346 54 1
54 374 1
374 54 1
54 442 1
442 54 1
54 465 1
465 54 1
54 469 1
469 54 1
55 63 -1
63 55 -1
55 136 -1
136 55 -1
55 141 1
141 55 1
55 179 1
179 55 1
55 193 -1
193 55 -1
55 215 1
215 55 1
55 278 1
278 55 1
55 410 1
410 55 1
55 426 1
426 55 1
55 473 1
473 55 1
55 481 1
481 55 1
56 87 -1
87 56 -1
56 94 -1
94 56 -1
56 95 1
95 56 1
56 101 1
101 56 1
56 106 -1
106 56 -1
56 109 -1
109 56 -1
56 112 -1
112 56 -1
56 115 1
115 56 1
56 116 1
116 56 1
56 133 1
133 56 1
56 146 1
146 56 1
56 169 1
169 56 1
56 181 1
181 56 1
56 182 1
182 56 1
56 197 1
197 56 1
56 202 1
202 56 1
56 210 1
210 56 1
56 228 1
228 56 1
56 244 1
244 56 1
56 248 1
248 56 1
56 250 1
250 56 1
56 255 1
255 56 1
56 256 1
256 56 1
56 262 1
262 56 1
56 288 1
288 56 1
56 291 1
291 56 1
56 305 1
305 56 1
56 310 1
310 56 1
56 332 1
332 56 1
56 337 1
337 56 1
56 361 1
361 56 1
56 382 1
382 56 1
56 397 -1
397 56 -1
56 423 1
423 56 1
56 428 -1
428 56 -1
56 446 -1
446 56 -1
56 458 -1
458 56 -1
56 472 1
472 56 1
56 478 1
478 56 1
56 490 1
490 56 1
56 497 -1
497 56 -1
56 498 1
498 56 1
57 60 -1
60 57 -1
57 91 1
91 57 1
57 120 1
120 57 1
57 142 1
142 57 1
57 160 1
160 57 1
57 197 -1
197 57 -1
57 217 1
217 57 1
57 231 1
231 57 1
57 289 1
289 57 1
57 294 -1
294 57 -1
57 326 -1
326 57 -1
57 378 1
378 57 1
57 400 1
400 57 1
57 420 1
420 57 1
57 442 1
442 57 1
58 76 -1
76 58 -1
58 140 1
140 58 1
58 191 1
191 58 1
58 200 1
200 58 1
58 243 1
243 58 1
58 290 1
290 58 1
58 301 1
301 58 1
58 306 -1
306 58 -1
58 307 1
307 58 1
58 377 1
377 58 1
58 392 1
392 58 1
58 447 1
447 58 1
58 454 1
454 58 1
58 485 1
485 58 1
59 141 1
141 59 1
59 179 1
179 59 1
59 277 1
277 59 1
59 304 1
304 59 1
59 364 1
364 59 1
59 383 1
383 59 1
59 389 1
389 59 1
59 410 1
410 59 1
59 453 1
453 59 1
59 481 1
481 59 1
60 77 -1
77 60 -1
60 81 1
81 60 1
60 90 1
90 60 1
60 91 1
91 60 1
60 102 1
102 60 1
60 103 1
103 60 1
60 120 1
120 60 1
60 142 1
142 60 1
60 191 1
191 60 1
60 231 1
231 60 1
60 250 -1
250 60 -1
60 260 1
260 60 1
60 289 1
289 60 1
60 293 1
293 60 1
60 294 1
294 60 1
60 326 1
326 60 1
60 400 1
400 60 1
60 420 1
420 60 1
60 430 -1
430 60 -1
60 442 1
442 60 1
60 461 1
461 60 1
61 106 1
106 61 1
61 155 -1
155 61 -1
61 161 1
161 61 1
61 201 1
201 61 1
61 220 1
220 61 1
61 221 -1
221 61 -1
61 298 1
298 61 1
61 433 1
433 61 1
61 434 1
434 61 1
61 444 1
444 61 1
62 140 1
140 62 1
62 191 1
191 62 1
62 200 1
200 62 1
62 233 1
233 62 1
62 238 1
238 62 1
62 243 1
243 62 1
62 290 1
290 62 1
62 349 1
349 62 1
62 353 1
353 62 1
62 381 1
381 62 1
62 386 1
386 62 1
62 458 -1
458 62 -1
62 459 -1
459 62 -1
62 495 1
495 62 1
63 173 1
173 63 1
63 177 1
177 63 1
63 200 1
200 63 1
63 243 1
243 63 1
63 258 1
258 63 1
63 290 1
290 63 1
63 307 1
307 63 1
63 326 -1
326 63 -1
63 353 1
353 63 1
63 392 1
392 63 1
63 443 1
443 63 1
64 110 -1
110 64 -1
64 140 1
140 64 1
64 154 1
154 64 1
64 177 1
177 64 1
64 200 1
200 64 1
64 257 -1
257 64 -1
64 307 1
307 64 1
64 377 1
377 64 1
64 387 1
387 64 1
64 392 1
392 64 1
64 405 1
405 64 1
64 415 1
415 64 1
64 427 1
427 64 1
64 447 -1
447 64 -1
64 454 1
454 64 1
65 67 1
67 65 1
65 119 1
119 65 1
65 174 1
174 65 1
65 259 1
259 65 1
65 318 1
318 65 1
65 464 1
464 65 1
65 483 1
483 65 1
65 496 -1
496 65 -1
66 73 1
73 66 1
66 82 1
82 66 1
66 140 -1
140 66 -1
66 164 1
164 66 1
66 190 1
190 66 1
66 203 1
203 66 1
66 252 -1
252 66 -1
66 315 -1
315 66 -1
66 340 1
340 66 1
66 347 1
347 66 1
66 362 1
362 66 1
66 425 1
425 66 1
66 432 1
432 66 1
66 450 1
450 66 1
66 488 -1
488 66 -1
67 75 1
75 67 1
67 88 1
88 67 1
67 97 1
97 67 1
67 119 1
119 67 1
67 134 -1
134 67 -1
67 195 1
195 67 1
67 259 1
259 67 1
67 317 1
317 67 1
67 402 1
402 67 1
67 464 1
464 67 1
67 483 1
483 67 1
67 496 1
496 67 1
68 109 -1
109 68 -1
68 140 1
140 68 1
68 167 1
167 68 1
68 243 1
243 68 1
68 290 1
290 68 1
68 386 1
386 68 1
68 427 1
427 68 1
68 454 1
454 68 1
68 475 1
475 68 1
68 489 -1
489 68 -1
69 150 1
150 69 1
69 177 1
177 69 1
69 199 -1
199 69 -1
69 243 1
243 69 1
69 290 1
290 69 1
69 301 -1
301 69 -1
69 341 1
341 69 1
69 353 1
353 69 1
69 381 1
381 69 1
69 392 -1
392 69 -1
69 427 1
427 69 1
69 478 -1
478 69 -1
70 158 1
158 70 1
70 183 1
183 70 1
70 199 1
199 70 1
70 237 1
237 70 1
70 258 1
258 70 1
70 327 1
327 70 1
70 351 1
351 70 1
70 389 -1
389 70 -1
70 416 1
416 70 1
70 424 1
424 70 1
70 442 -1
442 70 -1
70 462 1
462 70 1
71 94 -1
94 71 -1
71 96 1
96 71 1
71 100 1
100 71 1
71 190 1
190 71 1
71 203 -1
203 71 -1
71 283 1
283 71 1
71 300 1
300 71 1
71 303 1
303 71 1
71 384 -1
384 71 -1
71 450 1
450 71 1
72 133 1
133 72 1
72 158 1
158 72 1
72 183 1
183 72 1
72 184 1
184 72 1
72 241 1
241 72 1
72 253 1
253 72 1
72 254 1
254 72 1
72 327 1
327 72 1
72 416 -1
416 72 -1
72 448 1
448 72 1
72 462 1
462 72 1
73 96 1
96 73 1
73 128 1
128 73 1
73 252 -1
252 73 -1
73 315 1
315 73 1
73 344 1
344 73 1
73 425 1
425 73 1
73 432 1
432 73 1
73 450 1
450 73 1
74 153 1
153 74 1
74 154 -1
154 74 -1
74 159 1
159 74 1
74 214 1
214 74 1
74 235 1
235 74 1
74 260 -1
260 74 -1
74 284 -1
284 74 -1
74 360 -1
360 74 -1
74 402 -1
402 74 -1
74 449 1
449 74 1
74 477 1
477 74 1
75 88 1
88 75 1
75 97 1
97 75 1
75 108 1
108 75 1
75 119 1
119 75 1
75 152 -1
152 75 -1
75 165 1
165 75 1
75 166 -1
166 75 -1
75 174 1
174 75 1
75 195 1
195 75 1
75 236 1
236 75 1
75 240 1
240 75 1
75 250 -1
250 75 -1
75 259 1
259 75 1
75 287 1
287 75 1
75 312 1
312 75 1
75 317 1
317 75 1
75 318 1
318 75 1
75 320 -1
320 75 -1
75 464 1
464 75 1
75 470 -1
470 75 -1
75 483 1
483 75 1
75 493 1
493 75 1
75 496 1
496 75 1
76 140 1
140 76 1
76 177 1
177 76 1
76 243 1
243 76 1
76 255 -1
255 76 -1
76 285 -1
285 76 -1
76 290 1
290 76 1
76 353 1
353 76 1
76 377 1
377 76 1
76 398 1
398 76 1
77 92 1
92 77 1
77 99 1
99 77 1
77 104 1
104 77 1
77 113 1
113 77 1
77 134 1
134 77 1
77 148 1
148 77 1
77 205 1
205 77 1
77 222 -1
222 77 -1
77 224 1
224 77 1
77 276 1
276 77 1
77 311 1
311 77 1
77 324 1
324 77 1
77 390 1
390 77 1
77 417 1
417 77 1
77 419 -1
419 77 -1
77 436 1
436 77 1
77 445 1
445 77 1
77 488 1
488 77 1
78 79 1
79 78 1
78 85 1
85 78 1
78 89 1
89 78 1
78 110 1
110 78 1
78 114 1
114 78 1
78 151 1
151 78 1
78 229 -1
229 78 -1
78 261 1
261 78 1
78 268 1
268 78 1
78 281 -1
281 78 -1
78 299 1
299 78 1
78 319 -1
319 78 -1
78 331 -1
331 78 -1
78 338 1
338 78 1
78 375 1
375 78 1
78 376 1
376 78 1
78 380 1
380 78 1
78 385 1
385 78 1
78 389 -1
389 78 -1
78 395 -1
395 78 -1
78 409 -1
409 78 -1
78 418 1
418 78 1
78 422 1
422 78 1
78 429 1
429 78 1
78 439 1
439 78 1
78 458 1
458 78 1
78 459 1
459 78 1
78 479 -1
479 78 -1
79 84 1
84 79 1
79 110 -1
110 79 -1
79 114 1
114 79 1
79 126 -1
126 79 -1
79 151 -1
151 79 -1
79 188 -1
188 79 -1
79 261 1
261 79 1
79 281 1
281 79 1
79 331 1
331 79 1
79 375 1
375 79 1
79 380 1
380 79 1
79 385 1
385 79 1
79 409 1
409 79 1
79 439 1
439 79 1
79 458 -1
458 79 -1
79 459 1
459 79 1
79 475 -1
475 79 -1
79 479 1
479 79 1
80 161 -1
161 80 -1
80 221 1
221 80 1
80 251 1
251 80 1
80 298 1
298 80 1
80 350 1
350 80 1
80 354 -1
354 80 -1
80 434 1
434 80 1
80 444 -1
444 80 -1
80 487 1
487 80 1
81 90 1
90 81 1
81 103 -1
103 81 -1
81 118 1
118 81 1
81 120 1
120 81 1
81 127 1
127 81 1
81 140 -1
140 81 -1
81 142 1
142 81 1
81 160 1
160 81 1
81 163 1
163 81 1
81 209 -1
209 81 -1
81 231 -1
231 81 -1
81 260 1
260 81 1
81 264 1
264 81 1
81 268 -1
268 81 -1
81 274 -1
274 81 -1
81 282 1
282 81 1
81 289 1
289 81 1
81 293 1
293 81 1
81 294 1
294 81 1
81 326 1
326 81 1
81 345 1
345 81 1
81 364 1
364 81 1
81 366 1
366 81 1
81 373 -1
373 81 -1
81 374 1
374 81 1
81 378 1
378 81 1
81 400 1
400 81 1
81 442 1
442 81 1
81 461 1
461 81 1
81 465 1
465 81 1
81 468 1
468 81 1
82 96 1
96 82 1
82 190 -1
190 82 -1
82 203 1
203 82 1
82 252 -1
252 82 -1
82 300 1
300 82 1
82 317 -1
317 82 -1
82 347 1
347 82 1
82 431 1
431 82 1
83 93 1
93 83 1
83 111 1
111 83 1
83 260 -1
260 83 -1
83 272 1
272 83 1
83 357 1
357 83 1
83 406 1
406 83 1
83 412 1
412 83 1
83 416 -1
416 83 -1
83 467 1
467 83 1
83 471 -1
471 83 -1
84 85 1
85 84 1
84 151 1
151 84 1
84 188 1
188 84 1
84 375 1
375 84 1
84 409 1
409 84 1
84 479 1
479 84 1
85 89 1
89 85 1
85 120 -1
120 85 -1
85 151 1
151 85 1
85 219 1
219 85 1
85 331 1
331 85 1
85 355 -1
355 85 -1
85 375 1
375 85 1
85 376 1
376 85 1
85 380 1
380 85 1
85 385 1
385 85 1
85 456 1
456 85 1
85 458 1
458 85 1
85 479 1
479 85 1
86 111 1
111 86 1
86 121 1
121 86 1
86 122 -1
122 86 -1
86 156 1
156 86 1
86 184 -1
184 86 -1
86 316 1
316 86 1
86 356 1
356 86 1
86 357 1
357 86 1
86 467 1
467 86 1
86 490 -1
490 86 -1
87 95 1
95 87 1
87 112 -1
112 87 -1
87 115 1
115 87 1
87 133 1
133 87 1
87 169 1
169 87 1
87 177 1
177 87 1
87 181 1
181 87 1
87 202 1
202 87 1
87 210 1
210 87 1
87 228 -1
228 87 -1
87 248 1
248 87 1
87 263 1
263 87 1
87 292 1
292 87 1
87 337 1
337 87 1
87 361 1
361 87 1
87 382 1
382 87 1
87 384 -1
384 87 -1
87 419 1
419 87 1
87 446 -1
446 87 -1
87 472 1
472 87 1
88 108 -1
108 88 -1
88 119 -1
119 88 -1
88 152 -1
152 88 -1
88 165 1
165 88 1
88 236 1
236 88 1
88 287 1
287 88 1
88 318 1
318 88 1
88 331 -1
331 88 -1
88 422 -1
422 88 -1
88 464 1
464 88 1
88 470 1
470 88 1
88 483 1
483 88 1
89 110 1
110 89 1
89 114 1
114 89 1
89 143 -1
143 89 -1
89 151 1
151 89 1
89 188 1
188 89 1
89 281 1
281 89 1
89 297 -1
297 89 -1
89 331 1
331 89 1
89 375 -1
375 89 -1
89 380 1
380 89 1
89 385 1
385 89 1
89 409 1
409 89 1
89 458 1
458 89 1
89 459 -1
459 89 -1
89 478 -1
478 89 -1
89 479 1
479 89 1
90 142 1
142 90 1
90 160 1
160 90 1
90 231 1
231 90 1
90 239 -1
239 90 -1
90 282 1
282 90 1
90 289 1
289 90 1
90 294 1
294 90 1
90 326 1
326 90 1
90 345 -1
345 90 -1
90 366 1
366 90 1
90 400 1
400 90 1
90 408 -1
408 90 -1
90 420 1
420 90 1
90 442 1
442 90 1
90 465 1
465 90 1
91 120 1
120 91 1
91 160 -1
160 91 -1
91 169 1
169 91 1
91 231 1
231 91 1
91 289 1
289 91 1
91 326 1
326 91 1
91 366 1
366 91 1
91 387 1
387 91 1
91 420 1
420 91 1
92 99 1
99 92 1
92 104 1
104 92 1
92 113 1
113 92 1
92 148 1
148 92 1
92 205 1
205 92 1
92 208 1
208 92 1
92 224 1
224 92 1
92 247 1
247 92 1
92 276 1
276 92 1
92 303 -1
303 92 -1
92 307 -1
307 92 -1
92 311 1
311 92 1
92 323 1
323 92 1
92 324 1
324 92 1
92 367 1
367 92 1
92 371 1
371 92 1
92 390 1
390 92 1
92 399 -1
399 92 -1
92 414 -1
414 92 -1
92 417 1
417 92 1
92 419 1
419 92 1
92 435 1
435 92 1
92 436 1
436 92 1
92 445 1
445 92 1
92 463 1
463 92 1
92 488 1
488 92 1
93 111 1
111 93 1
93 121 -1
121 93 -1
93 136 1
136 93 1
93 156 -1
156 93 -1
93 227 1
227 93 1
93 272 1
272 93 1
93 280 1
280 93 1
93 285 1
285 93 1
93 306 1
306 93 1
93 316 1
316 93 1
93 325 -1
325 93 -1
93 336 -1
336 93 -1
93 357 1
357 93 1
93 392 -1
392 93 -1
93 406 1
406 93 1
93 407 1
407 93 1
93 412 1
412 93 1
93 414 1
414 93 1
93 438 1
438 93 1
93 467 1
467 93 1
93 471 1
471 93 1
93 490 -1
490 93 -1
94 132 1
132 94 1
94 135 -1
135 94 -1
94 145 1
145 94 1
94 149 1
149 94 1
94 168 1
168 94 1
94 171 1
171 94 1
94 182 1
182 94 1
94 185 1
185 94 1
94 186 1
186 94 1
94 196 1
196 94 1
94 217 1
217 94 1
94 223 1
223 94 1
94 229 1
229 94 1
94 269 1
269 94 1
94 274 1
274 94 1
94 279 1
279 94 1
94 286 1
286 94 1
94 289 -1
289 94 -1
94 294 -1
294 94 -1
94 301 1
301 94 1
94 306 1
306 94 1
94 322 1
322 94 1
94 342 1
342 94 1
94 344 -1
344 94 -1
94 355 1
355 94 1
94 358 1
358 94 1
94 391 1
391 94 1
94 396 -1
396 94 -1
94 402 -1
402 94 -1
94 413 1
413 94 1
94 433 1
433 94 1
94 451 1
451 94 1
94 457 1
457 94 1
94 476 1
476 94 1
94 480 1
480 94 1
95 101 1
101 95 1
95 112 1
112 95 1
95 115 1
115 95 1
95 116 1
116 95 1
95 133 1
133 95 1
95 169 1
169 95 1
95 197 1
197 95 1
95 206 1
206 95 1
95 210 1
210 95 1
95 222 1
222 95 1
95 230 1
230 95 1
95 244 1
244 95 1
95 250 1
250 95 1
95 255 1
255 95 1
95 288 -1
288 95 -1
95 305 1
305 95 1
95 308 -1
308 95 -1
95 317 -1
317 95 -1
95 361 1
361 95 1
95 382 1
382 95 1
95 440 1
440 95 1
95 478 1
478 95 1
95 497 -1
497 95 -1
96 100 1
100 96 1
96 128 1
128 96 1
96 164 1
164 96 1
96 190 1
190 96 1
96 203 1
203 96 1
96 252 1
252 96 1
96 283 1
283 96 1
96 300 1
300 96 1
96 303 1
303 96 1
96 315 1
315 96 1
96 340 1
340 96 1
96 362 1
362 96 1
96 409 -1
409 96 -1
96 425 1
425 96 1
96 430 -1
430 96 -1
96 431 1
431 96 1
96 432 1
432 96 1
96 450 -1
450 96 -1
97 152 1
152 97 1
97 174 1
174 97 1
97 195 1
195 97 1
97 200 -1
200 97 -1
97 236 -1
236 97 -1
97 240 1
240 97 1
97 259 1
259 97 1
97 275 1
275 97 1
97 312 1
312 97 1
97 318 1
318 97 1
97 470 1
470 97 1
97 473 -1
473 97 -1
97 483 1
483 97 1
97 496 -1
496 97 -1
98 275 1
275 98 1
98 335 -1
335 98 -1
98 338 -1
338 98 -1
98 344 1
344 98 1
98 355 1
355 98 1
98 391 1
391 98 1
98 396 1
396 98 1
98 430 1
430 98 1
99 104 1
104 99 1
99 113 1
113 99 1
99 134 -1
134 99 -1
99 148 1
148 99 1
99 205 1
205 99 1
99 221 -1
221 99 -1
99 224 1
224 99 1
99 247 1
247 99 1
99 268 -1
268 99 -1
99 276 1
276 99 1
99 311 -1
311 99 -1
99 323 1
323 99 1
99 324 1
324 99 1
99 326 -1
326 99 -1
99 367 1
367 99 1
99 371 1
371 99 1
99 390 1
390 99 1
99 399 1
399 99 1
99 417 1
417 99 1
99 419 1
419 99 1
99 436 1
436 99 1
99 445 1
445 99 1
99 463 1
463 99 1
100 101 -1
101 100 -1
100 128 1
128 100 1
100 164 1
164 100 1
100 190 1
190 100 1
100 203 1
203 100 1
100 252 1
252 100 1
100 283 1
283 100 1
100 300 1
300 100 1
100 303 1
303 100 1
100 315 1
315 100 1
100 362 1
362 100 1
100 379 -1
379 100 -1
100 432 1
432 100 1
101 169 1
169 101 1
101 210 1
210 101 1
101 361 -1
361 101 -1
101 421 1
421 101 1
101 438 -1
438 101 -1
101 472 1
472 101 1
101 497 1
497 101 1
102 103 1
103 102 1
102 118 1
118 102 1
102 120 1
120 102 1
102 132 -1
132 102 -1
102 151 -1
151 102 -1
102 160 1
160 102 1
102 163 1
163 102 1
102 231 1
231 102 1
102 260 1
260 102 1
102 273 -1
273 102 -1
102 282 1
282 102 1
102 289 1
289 102 1
102 294 1
294 102 1
102 326 1
326 102 1
102 345 -1
345 102 -1
102 366 1
366 102 1
102 400 1
400 102 1
102 420 1
420 102 1
103 118 1
118 103 1
103 120 1
120 103 1
103 160 1
160 103 1
103 231 1
231 103 1
103 260 1
260 103 1
103 282 1
282 103 1
103 326 1
326 103 1
103 345 1
345 103 1
103 366 1
366 103 1
103 432 -1
432 103 -1
103 450 1
450 103 1
104 113 -1
113 104 -1
104 276 1
276 104 1
104 296 -1
296 104 -1
104 311 1
311 104 1
104 390 1
390 104 1
104 399 1
399 104 1
104 400 -1
400 104 -1
104 417 1
417 104 1
104 419 1
419 104 1
104 435 1
435 104 1
104 436 1
436 104 1
104 463 -1
463 104 -1
104 488 1
488 104 1
105 166 1
166 105 1
105 254 1
254 105 1
105 290 1
290 105 1
105 307 1
307 105 1
105 341 1
341 105 1
105 353 -1
353 105 -1
105 377 1
377 105 1
105 427 1
427 105 1
106 155 1
155 106 1
106 194 1
194 106 1
106 201 1
201 106 1
106 210 -1
210 106 -1
106 221 1
221 106 1
106 298 1
298 106 1
106 408 1
408 106 1
106 434 1
434 106 1
106 444 1
444 106 1
106 487 1
487 106 1
107 138 1
138 107 1
107 139 -1
139 107 -1
107 144 -1
144 107 -1
107 172 1
172 107 1
107 297 1
297 107 1
107 314 1
314 107 1
107 384 1
384 107 1
107 424 -1
424 107 -1
107 437 1
437 107 1
107 455 1
455 107 1
108 119 -1
119 108 -1
108 163 1
163 108 1
108 165 1
165 108 1
108 174 1
174 108 1
108 236 1
236 108 1
108 317 1
317 108 1
108 457 -1
457 108 -1
108 464 1
464 108 1
108 483 1
483 108 1
108 492 -1
492 108 -1
108 493 1
493 108 1
108 496 1
496 108 1
109 115 1
115 109 1
109 116 1
116 109 1
109 169 1
169 109 1
109 210 1
210 109 1
109 237 -1
237 109 -1
109 244 1
244 109 1
109 248 1
248 109 1
109 255 1
255 109 1
109 305 1
305 109 1
109 436 -1
436 109 -1
109 472 1
472 109 1
110 114 1
114 110 1
110 119 -1
119 110 -1
110 151 1
151 110 1
110 188 1
188 110 1
110 219 -1
219 110 -1
110 261 1
261 110 1
110 268 1
268 110 1
110 271 -1
271 110 -1
110 281 1
281 110 1
110 319 1
319 110 1
110 331 -1
331 110 -1
110 338 1
338 110 1
110 375 1
375 110 1
110 376 1
376 110 1
110 380 1
380 110 1
110 385 1
385 110 1
110 395 1
395 110 1
110 409 1
409 110 1
110 418 1
418 110 1
110 422 1
422 110 1
110 439 1
439 110 1
110 445 -1
445 110 -1
110 453 1
453 110 1
110 456 1
456 110 1
110 458 1
458 110 1
110 459 -1
459 110 -1
110 479 -1
479 110 -1
110 481 -1
481 110 -1
110 484 1
484 110 1
111 116 1
116 111 1
111 117 1
117 111 1
111 121 1
121 111 1
111 123 -1
123 111 -1
111 133 -1
133 111 -1
111 136 1
136 111 1
111 156 -1
156 111 -1
111 157 1
157 111 1
111 192 -1
192 111 -1
111 227 1
227 111 1
111 272 1
272 111 1
111 280 -1
280 111 -1
111 285 1
285 111 1
111 315 -1
315 111 -1
111 316 1
316 111 1
111 325 -1
325 111 -1
111 356 1
356 111 1
111 357 -1
357 111 -1
111 406 1
406 111 1
111 407 1
407 111 1
111 412 1
412 111 1
111 414 1
414 111 1
111 466 -1
466 111 -1
111 467 -1
467 111 -1
111 471 1
471 111 1
111 490 -1
490 111 -1
111 491 1
491 111 1
111 497 -1
497 111 -1
112 116 1
116 112 1
112 306 -1
306 112 -1
112 332 1
332 112 1
112 337 1
337 112 1
112 361 1
361 112 1
112 382 -1
382 112 -1
112 392 -1
392 112 -1
112 497 1
497 112 1
113 203 1
203 113 1
113 297 -1
297 113 -1
113 323 1
323 113 1
113 390 1
390 113 1
113 445 1
445 113 1
114 216 -1
216 114 -1
114 261 1
261 114 1
114 281 1
281 114 1
114 375 1
375 114 1
114 385 1
385 114 1
114 409 1
409 114 1
114 421 -1
421 114 -1
114 458 1
458 114 1
114 479 1
479 114 1
115 132 -1
132 115 -1
115 133 1
133 115 1
115 146 1
146 115 1
115 169 1
169 115 1
115 197 1
197 115 1
115 202 1
202 115 1
115 206 1
206 115 1
115 210 1
210 115 1
115 222 1
222 115 1
115 228 1
228 115 1
115 244 1
244 115 1
115 248 1
248 115 1
115 255 -1
255 115 -1
115 260 -1
260 115 -1
115 262 1
262 115 1
115 263 1
263 115 1
115 291 1
291 115 1
115 292 1
292 115 1
115 305 1
305 115 1
115 310 1
310 115 1
115 332 1
332 115 1
115 337 1
337 115 1
115 361 1
361 115 1
115 382 1
382 115 1
115 385 -1
385 115 -1
115 440 1
440 115 1
115 456 -1
456 115 -1
115 468 -1
468 115 -1
115 498 1
498 115 1
116 146 1
146 116 1
116 167 -1
167 116 -1
116 169 -1
169 116 -1
116 181 1
181 116 1
116 210 1
210 116 1
116 228 1
228 116 1
116 244 1
244 116 1
116 248 1
248 116 1
116 250 1
250 116 1
116 255 1
255 116 1
116 256 1
256 116 1
116 291 1
291 116 1
116 292 1
292 116 1
116 337 1
337 116 1
116 361 -1
361 116 -1
116 382 -1
382 116 -1
116 430 -1
430 116 -1
116 446 1
446 116 1
116 447 -1
447 116 -1
116 478 1
478 116 1
116 498 1
498 116 1
117 121 1
121 117 1
117 156 -1
156 117 -1
117 227 1
227 117 1
117 327 -1
327 117 -1
117 357 1
357 117 1
117 467 1
467 117 1
117 471 1
471 117 1
117 490 -1
490 117 -1
117 491 1
491 117 1
118 120 -1
120 118 -1
118 142 1
142 118 1
118 160 1
160 118 1
118 231 1
231 118 1
118 260 1
260 118 1
118 282 1
282 118 1
118 289 1
289 118 1
118 294 -1
294 118 -1
118 326 1
326 118 1
118 345 1
345 118 1
118 348 -1
348 118 -1
118 366 -1
366 118 -1
118 378 -1
378 118 -1
118 420 1
420 118 1
118 442 1
442 118 1
118 465 1
465 118 1
118 479 -1
479 118 -1
119 152 1
152 119 1
119 174 1
174 119 1
119 195 1
195 119 1
119 236 1
236 119 1
119 240 1
240 119 1
119 289 -1
289 119 -1
119 312 1
312 119 1
119 318 1
318 119 1
119 326 -1
326 119 -1
119 464 1
464 119 1
119 483 1
483 119 1
119 493 1
493 119 1
119 496 1
496 119 1
120 142 1
142 120 1
120 160 1
160 120 1
120 163 1
163 120 1
120 209 1
209 120 1
120 212 1
212 120 1
120 231 1
231 120 1
120 243 -1
243 120 -1
120 260 1
260 120 1
120 264 -1
264 120 -1
120 289 1
289 120 1
120 293 1
293 120 1
120 294 1
294 120 1
120 326 1
326 120 1
120 345 1
345 120 1
120 346 1
346 120 1
120 347 -1
347 120 -1
120 366 -1
366 120 -1
120 374 -1
374 120 -1
120 420 1
420 120 1
120 441 1
441 120 1
120 442 1
442 120 1
120 461 1
461 120 1
120 465 1
465 120 1
120 469 1
469 120 1
120 480 1
480 120 1
121 151 -1
151 121 -1
121 156 1
156 121 1
121 157 1
157 121 1
121 227 1
227 121 1
121 272 1
272 121 1
121 316 1
316 121 1
121 325 -1
325 121 -1
121 336 -1
336 121 -1
121 345 -1
345 121 -1
121 356 1
356 121 1
121 357 -1
357 121 -1
121 406 -1
406 121 -1
121 407 1
407 121 1
121 412 1
412 121 1
121 414 1
414 121 1
121 438 1
438 121 1
121 467 -1
467 121 -1
121 471 1
471 121 1
121 490 -1
490 121 -1
121 495 -1
495 121 -1
122 143 1
143 122 1
122 176 1
176 122 1
122 296 -1
296 122 -1
122 313 1
313 122 1
122 363 1
363 122 1
122 379 1
379 122 1
122 394 1
394 122 1
122 403 1
403 122 1
122 404 1
404 122 1
122 452 1
452 122 1
122 460 -1
460 122 -1
122 474 1
474 122 1
122 486 1
486 122 1
122 494 1
494 122 1
123 196 -1
196 123 -1
123 243 -1
243 123 -1
123 316 1
316 123 1
123 406 1
406 123 1
123 407 1
407 123 1
123 412 1
412 123 1
123 467 -1
467 123 -1
123 490 1
490 123 1
124 125 -1
125 124 -1
124 179 1
179 124 1
124 194 -1
194 124 -1
124 215 1
215 124 1
124 277 -1
277 124 -1
124 364 -1
364 124 -1
124 389 1
389 124 1
124 481 1
481 124 1
124 483 -1
483 124 -1
125 141 -1
141 125 -1
125 179 1
179 125 1
125 186 -1
186 125 -1
125 193 -1
193 125 -1
125 215 1
215 125 1
125 267 1
267 125 1
125 277 1
277 125 1
125 278 1
278 125 1
125 302 1
302 125 1
125 304 1
304 125 1
125 333 1
333 125 1
125 360 -1
360 125 -1
125 364 1
364 125 1
125 369 -1
369 125 -1
125 383 1
383 125 1
125 410 1
410 125 1
125 426 -1
426 125 -1
125 473 1
473 125 1
125 481 -1
481 125 -1
126 140 1
140 126 1
126 167 1
167 126 1
126 175 1
175 126 1
126 177 1
177 126 1
126 200 1
200 126 1
126 290 1
290 126 1
126 377 -1
377 126 -1
126 454 -1
454 126 -1
127 153 -1
153 127 -1
127 231 1
231 127 1
127 260 1
260 127 1
127 282 1
282 127 1
127 289 1
289 127 1
127 326 1
326 127 1
127 345 1
345 127 1
127 366 1
366 127 1
127 393 -1
393 127 -1
127 420 1
420 127 1
127 442 1
442 127 1
128 141 -1
141 128 -1
128 190 1
190 128 1
128 203 1
203 128 1
128 252 1
252 128 1
128 347 1
347 128 1
128 362 -1
362 128 -1
128 431 -1
431 128 -1
128 450 1
450 128 1
128 486 -1
486 128 -1
129 153 1
153 129 1
129 156 -1
156 129 -1
129 159 1
159 129 1
129 235 1
235 129 1
129 248 -1
248 129 -1
129 284 1
284 129 1
129 348 1
348 129 1
129 360 1
360 129 1
130 238 1
238 130 1
130 319 1
319 130 1
130 375 1
375 130 1
130 380 1
380 130 1
130 389 1
389 130 1
130 409 1
409 130 1
130 456 1
456 130 1
130 479 1
479 130 1
131 143 1
143 131 1
131 176 1
176 131 1
131 225 1
225 131 1
131 296 -1
296 131 -1
131 330 1
330 131 1
131 366 -1
366 131 -1
131 394 1
394 131 1
131 403 1
403 131 1
131 412 -1
412 131 -1
131 452 1
452 131 1
132 135 1
135 132 1
132 137 1
137 132 1
132 139 -1
139 132 -1
132 140 -1
140 132 -1
132 145 -1
145 132 -1
132 168 1
168 132 1
132 177 -1
177 132 -1
132 182 -1
182 132 -1
132 185 1
185 132 1
132 207 1
207 132 1
132 217 1
217 132 1
132 223 -1
223 132 -1
132 245 -1
245 132 -1
132 269 1
269 132 1
132 274 1
274 132 1
132 275 -1
275 132 -1
132 279 -1
279 132 -1
132 286 1
286 132 1
132 306 -1
306 132 -1
132 322 -1
322 132 -1
132 337 1
337 132 1
132 342 1
342 132 1
132 344 1
344 132 1
132 355 1
355 132 1
132 358 1
358 132 1
132 365 -1
365 132 -1
132 391 1
391 132 1
132 396 1
396 132 1
132 429 1
429 132 1
132 430 1
430 132 1
132 451 1
451 132 1
132 457 -1
457 132 -1
132 476 1
476 132 1
132 480 1
480 132 1
133 169 1
169 133 1
133 210 1
210 133 1
133 256 1
256 133 1
133 288 1
288 133 1
133 291 1
291 133 1
133 337 -1
337 133 -1
133 361 1
361 133 1
133 380 -1
380 133 -1
133 382 1
382 133 1
133 421 1
421 133 1
133 472 1
472 133 1
133 478 1
478 133 1
133 497 1
497 133 1
133 498 1
498 133 1
134 148 -1
148 134 -1
134 254 -1
254 134 -1
134 311 1
311 134 1
134 323 1
323 134 1
134 390 1
390 134 1
134 419 1
419 134 1
134 436 1
436 134 1
134 445 1
445 134 1
135 182 1
182 135 1
135 185 -1
185 135 -1
135 212 -1
212 135 -1
135 269 1
269 135 1
135 275 1
275 135 1
135 391 1
391 135 1
135 420 -1
420 135 -1
135 430 1
430 135 1
136 156 1
156 136 1
136 178 -1
178 136 -1
136 227 1
227 136 1
136 316 1
316 136 1
136 336 1
336 136 1
136 406 1
406 136 1
136 407 1
407 136 1
136 433 -1
433 136 -1
136 467 1
467 136 1
136 471 1
471 136 1
136 490 1
490 136 1
137 149 1
149 137 1
137 151 -1
151 137 -1
137 182 -1
182 137 -1
137 186 1
186 137 1
137 207 1
207 137 1
137 229 1
229 137 1
137 269 1
269 137 1
137 274 1
274 137 1
137 275 -1
275 137 -1
137 286 1
286 137 1
137 306 1
306 137 1
137 322 1
322 137 1
137 342 1
342 137 1
137 344 1
344 137 1
137 352 -1
352 137 -1
137 355 -1
355 137 -1
137 358 1
358 137 1
137 365 1
365 137 1
137 377 -1
377 137 -1
137 396 1
396 137 1
137 430 1
430 137 1
137 451 1
451 137 1
137 457 1
457 137 1
137 476 1
476 137 1
137 479 -1
479 137 -1
137 480 -1
480 137 -1
137 497 -1
497 137 -1
138 139 1
139 138 1
138 170 -1
170 138 -1
138 172 -1
172 138 -1
138 234 1
234 138 1
138 239 1
239 138 1
138 257 1
257 138 1
138 297 1
297 138 1
138 309 -1
309 138 -1
138 329 1
329 138 1
138 372 1
372 138 1
138 384 1
384 138 1
138 396 -1
396 138 -1
139 172 1
172 139 1
139 178 1
178 139 1
139 180 -1
180 139 -1
139 234 1
234 139 1
139 239 1
239 139 1
139 249 1
249 139 1
139 257 1
257 139 1
139 265 1
265 139 1
139 271 -1
271 139 -1
139 297 -1
297 139 -1
139 309 1
309 139 1
139 314 1
314 139 1
139 321 1
321 139 1
139 329 1
329 139 1
139 334 1
334 139 1
139 372 1
372 139 1
139 384 1
384 139 1
139 437 1
437 139 1
139 442 -1
442 139 -1
139 451 -1
451 139 -1
139 455 1
455 139 1
139 482 1
482 139 1
139 492 -1
492 139 -1
140 150 1
150 140 1
140 162 1
162 140 1
140 165 -1
165 140 -1
140 166 1
166 140 1
140 167 1
167 140 1
140 173 1
173 140 1
140 177 1
177 140 1
140 233 1
233 140 1
140 238 1
238 140 1
140 243 1
243 140 1
140 271 -1
271 140 -1
140 290 1
290 140 1
140 295 1
295 140 1
140 307 1
307 140 1
140 320 1
320 140 1
140 343 -1
343 140 -1
140 349 1
349 140 1
140 353 1
353 140 1
140 377 1
377 140 1
140 381 -1
381 140 -1
140 386 1
386 140 1
140 397 1
397 140 1
140 398 1
398 140 1
140 411 1
411 140 1
140 416 -1
416 140 -1
140 427 1
427 140 1
140 447 1
447 140 1
140 454 1
454 140 1
140 475 -1
475 140 -1
141 179 1
179 141 1
141 193 1
193 141 1
141 215 1
215 141 1
141 267 1
267 141 1
141 277 1
277 141 1
141 278 1
278 141 1
141 333 1
333 141 1
141 364 1
364 141 1
141 383 -1
383 141 -1
141 389 1
389 141 1
141 401 1
401 141 1
141 410 1
410 141 1
141 429 1
429 141 1
141 445 -1
445 141 -1
141 451 -1
451 141 -1
141 473 1
473 141 1
141 481 1
481 141 1
142 173 1
173 142 1
142 231 -1
231 142 -1
142 260 1
260 142 1
142 264 1
264 142 1
142 282 1
282 142 1
142 288 -1
288 142 -1
142 289 1
289 142 1
142 293 1
293 142 1
142 294 -1
294 142 -1
142 312 -1
312 142 -1
142 326 -1
326 142 -1
142 346 1
346 142 1
142 366 1
366 142 1
142 378 1
378 142 1
142 400 1
400 142 1
142 420 1
420 142 1
142 441 1
441 142 1
142 442 -1
442 142 -1
142 461 1
461 142 1
142 465 1
465 142 1
142 469 1
469 142 1
142 479 1
479 142 1
142 493 -1
493 142 -1
143 176 1
176 143 1
143 198 1
198 143 1
143 225 1
225 143 1
143 296 1
296 143 1
143 330 1
330 143 1
143 363 1
363 143 1
143 379 1
379 143 1
143 394 1
394 143 1
143 403 1
403 143 1
143 404 1
404 143 1
143 408 -1
408 143 -1
143 452 1
452 143 1
143 460 1
460 143 1
143 474 1
474 143 1
143 486 1
486 143 1
143 494 1
494 143 1
143 499 1
499 143 1
144 167 1
167 144 1
144 177 1
177 144 1
144 200 1
200 144 1
144 290 1
290 144 1
144 295 1
295 144 1
144 387 1
387 144 1
144 443 -1
443 144 -1
144 469 -1
469 144 -1
145 149 1
149 145 1
145 223 1
223 145 1
145 235 -1
235 145 -1
145 275 1
275 145 1
145 306 1
306 145 1
145 344 1
344 145 1
145 370 -1
370 145 -1
145 387 -1
387 145 -1
145 396 1
396 145 1
145 430 1
430 145 1
145 451 1
451 145 1
146 169 1
169 146 1
146 244 1
244 146 1
146 255 1
255 146 1
146 305 1
305 146 1
146 337 1
337 146 1
146 355 -1
355 146 -1
146 361 1
361 146 1
146 382 1
382 146 1
146 472 1
472 146 1
146 489 1
489 146 1
147 176 -1
176 147 -1
147 187 -1
187 147 -1
147 201 -1
201 147 -1
147 296 1
296 147 1
147 330 1
330 147 1
147 363 1
363 147 1
147 379 -1
379 147 -1
147 394 1
394 147 1
147 403 1
403 147 1
147 460 1
460 147 1
147 494 -1
494 147 -1
148 205 -1
205 148 -1
148 276 1
276 148 1
148 323 1
323 148 1
148 324 1
324 148 1
148 390 1
390 148 1
148 400 -1
400 148 -1
148 445 1
445 148 1
148 463 1
463 148 1
148 488 1
488 148 1
149 168 -1
168 149 -1
149 171 1
171 149 1
149 182 1
182 149 1
149 185 1
185 149 1
149 186 1
186 149 1
149 204 1
204 149 1
149 217 1
217 149 1
149 274 1
274 149 1
149 275 1
275 149 1
149 279 1
279 149 1
149 306 1
306 149 1
149 342 1
342 149 1
149 344 1
344 149 1
149 365 1
365 149 1
149 377 -1
377 149 -1
149 391 1
391 149 1
149 394 -1
394 149 -1
149 409 1
409 149 1
149 413 -1
413 149 -1
149 417 -1
417 149 -1
149 430 1
430 149 1
149 433 1
433 149 1
149 457 -1
457 149 -1
149 476 1
476 149 1
149 480 1
480 149 1
150 238 1
238 150 1
150 251 -1
251 150 -1
150 290 1
290 150 1
150 307 1
307 150 1
150 318 -1
318 150 -1
150 353 1
353 150 1
150 387 1
387 150 1
150 454 -1
454 150 -1
151 188 1
188 151 1
151 219 1
219 151 1
151 261 1
261 151 1
151 268 1
268 151 1
151 281 1
281 151 1
151 299 1
299 151 1
151 331 1
331 151 1
151 338 1
338 151 1
151 347 -1
347 151 -1
151 375 1
375 151 1
151 380 1
380 151 1
151 385 1
385 151 1
151 395 -1
395 151 -1
151 409 1
409 151 1
151 418 1
418 151 1
151 429 1
429 151 1
151 439 1
439 151 1
151 448 -1
448 151 -1
151 450 -1
450 151 -1
151 456 1
456 151 1
151 458 1
458 151 1
151 459 1
459 151 1
151 479 1
479 151 1
152 165 1
165 152 1
152 195 1
195 152 1
152 244 -1
244 152 -1
152 259 -1
259 152 -1
152 308 -1
308 152 -1
152 317 1
317 152 1
152 318 1
318 152 1
152 464 1
464 152 1
152 483 -1
483 152 -1
152 496 1
496 152 1
153 159 1
159 153 1
153 187 1
187 153 1
153 211 1
211 153 1
153 214 1
214 153 1
153 218 1
218 153 1
153 230 1
230 153 1
153 235 1
235 153 1
153 251 -1
251 153 -1
153 266 1
266 153 1
153 284 1
284 153 1
153 313 -1
313 153 -1
153 348 1
348 153 1
153 360 1
360 153 1
153 368 -1
368 153 -1
153 369 1
369 153 1
153 402 -1
402 153 -1
153 427 1
427 153 1
153 449 1
449 153 1
153 477 -1
477 153 -1
154 189 1
189 154 1
154 256 -1
256 154 -1
154 307 1
307 154 1
154 353 1
353 154 1
154 427 1
427 154 1
154 475 1
475 154 1
154 489 1
489 154 1
154 495 1
495 154 1
155 161 1
161 155 1
155 194 1
194 155 1
155 200 -1
200 155 -1
155 204 1
204 155 1
155 221 1
221 155 1
155 245 1
245 155 1
155 298 1
298 155 1
155 311 -1
311 155 -1
155 354 1
354 155 1
155 359 1
359 155 1
155 408 1
408 155 1
155 434 1
434 155 1
155 444 1
444 155 1
156 157 1
157 156 1
156 227 1
227 156 1
156 272 1
272 156 1
156 285 1
285 156 1
156 325 1
325 156 1
156 336 1
336 156 1
156 356 1
356 156 1
156 357 1
357 156 1
156 358 -1
358 156 -1
156 407 1
407 156 1
156 412 1
412 156 1
156 414 1
414 156 1
156 467 1
467 156 1
156 471 1
471 156 1
156 490 -1
490 156 -1
156 491 1
491 156 1
157 179 -1
179 157 -1
157 227 1
227 157 1
157 238 1
238 157 1
157 316 1
316 157 1
157 357 1
357 157 1
157 406 1
406 157 1
157 412 1
412 157 1
157 467 1
467 157 1
157 471 1
471 157 1
158 175 -1
175 158 -1
158 183 1
183 158 1
158 184 -1
184 158 -1
158 199 1
199 158 1
158 210 -1
210 158 -1
158 232 1
232 158 1
158 237 1
237 158 1
158 241 1
241 158 1
158 242 -1
242 158 -1
158 253 1
253 158 1
158 254 1
254 158 1
158 258 1
258 158 1
158 280 -1
280 158 -1
158 327 1
327 158 1
158 351 1
351 158 1
158 393 1
393 158 1
158 416 1
416 158 1
158 424 1
424 158 1
158 462 1
462 158 1
159 187 1
187 159 1
159 211 1
211 159 1
159 212 -1
212 159 -1
159 214 1
214 159 1
159 218 1
218 159 1
159 230 1
230 159 1
159 235 1
235 159 1
159 242 1
242 159 1
159 251 1
251 159 1
159 270 1
270 159 1
159 284 1
284 159 1
159 304 -1
304 159 -1
159 313 -1
313 159 -1
159 348 1
348 159 1
159 360 1
360 159 1
159 369 1
369 159 1
159 391 -1
391 159 -1
159 402 1
402 159 1
159 406 1
406 159 1
159 410 -1
410 159 -1
159 449 1
449 159 1
159 477 1
477 159 1
160 208 1
208 160 1
160 212 1
212 160 1
160 231 1
231 160 1
160 260 -1
260 160 -1
160 282 1
282 160 1
160 289 1
289 160 1
160 326 -1
326 160 -1
160 345 -1
345 160 -1
160 346 1
346 160 1
160 366 -1
366 160 -1
160 374 1
374 160 1
160 378 1
378 160 1
160 397 -1
397 160 -1
160 400 1
400 160 1
160 419 -1
419 160 -1
160 420 -1
420 160 -1
160 441 1
441 160 1
160 442 1
442 160 1
160 454 -1
454 160 -1
160 461 1
461 160 1
160 465 1
465 160 1
160 468 1
468 160 1
161 194 1
194 161 1
161 201 1
201 161 1
161 204 1
204 161 1
161 221 1
221 161 1
161 245 1
245 161 1
161 246 1
246 161 1
161 298 1
298 161 1
161 320 -1
320 161 -1
161 341 -1
341 161 -1
161 350 1
350 161 1
161 352 1
352 161 1
161 354 1
354 161 1
161 359 1
359 161 1
161 428 1
428 161 1
161 434 1
434 161 1
161 444 1
444 161 1
161 447 1
447 161 1
161 487 1
487 161 1
162 166 -1
166 162 -1
162 172 -1
172 162 -1
162 238 1
238 162 1
162 243 -1
243 162 -1
162 307 1
307 162 1
162 316 -1
316 162 -1
162 341 1
341 162 1
162 349 1
349 162 1
162 353 1
353 162 1
162 377 -1
377 162 -1
162 387 1
387 162 1
162 392 1
392 162 1
163 231 -1
231 163 -1
163 260 1
260 163 1
163 282 1
282 163 1
163 289 1
289 163 1
163 298 -1
298 163 -1
163 326 1
326 163 1
163 366 1
366 163 1
163 400 1
400 163 1
163 420 1
420 163 1
163 441 1
441 163 1
163 442 1
442 163 1
163 461 1
461 163 1
163 465 1
465 163 1
163 469 1
469 163 1
164 190 1
190 164 1
164 209 -1
209 164 -1
164 252 1
252 164 1
164 303 -1
303 164 -1
164 315 1
315 164 1
164 340 1
340 164 1
164 347 1
347 164 1
164 413 -1
413 164 -1
164 425 1
425 164 1
164 431 1
431 164 1
164 432 1
432 164 1
164 450 1
450 164 1
165 195 1
195 165 1
165 202 -1
202 165 -1
165 236 1
236 165 1
165 317 1
317 165 1
165 318 1
318 165 1
165 464 1
464 165 1
166 167 1
167 166 1
166 177 1
177 166 1
166 191 1
191 166 1
166 192 1
192 166 1
166 200 1
200 166 1
166 233 1
233 166 1
166 243 1
243 166 1
166 290 1
290 166 1
166 301 1
301 166 1
166 341 1
341 166 1
166 348 1
348 166 1
166 349 1
349 166 1
166 353 1
353 166 1
166 364 -1
364 166 -1
166 377 1
377 166 1
166 386 1
386 166 1
166 387 1
387 166 1
166 392 1
392 166 1
166 411 1
411 166 1
166 427 1
427 166 1
166 453 -1
453 166 -1
166 454 1
454 166 1
166 467 -1
467 166 -1
167 177 1
177 167 1
167 189 -1
189 167 -1
167 192 1
192 167 1
167 200 1
200 167 1
167 213 1
213 167 1
167 218 -1
218 167 -1
167 238 -1
238 167 -1
167 243 1
243 167 1
167 271 1
271 167 1
167 287 -1
287 167 -1
167 295 1
295 167 1
167 307 1
307 167 1
167 341 1
341 167 1
167 368 1
368 167 1
167 370 1
370 167 1
167 377 -1
377 167 -1
167 397 1
397 167 1
167 427 1
427 167 1
167 443 1
443 167 1
167 454 1
454 167 1
167 462 -1
462 167 -1
167 495 1
495 167 1
168 186 1
186 168 1
168 240 -1
240 168 -1
168 275 1
275 168 1
168 344 1
344 168 1
168 355 1
355 168 1
168 382 1
382 168 1
168 396 1
396 168 1
168 430 1
430 168 1
169 181 -1
181 169 -1
169 209 1
209 169 1
169 210 1
210 169 1
169 228 1
228 169 1
169 248 1
248 169 1
169 255 1
255 169 1
169 273 1
273 169 1
169 288 1
288 169 1
169 291 -1
291 169 -1
169 292 1
292 169 1
169 296 -1
296 169 -1
169 310 1
310 169 1
169 332 1
332 169 1
169 337 1
337 169 1
169 353 -1
353 169 -1
169 361 1
361 169 1
169 377 -1
377 169 -1
169 382 1
382 169 1
169 421 1
421 169 1
169 440 1
440 169 1
169 472 1
472 169 1
169 473 -1
473 169 -1
169 497 1
497 169 1
169 498 1
498 169 1
170 178 1
178 170 1
170 239 -1
239 170 -1
170 265 1
265 170 1
170 297 -1
297 170 -1
170 334 1
334 170 1
170 365 -1
365 170 -1
170 372 1
372 170 1
170 384 1
384 170 1
170 389 1
389 170 1
171 182 1
182 171 1
171 223 1
223 171 1
171 269 1
269 171 1
171 275 1
275 171 1
171 279 1
279 171 1
171 306 1
306 171 1
171 430 1
430 171 1
171 452 -1
452 171 -1
172 178 1
178 172 1
172 180 -1
180 172 -1
172 234 1
234 172 1
172 239 1
239 172 1
172 249 1
249 172 1
172 253 -1
253 172 -1
172 257 1
257 172 1
172 265 1
265 172 1
172 297 1
297 172 1
172 309 1
309 172 1
172 314 1
314 172 1
172 321 1
321 172 1
172 329 1
329 172 1
172 334 1
334 172 1
172 344 -1
344 172 -1
172 372 1
372 172 1
172 384 -1
384 172 -1
172 437 1
437 172 1
172 452 -1
452 172 -1
172 455 -1
455 172 -1
172 465 -1
465 172 -1
172 482 1
482 172 1
173 177 1
177 173 1
173 269 -1
269 173 -1
173 349 1
349 173 1
173 353 1
353 173 1
173 370 1
370 173 1
173 392 1
392 173 1
173 454 1
454 173 1
173 495 1
495 173 1
174 236 1
236 174 1
174 240 1
240 174 1
174 259 1
259 174 1
174 287 -1
287 174 -1
174 318 1
318 174 1
174 349 -1
349 174 -1
174 373 -1
373 174 -1
174 403 -1
403 174 -1
174 464 -1
464 174 -1
174 470 1
470 174 1
174 483 1
483 174 1
174 496 1
496 174 1
175 243 1
243 175 1
175 290 1
290 175 1
175 295 1
295 175 1
175 307 1
307 175 1
175 353 1
353 175 1
175 377 1
377 175 1
175 427 -1
427 175 -1
175 454 1
454 175 1
176 198 1
198 176 1
176 225 1
225 176 1
176 278 1
278 176 1
176 296 1
296 176 1
176 304 -1
304 176 -1
176 330 1
330 176 1
176 363 1
363 176 1
176 379 -1
379 176 -1
176 385 -1
385 176 -1
176 394 1
394 176 1
176 403 1
403 176 1
176 404 1
404 176 1
176 452 1
452 176 1
176 460 1
460 176 1
176 486 1
486 176 1
176 499 1
499 176 1
177 189 -1
189 177 -1
177 191 1
191 177 1
177 192 1
192 177 1
177 207 -1
207 177 -1
177 213 1
213 177 1
177 227 -1
227 177 -1
177 238 1
238 177 1
177 243 1
243 177 1
177 265 -1
265 177 -1
177 277 -1
277 177 -1
177 290 1
290 177 1
177 295 -1
295 177 -1
177 307 1
307 177 1
177 341 1
341 177 1
177 353 1
353 177 1
177 381 1
381 177 1
177 386 1
386 177 1
177 387 1
387 177 1
177 392 1
392 177 1
177 397 1
397 177 1
177 398 1
398 177 1
177 427 1
427 177 1
177 443 1
443 177 1
177 485 1
485 177 1
177 489 1
489 177 1
178 180 1
180 178 1
178 239 1
239 178 1
178 257 1
257 178 1
178 297 1
297 178 1
178 314 1
314 178 1
178 329 1
329 178 1
178 384 1
384 178 1
178 455 1
455 178 1
178 467 1
467 178 1
178 482 1
482 178 1
178 487 -1
487 178 -1
178 492 1
492 178 1
179 193 1
193 179 1
179 215 1
215 179 1
179 267 1
267 179 1
179 277 1
277 179 1
179 278 1
278 179 1
179 302 1
302 179 1
179 304 1
304 179 1
179 308 -1
308 179 -1
179 333 1
333 179 1
179 335 -1
335 179 -1
179 364 1
364 179 1
179 383 -1
383 179 -1
179 389 -1
389 179 -1
179 401 1
401 179 1
179 410 1
410 179 1
179 426 1
426 179 1
179 459 1
459 179 1
179 473 1
473 179 1
179 481 1
481 179 1
180 190 1
190 180 1
180 224 -1
224 180 -1
180 257 -1
257 180 -1
180 297 1
297 180 1
180 384 1
384 180 1
180 437 1
437 180 1
180 455 1
455 180 1
180 482 1
482 180 1
181 248 1
248 181 1
181 250 1
250 181 1
181 291 -1
291 181 -1
181 337 -1
337 181 -1
181 355 -1
355 181 -1
181 361 1
361 181 1
181 382 1
382 181 1
181 472 1
472 181 1
182 196 1
196 182 1
182 207 1
207 182 1
182 217 1
217 182 1
182 223 1
223 182 1
182 263 -1
263 182 -1
182 269 1
269 182 1
182 275 1
275 182 1
182 286 1
286 182 1
182 306 -1
306 182 -1
182 317 1
317 182 1
182 322 1
322 182 1
182 342 -1
342 182 -1
182 343 1
343 182 1
182 344 1
344 182 1
182 355 1
355 182 1
182 358 1
358 182 1
182 391 -1
391 182 -1
182 396 1
396 182 1
182 430 1
430 182 1
182 451 1
451 182 1
182 476 1
476 182 1
183 184 1
184 183 1
183 221 -1
221 183 -1
183 237 1
237 183 1
183 253 1
253 183 1
183 258 1
258 183 1
183 307 -1
307 183 -1
183 327 -1
327 183 -1
183 351 1
351 183 1
183 416 1
416 183 1
183 424 1
424 183 1
183 462 1
462 183 1
184 199 1
199 184 1
184 226 1
226 184 1
184 232 1
232 184 1
184 237 -1
237 184 -1
184 241 1
241 184 1
184 253 1
253 184 1
184 258 1
258 184 1
184 327 1
327 184 1
184 351 -1
351 184 -1
184 388 1
388 184 1
184 393 1
393 184 1
184 416 1
416 184 1
184 424 1
424 184 1
184 448 1
448 184 1
184 462 1
462 184 1
184 466 1
466 184 1
184 472 -1
472 184 -1
185 196 1
196 185 1
185 207 1
207 185 1
185 262 -1
262 185 -1
185 286 1
286 185 1
185 344 1
344 185 1
185 381 -1
381 185 -1
185 396 1
396 185 1
185 433 1
433 185 1
185 451 1
451 185 1
186 217 1
217 186 1
186 290 -1
290 186 -1
186 306 -1
306 186 -1
186 391 1
391 186 1
186 430 1
430 186 1
187 235 1
235 187 1
187 244 -1
244 187 -1
187 251 1
251 187 1
187 284 1
284 187 1
187 313 1
313 187 1
187 348 1
348 187 1
187 360 1
360 187 1
187 369 1
369 187 1
187 402 -1
402 187 -1
187 449 1
449 187 1
187 477 1
477 187 1
188 219 1
219 188 1
188 261 1
261 188 1
188 268 -1
268 188 -1
188 279 -1
279 188 -1
188 298 -1
298 188 -1
188 375 1
375 188 1
188 380 1
380 188 1
188 385 -1
385 188 -1
188 409 1
409 188 1
188 418 1
418 188 1
188 453 -1
453 188 -1
188 458 1
458 188 1
188 479 1
479 188 1
189 296 -1
296 189 -1
189 307 1
307 189 1
189 320 1
320 189 1
189 343 1
343 189 1
189 405 -1
405 189 -1
190 203 1
203 190 1
190 252 1
252 190 1
190 283 1
283 190 1
190 300 1
300 190 1
190 315 1
315 190 1
190 340 1
340 190 1
190 347 1
347 190 1
190 362 1
362 190 1
190 390 -1
390 190 -1
190 425 1
425 190 1
190 431 1
431 190 1
190 432 1
432 190 1
190 450 1
450 190 1
190 490 -1
490 190 -1
191 200 1
200 191 1
191 243 1
243 191 1
191 264 -1
264 191 -1
191 271 1
271 191 1
191 290 1
290 191 1
191 295 1
295 191 1
191 307 1
307 191 1
191 341 1
341 191 1
191 349 1
349 191 1
191 353 1
353 191 1
191 370 1
370 191 1
191 381 1
381 191 1
191 387 1
387 191 1
191 392 -1
392 191 -1
191 405 1
405 191 1
191 411 1
411 191 1
191 427 -1
427 191 -1
191 443 1
443 191 1
191 475 1
475 191 1
192 200 1
200 192 1
192 307 1
307 192 1
192 353 1
353 192 1
192 377 -1
377 192 -1
192 383 -1
383 192 -1
192 387 -1
387 192 -1
192 475 -1
475 192 -1
193 214 -1
214 193 -1
193 215 1
215 193 1
193 267 -1
267 193 -1
193 277 1
277 193 1
193 278 1
278 193 1
193 302 1
302 193 1
193 304 1
304 193 1
193 308 1
308 193 1
193 325 -1
325 193 -1
193 333 1
333 193 1
193 335 1
335 193 1
193 363 -1
363 193 -1
193 364 1
364 193 1
193 383 -1
383 193 -1
193 389 1
389 193 1
193 401 -1
401 193 -1
193 410 1
410 193 1
193 426 1
426 193 1
193 473 1
473 193 1
193 481 1
481 193 1
194 201 1
201 194 1
194 204 1
204 194 1
194 221 1
221 194 1
194 298 1
298 194 1
194 352 1
352 194 1
194 354 1
354 194 1
194 386 -1
386 194 -1
194 408 1
408 194 1
194 434 1
434 194 1
194 444 1
444 194 1
194 487 1
487 194 1
195 227 -1
227 195 -1
195 240 1
240 195 1
195 259 1
259 195 1
195 264 -1
264 195 -1
195 317 1
317 195 1
195 318 1
318 195 1
195 483 1
483 195 1
195 496 1
496 195 1
196 344 1
344 196 1
196 355 -1
355 196 -1
196 406 -1
406 196 -1
197 256 1
256 197 1
197 337 1
337 197 1
197 346 -1
346 197 -1
197 361 1
361 197 1
197 472 1
472 197 1
198 323 -1
323 198 -1
198 330 1
330 198 1
198 379 1
379 198 1
198 403 1
403 198 1
198 452 1
452 198 1
198 460 1
460 198 1
198 474 1
474 198 1
198 486 1
486 198 1
199 241 1
241 199 1
199 253 1
253 199 1
199 254 1
254 199 1
199 258 1
258 199 1
199 327 1
327 199 1
199 388 1
388 199 1
199 424 1
424 199 1
199 462 1
462 199 1
199 466 1
466 199 1
200 213 1
213 200 1
200 238 1
238 200 1
200 243 1
243 200 1
200 282 -1
282 200 -1
200 290 1
290 200 1
200 299 -1
299 200 -1
200 307 -1
307 200 -1
200 341 1
341 200 1
200 349 -1
349 200 -1
200 353 1
353 200 1
200 368 1
368 200 1
200 377 -1
377 200 -1
200 392 1
392 200 1
200 398 1
398 200 1
200 405 1
405 200 1
200 427 1
427 200 1
200 429 1
429 200 1
200 443 1
443 200 1
200 447 1
447 200 1
200 475 1
475 200 1
200 485 -1
485 200 -1
200 489 1
489 200 1
201 204 1
204 201 1
201 220 1
220 201 1
201 221 1
221 201 1
201 246 -1
246 201 -1
201 284 1
284 201 1
201 298 -1
298 201 -1
201 341 -1
341 201 -1
201 352 1
352 201 1
201 408 1
408 201 1
201 428 1
428 201 1
201 434 1
434 201 1
201 444 1
444 201 1
201 487 1
487 201 1
202 210 1
210 202 1
202 224 1
224 202 1
202 273 1
273 202 1
202 337 1
337 202 1
202 361 1
361 202 1
202 382 1
382 202 1
202 423 1
423 202 1
202 481 -1
481 202 -1
203 243 -1
243 203 -1
203 252 1
252 203 1
203 283 1
283 203 1
203 296 -1
296 203 -1
203 300 1
300 203 1
203 303 1
303 203 1
203 340 1
340 203 1
203 347 1
347 203 1
203 425 1
425 203 1
203 432 1
432 203 1
203 450 1
450 203 1
204 220 -1
220 204 -1
204 221 1
221 204 1
204 298 1
298 204 1
204 352 1
352 204 1
204 408 1
408 204 1
204 434 1
434 204 1
204 444 1
444 204 1
204 477 -1
477 204 -1
205 261 -1
261 205 -1
205 306 -1
306 205 -1
205 311 1
311 205 1
205 323 1
323 205 1
205 371 -1
371 205 -1
205 390 1
390 205 1
205 417 1
417 205 1
205 419 1
419 205 1
205 488 1
488 205 1
206 244 1
244 206 1
206 248 1
248 206 1
206 292 1
292 206 1
206 402 -1
402 206 -1
206 476 -1
476 206 -1
206 479 -1
479 206 -1
206 498 1
498 206 1
207 278 -1
278 207 -1
207 306 1
306 207 1
207 391 -1
391 207 -1
207 430 1
430 207 1
207 438 -1
438 207 -1
208 231 1
231 208 1
208 294 1
294 208 1
208 326 1
326 208 1
208 345 1
345 208 1
208 374 1
374 208 1
208 420 1
420 208 1
208 461 1
461 208 1
208 465 1
465 208 1
209 212 -1
212 209 -1
209 216 1
216 209 1
209 231 1
231 209 1
209 235 1
235 209 1
209 260 1
260 209 1
209 289 1
289 209 1
209 294 1
294 209 1
209 326 1
326 209 1
209 345 1
345 209 1
209 400 1
400 209 1
209 420 1
420 209 1
209 461 1
461 209 1
209 465 1
465 209 1
209 469 1
469 209 1
210 222 -1
222 210 -1
210 243 1
243 210 1
210 244 1
244 210 1
210 248 1
248 210 1
210 250 1
250 210 1
210 255 1
255 210 1
210 256 -1
256 210 -1
210 262 1
262 210 1
210 263 1
263 210 1
210 291 1
291 210 1
210 292 1
292 210 1
210 332 1
332 210 1
210 361 1
361 210 1
210 382 1
382 210 1
210 421 1
421 210 1
210 440 1
440 210 1
210 446 -1
446 210 -1
210 472 1
472 210 1
210 478 1
478 210 1
210 494 1
494 210 1
210 497 1
497 210 1
210 498 1
498 210 1
211 214 -1
214 211 -1
211 218 1
218 211 1
211 235 1
235 211 1
211 242 1
242 211 1
211 251 1
251 211 1
211 266 1
266 211 1
211 313 1
313 211 1
211 348 -1
348 211 -1
211 352 -1
352 211 -1
211 369 -1
369 211 -1
211 402 1
402 211 1
211 449 1
449 211 1
212 231 1
231 212 1
212 282 1
282 212 1
212 289 1
289 212 1
212 294 1
294 212 1
212 326 1
326 212 1
212 345 1
345 212 1
212 366 1
366 212 1
212 378 1
378 212 1
212 442 1
442 212 1
212 461 1
461 212 1
212 465 1
465 212 1
212 469 -1
469 212 -1
213 281 1
281 213 1
213 314 -1
314 213 -1
213 368 1
368 213 1
213 392 1
392 213 1
214 230 1
230 214 1
214 235 1
235 214 1
214 242 1
242 214 1
214 250 1
250 214 1
214 251 1
251 214 1
214 266 1
266 214 1
214 270 1
270 214 1
214 284 -1
284 214 -1
214 348 1
348 214 1
214 383 -1
383 214 -1
214 402 1
402 214 1
214 449 1
449 214 1
215 248 -1
248 215 -1
215 267 1
267 215 1
215 277 1
277 215 1
215 278 1
278 215 1
215 302 1
302 215 1
215 304 1
304 215 1
215 308 1
308 215 1
215 311 -1
311 215 -1
215 333 1
333 215 1
215 335 1
335 215 1
215 357 -1
357 215 -1
215 364 1
364 215 1
215 375 -1
375 215 -1
215 383 1
383 215 1
215 389 1
389 215 1
215 401 1
401 215 1
215 410 1
410 215 1
215 426 1
426 215 1
215 444 -1
444 215 -1
215 473 1
473 215 1
215 481 1
481 215 1
216 289 1
289 216 1
216 294 1
294 216 1
216 326 -1
326 216 -1
216 345 1
345 216 1
216 361 -1
361 216 -1
216 378 1
378 216 1
216 420 1
420 216 1
216 465 1
465 216 1
217 306 1
306 217 1
217 322 1
322 217 1
217 342 -1
342 217 -1
217 344 1
344 217 1
217 410 1
410 217 1
217 430 1
430 217 1
217 471 -1
471 217 -1
217 476 1
476 217 1
218 235 1
235 218 1
218 251 1
251 218 1
218 284 1
284 218 1
218 306 -1
306 218 -1
218 360 1
360 218 1
218 402 -1
402 218 -1
218 449 1
449 218 1
219 331 1
331 219 1
219 385 1
385 219 1
219 409 1
409 219 1
219 459 1
459 219 1
219 472 -1
472 219 -1
219 479 1
479 219 1
220 221 1
221 220 1
220 246 -1
246 220 -1
220 270 -1
270 220 -1
220 352 1
352 220 1
220 434 1
434 220 1
220 444 1
444 220 1
220 487 1
487 220 1
221 245 1
245 221 1
221 246 1
246 221 1
221 298 1
298 221 1
221 306 1
306 221 1
221 350 1
350 221 1
221 352 1
352 221 1
221 354 1
354 221 1
221 359 1
359 221 1
221 408 1
408 221 1
221 428 1
428 221 1
221 434 -1
434 221 -1
221 444 1
444 221 1
221 487 1
487 221 1
222 250 -1
250 222 -1
222 382 1
382 222 1
222 446 -1
446 222 -1
222 497 1
497 222 1
222 498 1
498 222 1
223 229 1
229 223 1
223 275 1
275 223 1
223 286 1
286 223 1
223 306 1
306 223 1
223 322 1
322 223 1
223 358 -1
358 223 -1
223 360 -1
360 223 -1
223 396 1
396 223 1
223 475 -1
475 223 -1
224 276 1
276 224 1
224 367 1
367 224 1
224 371 1
371 224 1
224 390 1
390 224 1
224 419 1
419 224 1
224 436 -1
436 224 -1
224 445 -1
445 224 -1
225 244 -1
244 225 -1
225 296 -1
296 225 -1
225 363 1
363 225 1
225 378 -1
378 225 -1
225 379 1
379 225 1
225 394 1
394 225 1
225 403 1
403 225 1
225 404 1
404 225 1
225 460 1
460 225 1
225 486 1
486 225 1
226 237 -1
237 226 -1
226 241 1
241 226 1
226 253 1
253 226 1
226 327 -1
327 226 -1
226 351 1
351 226 1
226 377 -1
377 226 -1
226 388 1
388 226 1
226 424 1
424 226 1
226 440 -1
440 226 -1
227 248 -1
248 227 -1
227 272 1
272 227 1
227 280 1
280 227 1
227 285 1
285 227 1
227 295 -1
295 227 -1
227 316 1
316 227 1
227 325 1
325 227 1
227 357 1
357 227 1
227 406 1
406 227 1
227 407 1
407 227 1
227 412 1
412 227 1
227 438 1
438 227 1
227 467 1
467 227 1
227 471 1
471 227 1
227 472 -1
472 227 -1
227 490 1
490 227 1
227 491 1
491 227 1
228 244 1
244 228 1
228 248 1
248 228 1
228 250 -1
250 228 -1
228 402 -1
402 228 -1
228 423 1
423 228 1
229 275 1
275 229 1
229 344 1
344 229 1
229 355 1
355 229 1
229 391 -1
391 229 -1
229 396 1
396 229 1
230 235 1
235 230 1
230 251 1
251 230 1
230 270 1
270 230 1
230 284 1
284 230 1
230 348 1
348 230 1
230 353 -1
353 230 -1
230 369 1
369 230 1
230 402 1
402 230 1
230 449 1
449 230 1
231 242 -1
242 231 -1
231 260 -1
260 231 -1
231 264 1
264 231 1
231 275 -1
275 231 -1
231 282 1
282 231 1
231 289 1
289 231 1
231 293 1
293 231 1
231 294 1
294 231 1
231 307 -1
307 231 -1
231 326 1
326 231 1
231 345 -1
345 231 -1
231 346 1
346 231 1
231 366 1
366 231 1
231 378 1
378 231 1
231 382 -1
382 231 -1
231 400 1
400 231 1
231 411 -1
411 231 -1
231 420 1
420 231 1
231 441 1
441 231 1
231 442 1
442 231 1
231 461 1
461 231 1
231 465 -1
465 231 -1
231 468 1
468 231 1
231 469 1
469 231 1
232 237 1
237 232 1
232 254 1
254 232 1
232 327 1
327 232 1
232 351 1
351 232 1
232 416 1
416 232 1
232 420 -1
420 232 -1
232 424 1
424 232 1
232 466 1
466 232 1
232 480 -1
480 232 -1
233 290 1
290 233 1
233 307 1
307 233 1
233 349 1
349 233 1
233 427 1
427 233 1
233 434 -1
434 233 -1
233 439 -1
439 233 -1
234 239 1
239 234 1
234 297 1
297 234 1
234 329 1
329 234 1
234 334 1
334 234 1
234 384 1
384 234 1
234 437 -1
437 234 -1
235 242 -1
242 235 -1
235 251 1
251 235 1
235 266 1
266 235 1
235 270 -1
270 235 -1
235 284 1
284 235 1
235 313 1
313 235 1
235 341 -1
341 235 -1
235 348 1
348 235 1
235 360 1
360 235 1
235 369 1
369 235 1
235 402 1
402 235 1
235 407 -1
407 235 -1
235 449 -1
449 235 -1
235 477 1
477 235 1
236 240 1
240 236 1
236 287 1
287 236 1
236 312 1
312 236 1
236 317 -1
317 236 -1
236 318 1
318 236 1
236 375 -1
375 236 -1
236 382 -1
382 236 -1
236 460 -1
460 236 -1
236 464 1
464 236 1
236 483 1
483 236 1
236 493 1
493 236 1
236 496 -1
496 236 -1
237 253 1
253 237 1
237 258 1
258 237 1
237 327 1
327 237 1
237 344 -1
344 237 -1
237 351 1
351 237 1
237 388 1
388 237 1
237 424 1
424 237 1
237 430 -1
430 237 -1
237 448 1
448 237 1
237 462 -1
462 237 -1
237 466 1
466 237 1
238 243 1
243 238 1
238 271 1
271 238 1
238 290 -1
290 238 -1
238 333 1
333 238 1
238 339 1
339 238 1
238 377 1
377 238 1
238 392 1
392 238 1
238 398 1
398 238 1
238 405 1
405 238 1
238 415 1
415 238 1
238 427 1
427 238 1
238 454 1
454 238 1
239 257 1
257 239 1
239 265 -1
265 239 -1
239 297 1
297 239 1
239 309 1
309 239 1
239 329 1
329 239 1
239 384 1
384 239 1
239 437 1
437 239 1
239 482 1
482 239 1
240 368 -1
368 240 -1
240 464 1
464 240 1
240 470 1
470 240 1
240 483 -1
483 240 -1
240 493 1
493 240 1
240 496 1
496 240 1
241 312 1
312 241 1
241 327 1
327 241 1
241 351 1
351 241 1
241 416 -1
416 241 -1
241 462 1
462 241 1
242 348 1
348 242 1
242 360 1
360 242 1
242 402 1
402 242 1
242 449 1
449 242 1
243 271 1
271 243 1
243 290 1
290 243 1
243 301 -1
301 243 -1
243 307 1
307 243 1
243 341 -1
341 243 -1
243 349 1
349 243 1
243 353 -1
353 243 -1
243 377 1
377 243 1
243 387 1
387 243 1
243 390 -1
390 243 -1
243 392 -1
392 243 -1
243 398 1
398 243 1
243 427 1
427 243 1
243 443 1
443 243 1
243 450 -1
450 243 -1
243 454 -1
454 243 -1
243 485 -1
485 243 -1
243 489 1
489 243 1
243 495 -1
495 243 -1
244 248 1
248 244 1
244 250 1
250 244 1
244 255 1
255 244 1
244 262 1
262 244 1
244 291 1
291 244 1
244 292 1
292 244 1
244 294 -1
294 244 -1
244 305 1
305 244 1
244 332 1
332 244 1
244 337 1
337 244 1
244 361 1
361 244 1
244 362 1
362 244 1
244 382 1
382 244 1
244 421 1
421 244 1
244 423 1
423 244 1
244 446 1
446 244 1
244 478 -1
478 244 -1
244 497 1
497 244 1
245 246 1
246 245 1
245 298 1
298 245 1
245 359 1
359 245 1
245 434 1
434 245 1
245 444 1
444 245 1
246 298 -1
298 246 -1
246 331 -1
331 246 -1
246 352 1
352 246 1
246 444 1
444 246 1
247 276 1
276 247 1
247 311 1
311 247 1
247 323 1
323 247 1
247 379 -1
379 247 -1
247 390 1
390 247 1
247 399 1
399 247 1
247 445 1
445 247 1
248 250 1
250 248 1
248 255 1
255 248 1
248 262 1
262 248 1
248 291 1
291 248 1
248 292 1
292 248 1
248 359 -1
359 248 -1
248 361 1
361 248 1
248 382 1
382 248 1
248 423 1
423 248 1
248 478 1
478 248 1
249 309 1
309 249 1
249 314 -1
314 249 -1
249 344 -1
344 249 -1
249 372 1
372 249 1
249 384 -1
384 249 -1
249 437 -1
437 249 -1
249 482 1
482 249 1
250 262 1
262 250 1
250 291 -1
291 250 -1
250 316 1
316 250 1
250 337 -1
337 250 -1
250 361 -1
361 250 -1
250 382 1
382 250 1
250 423 1
423 250 1
250 472 -1
472 250 -1
250 497 1
497 250 1
251 266 1
266 251 1
251 270 1
270 251 1
251 284 1
284 251 1
251 348 -1
348 251 -1
251 369 1
369 251 1
251 402 1
402 251 1
251 449 1
449 251 1
251 477 1
477 251 1
251 480 -1
480 251 -1
252 283 1
283 252 1
252 289 -1
289 252 -1
252 300 1
300 252 1
252 315 1
315 252 1
252 362 1
362 252 1
252 365 -1
365 252 -1
252 418 -1
418 252 -1
252 431 1
431 252 1
252 432 1
432 252 1
252 450 1
450 252 1
253 351 -1
351 253 -1
253 416 1
416 253 1
253 424 1
424 253 1
253 448 1
448 253 1
254 327 1
327 254 1
254 388 1
388 254 1
254 448 1
448 254 1
254 466 1
466 254 1
255 263 1
263 255 1
255 273 1
273 255 1
255 305 1
305 255 1
255 310 1
310 255 1
255 332 -1
332 255 -1
255 361 -1
361 255 -1
255 382 1
382 255 1
255 401 -1
401 255 -1
255 421 1
421 255 1
255 430 -1
430 255 -1
255 440 1
440 255 1
255 444 -1
444 255 -1
255 472 1
472 255 1
256 292 1
292 256 1
256 305 1
305 256 1
256 310 1
310 256 1
256 337 1
337 256 1
256 353 -1
353 256 -1
256 361 1
361 256 1
256 472 1
472 256 1
257 297 1
297 257 1
257 321 1
321 257 1
257 338 -1
338 257 -1
257 384 1
384 257 1
257 385 1
385 257 1
257 437 1
437 257 1
257 492 1
492 257 1
258 327 1
327 258 1
258 351 1
351 258 1
258 448 -1
448 258 -1
258 462 1
462 258 1
259 285 1
285 259 1
259 287 1
287 259 1
259 312 1
312 259 1
259 317 1
317 259 1
259 337 -1
337 259 -1
259 345 1
345 259 1
259 464 1
464 259 1
259 496 -1
496 259 -1
260 264 1
264 260 1
260 282 1
282 260 1
260 289 1
289 260 1
260 294 -1
294 260 -1
260 326 -1
326 260 -1
260 345 1
345 260 1
260 346 1
346 260 1
260 366 1
366 260 1
260 374 1
374 260 1
260 390 -1
390 260 -1
260 420 -1
420 260 -1
260 442 1
442 260 1
260 461 -1
461 260 -1
260 465 1
465 260 1
260 483 -1
483 260 -1
261 279 -1
279 261 -1
261 281 1
281 261 1
261 299 1
299 261 1
261 319 1
319 261 1
261 331 1
331 261 1
261 338 -1
338 261 -1
261 342 -1
342 261 -1
261 375 1
375 261 1
261 380 1
380 261 1
261 385 1
385 261 1
261 395 1
395 261 1
261 409 1
409 261 1
261 418 1
418 261 1
261 429 1
429 261 1
261 439 1
439 261 1
261 453 1
453 261 1
261 458 1
458 261 1
261 459 1
459 261 1
261 471 -1
471 261 -1
261 479 1
479 261 1
261 484 -1
484 261 -1
262 361 -1
361 262 -1
262 382 1
382 262 1
262 497 1
497 262 1
263 291 1
291 263 1
263 310 1
310 263 1
263 382 1
382 263 1
263 427 1
427 263 1
263 478 1
478 263 1
264 294 1
294 264 1
264 366 1
366 264 1
264 420 1
420 264 1
264 465 1
465 264 1
265 297 1
297 265 1
265 334 1
334 265 1
265 384 1
384 265 1
265 427 1
427 265 1
265 492 1
492 265 1
266 284 1
284 266 1
266 348 1
348 266 1
266 360 1
360 266 1
266 402 1
402 266 1
266 449 1
449 266 1
267 277 1
277 267 1
267 278 1
278 267 1
267 364 -1
364 267 -1
267 389 1
389 267 1
267 396 1
396 267 1
267 410 1
410 267 1
267 481 1
481 267 1
268 281 1
281 268 1
268 331 1
331 268 1
268 338 1
338 268 1
268 375 1
375 268 1
268 380 1
380 268 1
268 385 -1
385 268 -1
268 409 1
409 268 1
268 458 1
458 268 1
268 479 1
479 268 1
269 289 -1
289 269 -1
269 344 1
344 269 1
269 355 -1
355 269 -1
269 358 1
358 269 1
270 348 -1
348 270 -1
270 402 1
402 270 1
270 437 -1
437 270 -1
270 449 1
449 270 1
271 290 1
290 271 1
271 341 1
341 271 1
271 353 1
353 271 1
271 392 1
392 271 1
271 427 -1
427 271 -1
271 443 1
443 271 1
272 316 1
316 272 1
272 325 -1
325 272 -1
272 343 -1
343 272 -1
272 356 1
356 272 1
272 357 1
357 272 1
272 403 -1
403 272 -1
272 406 1
406 272 1
272 407 1
407 272 1
272 412 1
412 272 1
272 427 -1
427 272 -1
272 471 1
471 272 1
272 490 1
490 272 1
273 291 1
291 273 1
273 382 1
382 273 1
273 472 1
472 273 1
273 496 -1
496 273 -1
274 286 1
286 274 1
274 344 1
344 274 1
274 406 -1
406 274 -1
274 430 1
430 274 1
275 279 1
279 275 1
275 283 1
283 275 1
275 286 1
286 275 1
275 306 1
306 275 1
275 318 -1
318 275 -1
275 322 -1
322 275 -1
275 340 -1
340 275 -1
275 342 1
342 275 1
275 344 -1
344 275 -1
275 391 -1
391 275 -1
275 413 -1
413 275 -1
275 433 1
433 275 1
275 451 1
451 275 1
275 457 1
457 275 1
275 476 1
476 275 1
275 480 1
480 275 1
276 311 1
311 276 1
276 323 1
323 276 1
276 371 1
371 276 1
276 385 1
385 276 1
276 390 1
390 276 1
276 419 1
419 276 1
276 436 1
436 276 1
276 445 1
445 276 1
276 463 -1
463 276 -1
276 472 -1
472 276 -1
276 488 1
488 276 1
277 278 1
278 277 1
277 293 -1
293 277 -1
277 308 1
308 277 1
277 333 -1
333 277 -1
277 341 -1
341 277 -1
277 364 1
364 277 1
277 383 -1
383 277 -1
277 389 1
389 277 1
277 410 1
410 277 1
277 426 1
426 277 1
277 473 1
473 277 1
277 481 1
481 277 1
278 304 1
304 278 1
278 335 1
335 278 1
278 364 1
364 278 1
278 383 1
383 278 1
278 389 1
389 278 1
278 410 1
410 278 1
278 426 1
426 278 1
278 451 -1
451 278 -1
278 473 1
473 278 1
278 481 1
481 278 1
279 306 -1
306 279 -1
279 322 -1
322 279 -1
279 338 -1
338 279 -1
279 344 -1
344 279 -1
279 355 1
355 279 1
279 433 1
433 279 1
279 457 1
457 279 1
280 316 1
316 280 1
280 325 1
325 280 1
280 406 -1
406 280 -1
280 414 1
414 280 1
280 467 1
467 280 1
280 471 1
471 280 1
281 319 1
319 281 1
281 326 -1
326 281 -1
281 331 1
331 281 1
281 338 1
338 281 1
281 375 1
375 281 1
281 385 -1
385 281 -1
281 399 -1
399 281 -1
281 409 1
409 281 1
281 418 1
418 281 1
281 422 1
422 281 1
281 439 1
439 281 1
281 458 1
458 281 1
281 479 1
479 281 1
282 293 1
293 282 1
282 326 1
326 282 1
282 366 1
366 282 1
282 367 -1
367 282 -1
282 373 1
373 282 1
282 387 -1
387 282 -1
282 420 1
420 282 1
282 442 1
442 282 1
282 461 1
461 282 1
282 465 1
465 282 1
283 425 1
425 283 1
283 450 1
450 283 1
284 313 1
313 284 1
284 348 1
348 284 1
284 360 1
360 284 1
284 369 1
369 284 1
284 402 1
402 284 1
284 448 -1
448 284 -1
284 449 1
449 284 1
284 471 -1
471 284 -1
284 477 1
477 284 1
285 325 1
325 285 1
285 357 1
357 285 1
285 407 1
407 285 1
285 412 1
412 285 1
285 467 -1
467 285 -1
286 292 -1
292 286 -1
286 306 1
306 286 1
286 344 1
344 286 1
286 355 1
355 286 1
286 358 1
358 286 1
286 391 1
391 286 1
286 392 -1
392 286 -1
286 413 1
413 286 1
287 317 -1
317 287 -1
287 318 1
318 287 1
287 464 1
464 287 1
287 481 -1
481 287 -1
287 483 1
483 287 1
287 493 1
493 287 1
287 496 1
496 287 1
288 291 1
291 288 1
288 337 1
337 288 1
288 382 1
382 288 1
288 386 -1
386 288 -1
288 440 1
440 288 1
288 472 1
472 288 1
289 293 1
293 289 1
289 294 1
294 289 1
289 326 1
326 289 1
289 345 1
345 289 1
289 346 1
346 289 1
289 366 1
366 289 1
289 373 1
373 289 1
289 378 1
378 289 1
289 420 1
420 289 1
289 427 1
427 289 1
289 442 -1
442 289 -1
289 461 1
461 289 1
289 465 -1
465 289 -1
289 468 1
468 289 1
289 469 1
469 289 1
289 486 -1
486 289 -1
290 295 1
295 290 1
290 320 1
320 290 1
290 341 1
341 290 1
290 349 1
349 290 1
290 353 1
353 290 1
290 370 1
370 290 1
290 380 -1
380 290 -1
290 383 -1
383 290 -1
290 386 -1
386 290 -1
290 387 1
387 290 1
290 392 1
392 290 1
290 397 -1
397 290 -1
290 398 1
398 290 1
290 405 1
405 290 1
290 415 1
415 290 1
290 427 1
427 290 1
290 430 -1
430 290 -1
290 443 1
443 290 1
290 447 1
447 290 1
290 481 -1
481 290 -1
290 485 -1
485 290 -1
290 491 -1
491 290 -1
290 495 1
495 290 1
290 497 1
497 290 1
290 498 -1
498 290 -1
291 310 1
310 291 1
291 327 -1
327 291 -1
291 334 -1
334 291 -1
291 337 -1
337 291 -1
291 354 -1
354 291 -1
291 361 1
361 291 1
291 415 1
415 291 1
291 440 1
440 291 1
291 446 1
446 291 1
291 472 1
472 291 1
291 498 1
498 291 1
292 310 1
310 292 1
292 399 1
399 292 1
292 423 1
423 292 1
292 478 1
478 292 1
292 497 -1
497 292 -1
293 294 1
294 293 1
293 366 1
366 293 1
293 442 1
442 293 1
293 465 1
465 293 1
294 326 1
326 294 1
294 345 1
345 294 1
294 348 -1
348 294 -1
294 366 1
366 294 1
294 400 1
400 294 1
294 412 -1
412 294 -1
294 420 1
420 294 1
294 442 1
442 294 1
294 465 1
465 294 1
294 469 1
469 294 1
295 305 -1
305 295 -1
295 307 1
307 295 1
295 339 1
339 295 1
295 349 1
349 295 1
295 353 1
353 295 1
295 377 1
377 295 1
295 387 1
387 295 1
295 392 1
392 295 1
295 398 1
398 295 1
295 454 1
454 295 1
295 479 -1
479 295 -1
296 379 1
379 296 1
296 394 1
394 296 1
296 403 1
403 296 1
296 404 1
404 296 1
296 452 1
452 296 1
296 474 -1
474 296 -1
296 486 1
486 296 1
296 494 1
494 296 1
297 309 1
309 297 1
297 314 1
314 297 1
297 321 -1
321 297 -1
297 329 1
329 297 1
297 372 -1
372 297 -1
297 382 -1
382 297 -1
297 384 1
384 297 1
297 437 1
437 297 1
297 455 1
455 297 1
297 470 1
470 297 1
297 482 1
482 297 1
297 492 1
492 297 1
298 350 1
350 298 1
298 352 1
352 298 1
298 354 -1
354 298 -1
298 359 -1
359 298 -1
298 396 1
396 298 1
298 408 1
408 298 1
298 424 -1
424 298 -1
298 428 1
428 298 1
298 434 1
434 298 1
298 444 1
444 298 1
298 487 1
487 298 1
299 331 -1
331 299 -1
299 375 -1
375 299 -1
299 409 1
409 299 1
299 479 1
479 299 1
300 315 1
315 300 1
300 340 1
340 300 1
300 375 -1
375 300 -1
300 432 1
432 300 1
300 450 1
450 300 1
300 489 -1
489 300 -1
301 377 1
377 301 1
301 387 1
387 301 1
301 398 1
398 301 1
301 427 1
427 301 1
302 364 1
364 302 1
302 383 1
383 302 1
302 426 1
426 302 1
302 481 1
481 302 1
303 315 1
315 303 1
303 340 1
340 303 1
303 347 1
347 303 1
303 362 -1
362 303 -1
303 431 1
431 303 1
303 432 1
432 303 1
304 364 1
364 304 1
304 473 1
473 304 1
304 481 1
481 304 1
305 332 1
332 305 1
305 337 1
337 305 1
305 361 1
361 305 1
305 392 -1
392 305 -1
305 421 1
421 305 1
305 472 1
472 305 1
306 322 1
322 306 1
306 344 1
344 306 1
306 355 1
355 306 1
306 358 1
358 306 1
306 365 1
365 306 1
306 391 1
391 306 1
306 396 1
396 306 1
306 413 1
413 306 1
306 430 1
430 306 1
306 433 -1
433 306 -1
306 451 1
451 306 1
306 457 1
457 306 1
306 476 1
476 306 1
307 311 -1
311 307 -1
307 341 -1
341 307 -1
307 349 -1
349 307 -1
307 353 1
353 307 1
307 361 -1
361 307 -1
307 366 1
366 307 1
307 370 -1
370 307 -1
307 377 1
377 307 1
307 386 1
386 307 1
307 387 1
387 307 1
307 392 1
392 307 1
307 397 1
397 307 1
307 411 1
411 307 1
307 427 1
427 307 1
307 443 1
443 307 1
307 447 -1
447 307 -1
307 454 1
454 307 1
307 495 1
495 307 1
308 364 1
364 308 1
308 383 1
383 308 1
308 481 1
481 308 1
309 321 1
321 309 1
309 377 -1
377 309 -1
309 384 1
384 309 1
309 437 1
437 309 1
310 353 -1
353 310 -1
310 357 -1
357 310 -1
310 361 1
361 310 1
310 382 1
382 310 1
310 497 1
497 310 1
311 323 1
323 311 1
311 324 1
324 311 1
311 367 1
367 311 1
311 371 1
371 311 1
311 390 1
390 311 1
311 399 1
399 311 1
311 419 1
419 311 1
311 435 1
435 311 1
311 436 1
436 311 1
311 445 1
445 311 1
311 463 1
463 311 1
311 465 -1
465 311 -1
312 317 1
317 312 1
312 318 1
318 312 1
312 493 1
493 312 1
312 496 1
496 312 1
313 340 -1
340 313 -1
313 348 1
348 313 1
313 402 1
402 313 1
314 334 1
334 314 1
314 384 -1
384 314 -1
314 437 1
437 314 1
315 340 1
340 315 1
315 347 1
347 315 1
315 356 -1
356 315 -1
315 432 1
432 315 1
315 444 -1
444 315 -1
315 450 1
450 315 1
316 356 1
356 316 1
316 357 1
357 316 1
316 358 -1
358 316 -1
316 406 1
406 316 1
316 407 1
407 316 1
316 409 -1
409 316 -1
316 412 1
412 316 1
316 414 1
414 316 1
316 467 1
467 316 1
316 471 1
471 316 1
317 318 1
318 317 1
317 464 1
464 317 1
317 470 1
470 317 1
317 483 1
483 317 1
317 493 1
493 317 1
318 464 1
464 318 1
318 483 1
483 318 1
318 493 -1
493 318 -1
318 496 1
496 318 1
319 348 -1
348 319 -1
319 375 1
375 319 1
319 385 1
385 319 1
319 409 1
409 319 1
319 429 1
429 319 1
319 453 1
453 319 1
319 458 1
458 319 1
319 479 1
479 319 1
320 353 1
353 320 1
320 368 1
368 320 1
320 377 1
377 320 1
320 387 1
387 320 1
320 485 1
485 320 1
321 329 1
329 321 1
321 351 -1
351 321 -1
321 372 1
372 321 1
321 384 1
384 321 1
321 418 -1
418 321 -1
322 327 -1
327 322 -1
322 331 -1
331 322 -1
322 344 1
344 322 1
322 355 1
355 322 1
322 358 -1
358 322 -1
322 365 1
365 322 1
322 391 1
391 322 1
322 413 1
413 322 1
322 430 1
430 322 1
323 377 -1
377 323 -1
323 390 1
390 323 1
323 399 1
399 323 1
323 419 1
419 323 1
323 435 1
435 323 1
323 445 1
445 323 1
323 454 -1
454 323 -1
323 463 1
463 323 1
323 488 1
488 323 1
324 364 -1
364 324 -1
324 394 -1
394 324 -1
324 399 1
399 324 1
324 436 1
436 324 1
324 445 1
445 324 1
324 463 1
463 324 1
325 357 1
357 325 1
325 406 1
406 325 1
325 412 1
412 325 1
325 490 1
490 325 1
325 496 -1
496 325 -1
326 345 1
345 326 1
326 346 1
346 326 1
326 366 1
366 326 1
326 373 1
373 326 1
326 374 1
374 326 1
326 378 1
378 326 1
326 400 1
400 326 1
326 420 -1
420 326 -1
326 442 1
442 326 1
326 461 -1
461 326 -1
326 465 1
465 326 1
326 468 1
468 326 1
326 469 1
469 326 1
326 488 -1
488 326 -1
327 351 1
351 327 1
327 388 -1
388 327 -1
327 393 1
393 327 1
327 416 1
416 327 1
327 424 1
424 327 1
327 448 -1
448 327 -1
327 462 1
462 327 1
327 466 1
466 327 1
327 498 -1
498 327 -1
328 375 1
375 328 1
328 385 1
385 328 1
328 395 1
395 328 1
328 409 1
409 328 1
328 456 1
456 328 1
328 458 1
458 328 1
328 479 -1
479 328 -1
329 384 -1
384 329 -1
329 484 1
484 329 1
329 492 1
492 329 1
330 363 1
363 330 1
330 403 1
403 330 1
330 460 -1
460 330 -1
330 474 1
474 330 1
331 338 1
338 331 1
331 375 -1
375 331 -1
331 376 1
376 331 1
331 380 1
380 331 1
331 385 1
385 331 1
331 395 1
395 331 1
331 409 -1
409 331 -1
331 418 -1
418 331 -1
331 439 1
439 331 1
331 445 -1
445 331 -1
331 453 1
453 331 1
331 456 -1
456 331 -1
331 458 1
458 331 1
331 479 1
479 331 1
331 484 1
484 331 1
332 361 1
361 332 1
332 472 1
472 332 1
333 339 -1
339 333 -1
333 364 -1
364 333 -1
333 383 1
383 333 1
333 389 1
389 333 1
333 401 1
401 333 1
333 410 1
410 333 1
333 473 1
473 333 1
333 481 1
481 333 1
333 495 -1
495 333 -1
334 384 1
384 334 1
334 437 1
437 334 1
335 364 1
364 335 1
335 426 -1
426 335 -1
335 491 -1
491 335 -1
336 346 -1
346 336 -1
336 406 -1
406 336 -1
336 407 1
407 336 1
336 412 1
412 336 1
336 455 -1
455 336 -1
336 467 1
467 336 1
337 356 -1
356 337 -1
337 423 1
423 337 1
337 426 -1
426 337 -1
337 472 1
472 337 1
337 478 1
478 337 1
337 498 1
498 337 1
338 375 1
375 338 1
338 385 -1
385 338 -1
338 409 1
409 338 1
338 453 1
453 338 1
338 458 1
458 338 1
338 479 1
479 338 1
339 349 1
349 339 1
339 353 1
353 339 1
339 405 1
405 339 1
339 427 1
427 339 1
339 489 1
489 339 1
340 347 1
347 340 1
340 432 1
432 340 1
340 450 1
450 340 1
341 343 1
343 341 1
341 353 1
353 341 1
341 368 1
368 341 1
341 370 1
370 341 1
341 377 1
377 341 1
341 392 1
392 341 1
341 397 1
397 341 1
341 398 1
398 341 1
341 415 1
415 341 1
341 427 1
427 341 1
342 344 1
344 342 1
342 349 1
349 342 1
342 355 -1
355 342 -1
343 353 1
353 343 1
343 386 1
386 343 1
343 427 1
427 343 1
343 443 1
443 343 1
343 447 -1
447 343 -1
343 475 1
475 343 1
344 355 1
355 344 1
344 358 -1
358 344 -1
344 365 1
365 344 1
344 385 -1
385 344 -1
344 391 1
391 344 1
344 396 1
396 344 1
344 430 1
430 344 1
344 433 1
433 344 1
344 451 -1
451 344 -1
344 457 1
457 344 1
344 461 -1
461 344 -1
344 480 1
480 344 1
345 364 -1
364 345 -1
345 366 1
366 345 1
345 374 1
374 345 1
345 400 1
400 345 1
345 420 1
420 345 1
345 461 1
461 345 1
345 468 -1
468 345 -1
345 469 1
469 345 1
345 482 -1
482 345 -1
346 420 -1
420 346 -1
346 461 1
461 346 1
346 465 1
465 346 1
347 450 1
450 347 1
348 360 1
360 348 1
348 369 1
369 348 1
348 402 1
402 348 1
348 449 -1
449 348 -1
349 353 -1
353 349 -1
349 368 1
368 349 1
349 387 1
387 349 1
349 405 1
405 349 1
349 446 -1
446 349 -1
349 485 1
485 349 1
349 495 1
495 349 1
350 354 1
354 350 1
350 359 1
359 350 1
350 408 -1
408 350 -1
350 434 1
434 350 1
350 444 1
444 350 1
350 487 1
487 350 1
351 374 -1
374 351 -1
351 388 1
388 351 1
351 393 1
393 351 1
351 416 1
416 351 1
351 462 1
462 351 1
351 467 -1
467 351 -1
352 408 1
408 352 1
352 420 -1
420 352 -1
352 434 1
434 352 1
352 444 1
444 352 1
352 487 1
487 352 1
353 377 -1
377 353 -1
353 381 1
381 353 1
353 386 1
386 353 1
353 387 1
387 353 1
353 397 1
397 353 1
353 407 -1
407 353 -1
353 415 1
415 353 1
353 427 1
427 353 1
353 431 -1
431 353 -1
353 447 1
447 353 1
353 454 1
454 353 1
353 485 1
485 353 1
353 489 1
489 353 1
353 490 -1
490 353 -1
353 495 1
495 353 1
354 408 1
408 354 1
354 434 -1
434 354 -1
354 444 1
444 354 1
355 358 1
358 355 1
355 365 1
365 355 1
355 366 1
366 355 1
355 391 1
391 355 1
355 396 1
396 355 1
355 413 1
413 355 1
355 430 1
430 355 1
355 451 1
451 355 1
355 457 1
457 355 1
355 480 1
480 355 1
355 485 -1
485 355 -1
356 357 -1
357 356 -1
356 406 1
406 356 1
356 407 1
407 356 1
356 412 1
412 356 1
356 491 1
491 356 1
357 406 -1
406 357 -1
357 407 1
407 357 1
357 412 1
412 357 1
357 414 1
414 357 1
357 439 -1
439 357 -1
357 467 -1
467 357 -1
357 471 -1
471 357 -1
357 490 1
490 357 1
357 491 1
491 357 1
358 416 -1
416 358 -1
358 430 1
430 358 1
359 384 -1
384 359 -1
359 444 1
444 359 1
359 487 -1
487 359 -1
360 402 1
402 360 1
360 449 1
449 360 1
360 477 1
477 360 1
361 382 1
382 361 1
361 414 -1
414 361 -1
361 421 1
421 361 1
361 423 1
423 361 1
361 443 -1
443 361 -1
361 446 1
446 361 1
361 472 1
472 361 1
361 498 -1
498 361 -1
362 375 -1
375 362 -1
362 425 1
425 362 1
362 450 -1
450 362 -1
363 379 1
379 363 1
363 394 1
394 363 1
363 403 1
403 363 1
363 404 -1
404 363 -1
363 460 1
460 363 1
363 474 1
474 363 1
363 486 1
486 363 1
363 487 -1
487 363 -1
363 494 -1
494 363 -1
364 383 1
383 364 1
364 389 -1
389 364 -1
364 401 1
401 364 1
364 410 1
410 364 1
364 426 1
426 364 1
364 473 1
473 364 1
364 481 1
481 364 1
365 391 1
391 365 1
366 420 1
420 366 1
366 449 -1
449 366 -1
366 461 1
461 366 1
366 465 1
465 366 1
366 469 1
469 366 1
367 390 1
390 367 1
367 417 -1
417 367 -1
367 419 1
419 367 1
367 436 1
436 367 1
367 445 1
445 367 1
367 460 -1
460 367 -1
367 488 -1
488 367 -1
368 398 1
398 368 1
368 427 1
427 368 1
369 402 1
402 369 1
369 449 1
449 369 1
369 471 -1
471 369 -1
370 427 -1
427 370 -1
370 428 -1
428 370 -1
371 390 1
390 371 1
371 436 1
436 371 1
371 445 1
445 371 1
371 449 -1
449 371 -1
372 384 1
384 372 1
372 398 -1
398 372 -1
373 388 -1
388 373 -1
373 400 1
400 373 1
373 420 1
420 373 1
373 461 1
461 373 1
373 465 1
465 373 1
374 378 1
378 374 1
374 400 1
400 374 1
374 408 -1
408 374 -1
374 420 1
420 374 1
374 441 1
441 374 1
374 465 1
465 374 1
374 473 -1
473 374 -1
375 376 1
376 375 1
375 380 1
380 375 1
375 385 -1
385 375 -1
375 395 1
395 375 1
375 409 1
409 375 1
375 429 1
429 375 1
375 439 1
439 375 1
375 453 1
453 375 1
375 456 1
456 375 1
375 458 1
458 375 1
375 459 1
459 375 1
375 464 -1
464 375 -1
375 479 1
479 375 1
375 484 1
484 375 1
375 499 -1
499 375 -1
376 385 1
385 376 1
376 409 1
409 376 1
376 429 1
429 376 1
376 479 1
479 376 1
377 387 1
387 377 1
377 392 1
392 377 1
377 398 1
398 377 1
377 411 1
411 377 1
377 415 1
415 377 1
377 427 1
427 377 1
377 443 1
443 377 1
377 447 -1
447 377 -1
377 475 -1
475 377 -1
377 485 1
485 377 1
377 495 1
495 377 1
378 396 -1
396 378 -1
378 400 1
400 378 1
378 461 1
461 378 1
378 465 1
465 378 1
378 479 -1
479 378 -1
379 394 1
394 379 1
379 403 1
403 379 1
379 404 1
404 379 1
379 460 1
460 379 1
379 486 1
486 379 1
379 494 1
494 379 1
379 499 1
499 379 1
380 385 1
385 380 1
380 409 1
409 380 1
380 418 1
418 380 1
380 429 1
429 380 1
380 458 1
458 380 1
380 479 1
479 380 1
380 495 1
495 380 1
381 392 1
392 381 1
381 427 1
427 381 1
381 475 -1
475 381 -1
382 405 -1
405 382 -1
382 440 1
440 382 1
382 446 1
446 382 1
382 472 1
472 382 1
382 497 1
497 382 1
383 389 1
389 383 1
383 401 1
401 383 1
383 410 1
410 383 1
383 426 1
426 383 1
383 471 -1
471 383 -1
383 473 1
473 383 1
383 481 -1
481 383 -1
384 437 -1
437 384 -1
384 455 1
455 384 1
384 482 1
482 384 1
384 492 1
492 384 1
385 395 -1
395 385 -1
385 409 1
409 385 1
385 418 1
418 385 1
385 429 1
429 385 1
385 439 1
439 385 1
385 453 1
453 385 1
385 458 1
458 385 1
385 459 1
459 385 1
385 461 -1
461 385 -1
385 479 1
479 385 1
385 484 -1
484 385 -1
386 415 1
415 386 1
387 392 1
392 387 1
387 397 1
397 387 1
387 398 1
398 387 1
387 409 -1
409 387 -1
387 411 1
411 387 1
387 415 1
415 387 1
387 427 1
427 387 1
387 454 1
454 387 1
387 475 1
475 387 1
387 485 1
485 387 1
387 495 1
495 387 1
388 416 1
416 388 1
388 466 1
466 388 1
389 401 1
401 389 1
389 410 1
410 389 1
389 473 -1
473 389 -1
389 481 1
481 389 1
390 399 1
399 390 1
390 417 1
417 390 1
390 419 1
419 390 1
390 435 1
435 390 1
390 436 1
436 390 1
390 445 1
445 390 1
390 463 1
463 390 1
390 488 -1
488 390 -1
391 393 -1
393 391 -1
391 396 1
396 391 1
391 412 -1
412 391 -1
391 430 -1
430 391 -1
391 457 1
457 391 1
391 461 -1
461 391 -1
392 397 1
397 392 1
392 398 1
398 392 1
392 427 1
427 392 1
392 447 1
447 392 1
392 454 1
454 392 1
392 473 1
473 392 1
392 475 1
475 392 1
392 485 1
485 392 1
392 495 1
495 392 1
393 416 1
416 393 1
393 424 1
424 393 1
393 466 1
466 393 1
394 403 1
403 394 1
394 452 1
452 394 1
394 460 -1
460 394 -1
394 474 1
474 394 1
394 499 1
499 394 1
395 409 1
409 395 1
395 429 1
429 395 1
395 432 -1
432 395 -1
395 453 -1
453 395 -1
395 458 1
458 395 1
395 459 1
459 395 1
395 464 1
464 395 1
395 479 1
479 395 1
396 430 1
430 396 1
396 433 1
433 396 1
396 480 1
480 396 1
397 411 -1
411 397 -1
397 427 1
427 397 1
398 404 -1
404 398 -1
398 411 1
411 398 1
398 495 -1
495 398 -1
399 445 1
445 399 1
400 420 1
420 400 1
400 442 1
442 400 1
400 461 1
461 400 1
400 465 1
465 400 1
400 485 -1
485 400 -1
401 426 1
426 401 1
401 427 -1
427 401 -1
401 431 -1
431 401 -1
401 473 1
473 401 1
401 481 1
481 401 1
402 449 1
449 402 1
403 404 1
404 403 1
403 474 1
474 403 1
403 483 -1
483 403 -1
403 486 1
486 403 1
403 494 1
494 403 1
404 423 1
423 404 1
404 452 -1
452 404 -1
404 474 1
474 404 1
404 486 -1
486 404 -1
404 499 1
499 404 1
405 427 1
427 405 1
405 434 -1
434 405 -1
405 443 1
443 405 1
406 407 1
407 406 1
406 412 1
412 406 1
406 414 1
414 406 1
406 434 -1
434 406 -1
406 438 1
438 406 1
406 467 1
467 406 1
406 471 -1
471 406 -1
406 490 1
490 406 1
406 491 1
491 406 1
407 412 1
412 407 1
407 414 1
414 407 1
407 438 1
438 407 1
407 458 -1
458 407 -1
407 467 -1
467 407 -1
407 471 1
471 407 1
407 490 1
490 407 1
407 491 1
491 407 1
408 428 1
428 408 1
408 434 1
434 408 1
408 444 1
444 408 1
409 418 1
418 409 1
409 422 1
422 409 1
409 429 1
429 409 1
409 439 1
439 409 1
409 446 -1
446 409 -1
409 453 -1
453 409 -1
409 456 1
456 409 1
409 458 1
458 409 1
409 459 1
459 409 1
409 479 1
479 409 1
409 484 1
484 409 1
410 426 1
426 410 1
410 481 1
481 410 1
411 427 1
427 411 1
411 458 -1
458 411 -1
411 495 -1
495 411 -1
412 414 1
414 412 1
412 467 1
467 412 1
412 471 1
471 412 1
412 490 -1
490 412 -1
412 491 1
491 412 1
413 430 1
430 413 1
414 467 1
467 414 1
414 471 1
471 414 1
414 490 -1
490 414 -1
416 424 1
424 416 1
416 448 1
448 416 1
416 462 1
462 416 1
417 419 1
419 417 1
417 435 1
435 417 1
417 436 1
436 417 1
417 445 1
445 417 1
417 465 -1
465 417 -1
417 488 1
488 417 1
418 458 1
458 418 1
418 479 1
479 418 1
419 435 1
435 419 1
419 445 -1
445 419 -1
419 463 1
463 419 1
419 488 1
488 419 1
419 490 -1
490 419 -1
420 442 1
442 420 1
420 461 1
461 420 1
420 464 -1
464 420 -1
420 465 1
465 420 1
420 468 1
468 420 1
420 469 1
469 420 1
421 497 1
497 421 1
422 458 1
458 422 1
422 459 1
459 422 1
423 440 -1
440 423 -1
423 497 1
497 423 1
423 498 1
498 423 1
424 441 -1
441 424 -1
424 466 1
466 424 1
425 432 1
432 425 1
425 447 -1
447 425 -1
425 450 1
450 425 1
426 473 1
473 426 1
426 481 1
481 426 1
427 454 1
454 427 1
427 485 1
485 427 1
427 495 1
495 427 1
428 434 1
434 428 1
428 444 1
444 428 1
429 458 1
458 429 1
429 479 1
479 429 1
430 451 1
451 430 1
430 457 1
457 430 1
430 476 1
476 430 1
431 450 1
450 431 1
432 450 -1
450 432 -1
433 457 -1
457 433 -1
434 444 1
444 434 1
434 462 1
462 434 1
434 487 1
487 434 1
435 445 1
445 435 1
435 463 1
463 435 1
435 483 1
483 435 1
435 488 1
488 435 1
436 457 -1
457 436 -1
436 465 -1
465 436 -1
437 443 -1
443 437 -1
437 482 1
482 437 1
438 467 1
467 438 1
438 490 1
490 438 1
438 491 -1
491 438 -1
439 453 1
453 439 1
439 458 1
458 439 1
439 479 1
479 439 1
439 496 -1
496 439 -1
440 472 1
472 440 1
441 442 -1
442 441 -1
441 465 -1
465 441 -1
441 479 -1
479 441 -1
442 449 -1
449 442 -1
442 461 1
461 442 1
442 465 1
465 442 1
442 469 1
469 442 1
444 458 -1
458 444 -1
445 466 -1
466 445 -1
445 488 -1
488 445 -1
449 463 -1
463 449 -1
449 477 1
477 449 1
451 476 1
476 451 1
453 458 1
458 453 1
453 479 1
479 453 1
455 482 1
482 455 1
455 492 -1
492 455 -1
456 479 1
479 456 1
457 469 -1
469 457 -1
458 459 -1
459 458 -1
458 479 1
479 458 1
459 479 1
479 459 1
460 474 1
474 460 1
460 494 -1
494 460 -1
460 499 1
499 460 1
461 465 1
465 461 1
462 466 1
466 462 1
463 488 1
488 463 1
464 483 -1
483 464 -1
464 496 1
496 464 1
465 468 1
468 465 1
465 469 1
469 465 1
465 476 -1
476 465 -1
467 471 1
471 467 1
467 490 1
490 467 1
468 476 -1
476 468 -1
469 488 -1
488 469 -1
470 483 1
483 470 1
470 496 1
496 470 1
471 490 1
490 471 1
471 491 1
491 471 1
472 478 -1
478 472 -1
472 497 1
497 472 1
473 481 1
481 473 1
474 486 1
486 474 1
474 496 -1
496 474 -1
474 499 -1
499 474 -1
478 497 1
497 478 1
479 484 1
484 479 1
483 493 1
493 483 1
483 496 1
496 483 1
486 499 1
499 486 1
494 499 1
499 494 1
