0 8 -1
8 0 -1
0 11 1
11 0 1
0 17 1
17 0 1
0 22 -1
22 0 -1
0 35 1
35 0 1
0 62 1
62 0 1
0 63 1
63 0 1
0 107 1
107 0 1
0 217 1
217 0 1
0 224 1
224 0 1
0 251 1
251 0 1
0 297 1
297 0 1
0 345 -1
345 0 -1
0 397 1
397 0 1
0 450 -1
450 0 -1
0 451 1
451 0 1
0 467 1
467 0 1
0 486 1
486 0 1
0 487 1
487 0 1
0 494 -1
494 0 -1
1 98 -1
98 1 -1
1 124 1
124 1 1
1 130 1
130 1 1
1 212 -1
212 1 -1
1 240 1
240 1 1
1 243 1
243 1 1
1 301 -1
301 1 -1
1 305 1
305 1 1
1 353 1
353 1 1
1 414 -1
414 1 -1
1 424 1
424 1 1
1 457 1
457 1 1
2 15 1
15 2 1
2 28 -1
28 2 -1
2 49 1
49 2 1
2 53 1
53 2 1
2 174 1
174 2 1
2 275 1
275 2 1
2 284 1
284 2 1
2 351 -1
351 2 -1
2 356 -1
356 2 -1
2 381 1
381 2 1
2 385 1
385 2 1
3 64 -1
64 3 -1
3 129 1
129 3 1
3 162 1
162 3 1
3 236 -1
236 3 -1
3 286 1
286 3 1
3 312 1
312 3 1
3 374 -1
374 3 -1
3 415 -1
415 3 -1
3 416 1
416 3 1
3 437 1
437 3 1
3 449 -1
449 3 -1
3 479 1
479 3 1
4 8 1
8 4 1
4 21 -1
21 4 -1
4 30 -1
30 4 -1
4 39 -1
39 4 -1
4 52 -1
52 4 -1
4 57 1
57 4 1
4 96 1
96 4 1
4 106 -1
106 4 -1
4 148 -1
148 4 -1
4 152 1
152 4 1
4 159 1
159 4 1
4 165 -1
165 4 -1
4 179 -1
179 4 -1
4 181 -1
181 4 -1
4 216 1
216 4 1
4 231 1
231 4 1
4 246 1
246 4 1
4 247 1
247 4 1
4 291 1
291 4 1
4 300 -1
300 4 -1
4 302 1
302 4 1
4 312 -1
312 4 -1
4 314 1
314 4 1
4 316 1
316 4 1
4 344 -1
344 4 -1
4 345 1
345 4 1
4 351 -1
351 4 -1
4 356 1
356 4 1
4 357 -1
357 4 -1
4 359 1
359 4 1
4 400 1
400 4 1
4 413 1
413 4 1
4 422 1
422 4 1
4 423 1
423 4 1
4 443 1
443 4 1
4 448 1
448 4 1
4 467 1
467 4 1
5 31 -1
31 5 -1
5 67 1
67 5 1
5 87 1
87 5 1
5 138 1
138 5 1
5 145 1
145 5 1
5 201 -1
201 5 -1
5 202 -1
202 5 -1
5 214 1
214 5 1
5 262 1
262 5 1
5 317 -1
317 5 -1
5 318 1
318 5 1
5 320 -1
320 5 -1
5 333 -1
333 5 -1
5 349 -1
349 5 -1
5 384 1
384 5 1
5 398 1
398 5 1
5 442 1
442 5 1
5 460 1
460 5 1
5 469 1
469 5 1
5 481 1
481 5 1
5 489 1
489 5 1
6 10 -1
10 6 -1
6 41 -1
41 6 -1
6 45 -1
45 6 -1
6 86 1
86 6 1
6 230 1
230 6 1
6 240 1
240 6 1
6 243 -1
243 6 -1
6 305 1
305 6 1
6 396 -1
396 6 -1
6 405 1
405 6 1
6 408 1
408 6 1
6 414 1
414 6 1
6 468 1
468 6 1
7 18 -1
18 7 -1
7 148 1
148 7 1
7 165 1
165 7 1
7 179 1
179 7 1
7 247 1
247 7 1
7 354 1
354 7 1
7 356 1
356 7 1
7 359 1
359 7 1
7 385 1
385 7 1
7 398 -1
398 7 -1
7 422 1
422 7 1
7 442 -1
442 7 -1
7 443 1
443 7 1
8 29 -1
29 8 -1
8 36 1
36 8 1
8 77 -1
77 8 -1
8 141 1
141 8 1
8 179 -1
179 8 -1
8 187 1
187 8 1
8 216 1
216 8 1
8 266 -1
266 8 -1
8 396 1
396 8 1
9 26 1
26 9 1
9 48 1
48 9 1
9 66 -1
66 9 -1
9 69 1
69 9 1
9 78 1
78 9 1
9 83 1
83 9 1
9 97 1
97 9 1
9 100 1
100 9 1
9 102 1
102 9 1
9 116 1
116 9 1
9 123 1
123 9 1
9 132 1
132 9 1
9 142 1
142 9 1
9 181 -1
181 9 -1
9 182 1
182 9 1
9 197 1
197 9 1
9 203 1
203 9 1
9 221 1
221 9 1
9 252 1
252 9 1
9 259 1
259 9 1
9 261 -1
261 9 -1
9 269 1
269 9 1
9 276 1
276 9 1
9 343 1
343 9 1
9 371 1
371 9 1
9 372 1
372 9 1
9 381 -1
381 9 -1
9 394 1
394 9 1
9 397 -1
397 9 -1
9 415 -1
415 9 -1
9 417 1
417 9 1
9 419 1
419 9 1
9 432 -1
432 9 -1
9 447 1
447 9 1
9 453 1
453 9 1
9 473 1
473 9 1
9 474 1
474 9 1
9 476 1
476 9 1
9 483 1
483 9 1
9 485 1
485 9 1
9 487 -1
487 9 -1
9 497 1
497 9 1
10 41 1
41 10 1
10 42 1
42 10 1
10 124 1
124 10 1
10 216 -1
216 10 -1
10 230 -1
230 10 -1
10 240 1
240 10 1
10 243 1
243 10 1
10 246 -1
246 10 -1
10 287 1
287 10 1
10 297 -1
297 10 -1
10 305 1
305 10 1
10 335 -1
335 10 -1
10 353 1
353 10 1
10 390 -1
390 10 -1
10 405 -1
405 10 -1
10 408 1
408 10 1
10 414 1
414 10 1
10 424 1
424 10 1
10 433 -1
433 10 -1
10 457 1
457 10 1
11 22 1
22 11 1
11 36 1
36 11 1
11 48 1
48 11 1
11 62 1
62 11 1
11 200 1
200 11 1
11 346 1
346 11 1
11 347 1
347 11 1
11 462 -1
462 11 -1
11 486 1
486 11 1
11 487 1
487 11 1
12 65 1
65 12 1
12 115 1
115 12 1
12 122 1
122 12 1
12 149 1
149 12 1
12 150 -1
150 12 -1
12 162 -1
162 12 -1
12 185 -1
185 12 -1
12 207 1
207 12 1
12 351 1
351 12 1
12 387 -1
387 12 -1
12 390 -1
390 12 -1
13 36 1
36 13 1
13 56 -1
56 13 -1
13 61 1
61 13 1
13 62 -1
62 13 -1
13 100 -1
100 13 -1
13 103 -1
103 13 -1
13 109 1
109 13 1
13 165 -1
165 13 -1
13 184 1
184 13 1
13 246 1
246 13 1
13 324 1
324 13 1
13 345 1
345 13 1
13 359 1
359 13 1
13 393 1
393 13 1
13 396 1
396 13 1
13 406 1
406 13 1
13 419 1
419 13 1
14 15 -1
15 14 -1
14 20 1
20 14 1
14 49 1
49 14 1
14 53 1
53 14 1
14 106 1
106 14 1
14 126 -1
126 14 -1
14 174 1
174 14 1
14 222 1
222 14 1
14 262 -1
262 14 -1
14 275 1
275 14 1
14 359 1
359 14 1
14 381 -1
381 14 -1
14 385 1
385 14 1
14 446 1
446 14 1
14 491 -1
491 14 -1
15 20 1
20 15 1
15 29 1
29 15 1
15 40 1
40 15 1
15 49 1
49 15 1
15 50 1
50 15 1
15 53 1
53 15 1
15 98 -1
98 15 -1
15 100 -1
100 15 -1
15 106 1
106 15 1
15 126 1
126 15 1
15 153 1
153 15 1
15 163 -1
163 15 -1
15 171 1
171 15 1
15 174 1
174 15 1
15 175 1
175 15 1
15 184 -1
184 15 -1
15 189 1
189 15 1
15 222 1
222 15 1
15 227 -1
227 15 -1
15 238 1
238 15 1
15 252 1
252 15 1
15 269 -1
269 15 -1
15 275 1
275 15 1
15 284 1
284 15 1
15 312 1
312 15 1
15 321 1
321 15 1
15 326 1
326 15 1
15 337 -1
337 15 -1
15 339 1
339 15 1
15 364 1
364 15 1
15 376 -1
376 15 -1
15 381 1
381 15 1
15 385 1
385 15 1
15 395 -1
395 15 -1
15 409 1
409 15 1
15 499 1
499 15 1
16 65 1
65 16 1
16 109 -1
109 16 -1
16 185 1
185 16 1
16 207 1
207 16 1
16 223 1
223 16 1
16 226 1
226 16 1
16 303 1
303 16 1
16 331 -1
331 16 -1
16 351 -1
351 16 -1
16 461 1
461 16 1
17 22 -1
22 17 -1
17 35 1
35 17 1
17 48 1
48 17 1
17 79 -1
79 17 -1
17 82 1
82 17 1
17 107 -1
107 17 -1
17 116 -1
116 17 -1
17 141 -1
141 17 -1
17 297 1
297 17 1
17 361 1
361 17 1
17 480 1
480 17 1
17 486 1
486 17 1
18 36 1
36 18 1
18 92 1
92 18 1
18 148 1
148 18 1
18 165 1
165 18 1
18 231 -1
231 18 -1
18 254 -1
254 18 -1
18 260 -1
260 18 -1
18 284 -1
284 18 -1
18 314 -1
314 18 -1
18 356 1
356 18 1
18 393 1
393 18 1
18 396 1
396 18 1
19 34 1
34 19 1
19 66 1
66 19 1
19 74 1
74 19 1
19 86 1
86 19 1
19 92 -1
92 19 -1
19 114 1
114 19 1
19 119 1
119 19 1
19 143 -1
143 19 -1
19 144 1
144 19 1
19 158 1
158 19 1
19 174 -1
174 19 -1
19 192 1
192 19 1
19 228 1
228 19 1
19 249 -1
249 19 -1
19 283 1
283 19 1
19 288 1
288 19 1
19 292 1
292 19 1
19 317 1
317 19 1
19 324 -1
324 19 -1
19 344 1
344 19 1
19 358 1
358 19 1
19 417 1
417 19 1
19 426 1
426 19 1
19 459 1
459 19 1
19 486 -1
486 19 -1
19 489 -1
489 19 -1
19 490 -1
490 19 -1
20 40 -1
40 20 -1
20 49 1
49 20 1
20 174 -1
174 20 -1
20 200 -1
200 20 -1
20 222 1
222 20 1
20 233 1
233 20 1
20 381 -1
381 20 -1
20 496 -1
496 20 -1
20 499 1
499 20 1
21 36 1
36 21 1
21 59 -1
59 21 -1
21 109 1
109 21 1
21 119 1
119 21 1
21 231 1
231 21 1
21 234 1
234 21 1
21 247 1
247 21 1
21 273 1
273 21 1
21 291 1
291 21 1
21 308 1
308 21 1
21 332 -1
332 21 -1
21 401 1
401 21 1
21 422 1
422 21 1
21 423 1
423 21 1
22 35 1
35 22 1
22 48 1
48 22 1
22 62 1
62 22 1
22 82 -1
82 22 -1
22 99 1
99 22 1
22 107 1
107 22 1
22 126 -1
126 22 -1
22 142 -1
142 22 -1
22 163 -1
163 22 -1
22 200 1
200 22 1
22 209 1
209 22 1
22 217 1
217 22 1
22 224 -1
224 22 -1
22 251 -1
251 22 -1
22 258 1
258 22 1
22 297 1
297 22 1
22 305 -1
305 22 -1
22 323 -1
323 22 -1
22 352 1
352 22 1
22 361 -1
361 22 -1
22 362 1
362 22 1
22 451 1
451 22 1
22 480 1
480 22 1
22 482 -1
482 22 -1
22 486 1
486 22 1
22 487 1
487 22 1
22 493 1
493 22 1
23 98 1
98 23 1
23 121 1
121 23 1
23 138 -1
138 23 -1
23 169 1
169 23 1
23 186 -1
186 23 -1
23 218 1
218 23 1
23 260 1
260 23 1
23 293 -1
293 23 -1
23 350 1
350 23 1
23 407 1
407 23 1
23 410 -1
410 23 -1
23 431 1
431 23 1
23 440 1
440 23 1
23 482 1
482 23 1
23 495 1
495 23 1
24 66 1
66 24 1
24 74 1
74 24 1
24 86 1
86 24 1
24 114 1
114 24 1
24 132 1
132 24 1
24 144 1
144 24 1
24 150 -1
150 24 -1
24 158 -1
158 24 -1
24 171 -1
171 24 -1
24 192 1
192 24 1
24 197 1
197 24 1
24 227 1
227 24 1
24 237 -1
237 24 -1
24 260 -1
260 24 -1
24 283 1
283 24 1
24 288 1
288 24 1
24 298 1
298 24 1
24 325 1
325 24 1
24 326 -1
326 24 -1
24 344 1
344 24 1
24 358 1
358 24 1
24 402 -1
402 24 -1
24 412 1
412 24 1
24 417 1
417 24 1
24 426 1
426 24 1
24 490 -1
490 24 -1
25 39 -1
39 25 -1
25 73 1
73 25 1
25 158 -1
158 25 -1
25 181 -1
181 25 -1
25 194 -1
194 25 -1
25 244 -1
244 25 -1
25 248 1
248 25 1
25 261 1
261 25 1
25 266 1
266 25 1
25 322 1
322 25 1
25 323 -1
323 25 -1
25 357 1
357 25 1
26 33 1
33 26 1
26 69 -1
69 26 -1
26 78 -1
78 26 -1
26 100 1
100 26 1
26 102 1
102 26 1
26 116 1
116 26 1
26 123 1
123 26 1
26 142 1
142 26 1
26 144 -1
144 26 -1
26 180 -1
180 26 -1
26 197 1
197 26 1
26 203 1
203 26 1
26 247 -1
247 26 -1
26 259 1
259 26 1
26 261 1
261 26 1
26 269 1
269 26 1
26 315 1
315 26 1
26 325 -1
325 26 -1
26 343 -1
343 26 -1
26 350 -1
350 26 -1
26 355 1
355 26 1
26 356 -1
356 26 -1
26 363 1
363 26 1
26 372 1
372 26 1
26 473 -1
473 26 -1
26 474 1
474 26 1
26 484 -1
484 26 -1
26 485 1
485 26 1
27 89 1
89 27 1
27 125 1
125 27 1
27 146 1
146 27 1
27 195 1
195 27 1
27 211 1
211 27 1
27 217 -1
217 27 -1
27 239 1
239 27 1
27 258 1
258 27 1
27 274 1
274 27 1
27 324 -1
324 27 -1
27 327 1
327 27 1
27 340 -1
340 27 -1
27 397 -1
397 27 -1
27 402 1
402 27 1
27 449 -1
449 27 -1
27 466 1
466 27 1
27 498 1
498 27 1
28 81 1
81 28 1
28 118 1
118 28 1
28 128 1
128 28 1
28 138 1
138 28 1
28 202 1
202 28 1
28 248 -1
248 28 -1
28 262 1
262 28 1
28 318 1
318 28 1
28 333 1
333 28 1
28 340 1
340 28 1
28 359 -1
359 28 -1
28 398 1
398 28 1
28 453 1
453 28 1
28 481 -1
481 28 -1
28 484 1
484 28 1
28 488 1
488 28 1
28 491 1
491 28 1
29 40 1
40 29 1
29 50 -1
50 29 -1
29 53 -1
53 29 -1
29 138 -1
138 29 -1
29 171 1
171 29 1
29 174 -1
174 29 -1
29 275 1
275 29 1
29 318 1
318 29 1
29 326 1
326 29 1
29 344 -1
344 29 -1
29 364 1
364 29 1
29 381 -1
381 29 -1
29 385 -1
385 29 -1
29 395 1
395 29 1
29 409 1
409 29 1
30 36 1
36 30 1
30 45 1
45 30 1
30 77 1
77 30 1
30 108 -1
108 30 -1
30 406 1
406 30 1
30 421 -1
421 30 -1
30 422 1
422 30 1
30 423 1
423 30 1
30 491 -1
491 30 -1
31 36 1
36 31 1
31 66 1
66 31 1
31 110 1
110 31 1
31 114 1
114 31 1
31 119 1
119 31 1
31 235 1
235 31 1
31 283 1
283 31 1
31 344 1
344 31 1
31 427 -1
427 31 -1
32 51 1
51 32 1
32 54 1
54 32 1
32 85 -1
85 32 -1
32 111 -1
111 32 -1
32 160 -1
160 32 -1
32 164 1
164 32 1
32 172 1
172 32 1
32 177 -1
177 32 -1
32 246 -1
246 32 -1
32 255 1
255 32 1
32 306 -1
306 32 -1
32 319 -1
319 32 -1
32 334 1
334 32 1
32 389 -1
389 32 -1
32 410 1
410 32 1
32 434 1
434 32 1
33 73 1
73 33 1
33 78 1
78 33 1
33 88 -1
88 33 -1
33 100 1
100 33 1
33 197 1
197 33 1
33 259 -1
259 33 -1
33 261 1
261 33 1
33 276 1
276 33 1
33 338 -1
338 33 -1
33 343 1
343 33 1
33 473 1
473 33 1
33 485 -1
485 33 -1
34 66 1
66 34 1
34 74 1
74 34 1
34 86 1
86 34 1
34 116 1
116 34 1
34 119 1
119 34 1
34 132 1
132 34 1
34 144 1
144 34 1
34 150 1
150 34 1
34 203 -1
203 34 -1
34 205 1
205 34 1
34 206 1
206 34 1
34 228 1
228 34 1
34 233 -1
233 34 -1
34 235 1
235 34 1
34 247 -1
247 34 -1
34 298 1
298 34 1
34 325 1
325 34 1
34 344 1
344 34 1
34 345 -1
345 34 -1
34 358 1
358 34 1
34 452 1
452 34 1
35 48 1
48 35 1
35 62 1
62 35 1
35 65 1
65 35 1
35 82 1
82 35 1
35 107 1
107 35 1
35 200 -1
200 35 -1
35 224 1
224 35 1
35 245 1
245 35 1
35 253 -1
253 35 -1
35 297 1
297 35 1
35 346 1
346 35 1
35 348 -1
348 35 -1
35 352 1
352 35 1
35 361 1
361 35 1
35 419 -1
419 35 -1
35 436 -1
436 35 -1
35 451 1
451 35 1
35 486 1
486 35 1
35 493 1
493 35 1
35 494 1
494 35 1
36 48 1
48 36 1
36 57 1
57 36 1
36 61 1
61 36 1
36 77 1
77 36 1
36 80 1
80 36 1
36 92 1
92 36 1
36 109 1
109 36 1
36 135 1
135 36 1
36 136 -1
136 36 -1
36 148 -1
148 36 -1
36 165 1
165 36 1
36 179 -1
179 36 -1
36 184 1
184 36 1
36 213 -1
213 36 -1
36 216 1
216 36 1
36 240 -1
240 36 -1
36 246 1
246 36 1
36 247 1
247 36 1
36 266 -1
266 36 -1
36 273 1
273 36 1
36 284 -1
284 36 -1
36 290 1
290 36 1
36 293 -1
293 36 -1
36 314 1
314 36 1
36 316 1
316 36 1
36 324 1
324 36 1
36 345 1
345 36 1
36 359 1
359 36 1
36 369 1
369 36 1
36 396 1
396 36 1
36 406 -1
406 36 -1
36 419 1
419 36 1
36 423 1
423 36 1
36 448 -1
448 36 -1
36 450 1
450 36 1
36 481 -1
481 36 -1
37 63 -1
63 37 -1
37 75 -1
75 37 -1
37 93 1
93 37 1
37 108 -1
108 37 -1
37 151 1
151 37 1
37 328 1
328 37 1
37 332 1
332 37 1
37 367 -1
367 37 -1
37 378 1
378 37 1
37 383 1
383 37 1
37 392 -1
392 37 -1
37 403 1
403 37 1
38 55 1
55 38 1
38 68 1
68 38 1
38 88 1
88 38 1
38 95 1
95 38 1
38 103 1
103 38 1
38 105 1
105 38 1
38 120 1
120 38 1
38 121 -1
121 38 -1
38 131 1
131 38 1
38 133 1
133 38 1
38 134 1
134 38 1
38 199 -1
199 38 -1
38 215 1
215 38 1
38 241 1
241 38 1
38 266 -1
266 38 -1
38 288 -1
288 38 -1
38 290 -1
290 38 -1
38 372 -1
372 38 -1
38 420 -1
420 38 -1
38 431 1
431 38 1
38 440 -1
440 38 -1
38 482 1
482 38 1
38 495 -1
495 38 -1
39 95 1
95 39 1
39 98 1
98 39 1
39 121 1
121 39 1
39 131 1
131 39 1
39 199 1
199 39 1
39 241 1
241 39 1
39 293 1
293 39 1
39 350 1
350 39 1
39 384 -1
384 39 -1
39 455 1
455 39 1
39 490 1
490 39 1
39 495 1
495 39 1
40 49 -1
49 40 -1
40 50 1
50 40 1
40 53 1
53 40 1
40 100 -1
100 40 -1
40 171 -1
171 40 -1
40 174 -1
174 40 -1
40 175 1
175 40 1
40 189 1
189 40 1
40 216 -1
216 40 -1
40 222 1
222 40 1
40 237 -1
237 40 -1
40 238 1
238 40 1
40 244 -1
244 40 -1
40 253 1
253 40 1
40 265 -1
265 40 -1
40 275 1
275 40 1
40 279 -1
279 40 -1
40 376 -1
376 40 -1
40 381 -1
381 40 -1
40 385 1
385 40 1
40 395 1
395 40 1
40 409 1
409 40 1
40 446 1
446 40 1
40 499 1
499 40 1
41 49 -1
49 41 -1
41 124 1
124 41 1
41 213 -1
213 41 -1
41 230 1
230 41 1
41 240 1
240 41 1
41 243 -1
243 41 -1
41 280 1
280 41 1
41 305 1
305 41 1
41 327 -1
327 41 -1
41 345 -1
345 41 -1
41 349 -1
349 41 -1
41 353 1
353 41 1
41 408 1
408 41 1
41 414 1
414 41 1
41 457 1
457 41 1
41 475 -1
475 41 -1
42 75 -1
75 42 -1
42 124 1
124 42 1
42 130 1
130 42 1
42 230 1
230 42 1
42 240 1
240 42 1
42 243 1
243 42 1
42 362 -1
362 42 -1
42 414 1
414 42 1
42 457 1
457 42 1
42 498 -1
498 42 -1
43 129 1
129 43 1
43 139 1
139 43 1
43 140 1
140 43 1
43 162 1
162 43 1
43 173 -1
173 43 -1
43 201 1
201 43 1
43 213 1
213 43 1
43 219 1
219 43 1
43 271 1
271 43 1
43 286 1
286 43 1
43 306 1
306 43 1
43 358 -1
358 43 -1
43 379 -1
379 43 -1
43 416 -1
416 43 -1
43 436 1
436 43 1
43 437 1
437 43 1
43 445 1
445 43 1
43 463 1
463 43 1
43 473 -1
473 43 -1
44 91 1
91 44 1
44 113 -1
113 44 -1
44 146 1
146 44 1
44 211 1
211 44 1
44 258 -1
258 44 -1
44 327 1
327 44 1
44 351 -1
351 44 -1
44 396 -1
396 44 -1
44 397 1
397 44 1
44 471 1
471 44 1
44 479 -1
479 44 -1
44 498 1
498 44 1
45 61 1
61 45 1
45 184 1
184 45 1
45 229 1
229 45 1
45 247 1
247 45 1
45 282 1
282 45 1
45 357 -1
357 45 -1
45 359 1
359 45 1
45 419 1
419 45 1
45 423 1
423 45 1
45 454 1
454 45 1
45 457 -1
457 45 -1
46 56 1
56 46 1
46 59 1
59 46 1
46 72 1
72 46 1
46 108 -1
108 46 -1
46 116 -1
116 46 -1
46 181 1
181 46 1
46 245 -1
245 46 -1
46 248 1
248 46 1
46 289 1
289 46 1
46 322 -1
322 46 -1
46 360 1
360 46 1
46 431 1
431 46 1
46 439 1
439 46 1
46 465 1
465 46 1
47 87 1
87 47 1
47 118 1
118 47 1
47 135 -1
135 47 -1
47 195 -1
195 47 -1
47 202 1
202 47 1
47 223 1
223 47 1
47 232 1
232 47 1
47 262 1
262 47 1
47 333 1
333 47 1
47 340 1
340 47 1
47 375 -1
375 47 -1
47 384 1
384 47 1
47 398 1
398 47 1
47 491 1
491 47 1
48 62 1
62 48 1
48 98 -1
98 48 -1
48 99 1
99 48 1
48 107 -1
107 48 -1
48 200 -1
200 48 -1
48 217 -1
217 48 -1
48 224 -1
224 48 -1
48 248 -1
248 48 -1
48 251 1
251 48 1
48 283 -1
283 48 -1
48 297 1
297 48 1
48 347 1
347 48 1
48 352 1
352 48 1
48 362 1
362 48 1
48 371 -1
371 48 -1
48 480 1
480 48 1
49 50 1
50 49 1
49 53 1
53 49 1
49 96 -1
96 49 -1
49 126 1
126 49 1
49 153 1
153 49 1
49 174 1
174 49 1
49 175 1
175 49 1
49 189 -1
189 49 -1
49 197 -1
197 49 -1
49 218 -1
218 49 -1
49 219 -1
219 49 -1
49 222 1
222 49 1
49 238 1
238 49 1
49 241 -1
241 49 -1
49 275 1
275 49 1
49 339 1
339 49 1
49 350 -1
350 49 -1
49 364 1
364 49 1
49 381 -1
381 49 -1
49 385 -1
385 49 -1
49 409 -1
409 49 -1
49 446 1
446 49 1
50 53 1
53 50 1
50 77 -1
77 50 -1
50 153 1
153 50 1
50 175 1
175 50 1
50 222 -1
222 50 -1
50 238 1
238 50 1
50 275 -1
275 50 -1
50 350 -1
350 50 -1
50 364 1
364 50 1
50 385 1
385 50 1
50 482 -1
482 50 -1
51 85 1
85 51 1
51 160 1
160 51 1
51 172 1
172 51 1
51 177 1
177 51 1
51 251 -1
251 51 -1
51 271 -1
271 51 -1
51 332 -1
332 51 -1
51 380 1
380 51 1
51 410 1
410 51 1
51 418 -1
418 51 -1
51 420 -1
420 51 -1
51 452 1
452 51 1
52 73 -1
73 52 -1
52 152 1
152 52 1
52 231 1
231 52 1
52 246 1
246 52 1
52 314 -1
314 52 -1
52 316 1
316 52 1
52 359 -1
359 52 -1
52 444 1
444 52 1
52 482 1
482 52 1
53 131 -1
131 53 -1
53 137 1
137 53 1
53 174 1
174 53 1
53 189 1
189 53 1
53 222 1
222 53 1
53 253 -1
253 53 -1
53 275 1
275 53 1
53 284 1
284 53 1
53 321 1
321 53 1
53 381 1
381 53 1
53 385 1
385 53 1
53 395 1
395 53 1
53 404 -1
404 53 -1
53 412 -1
412 53 -1
53 440 -1
440 53 -1
53 480 -1
480 53 -1
53 499 1
499 53 1
54 134 1
134 54 1
54 164 1
164 54 1
54 172 1
172 54 1
54 222 -1
222 54 -1
54 255 1
255 54 1
54 352 -1
352 54 -1
54 380 1
380 54 1
54 410 1
410 54 1
54 420 1
420 54 1
55 70 -1
70 55 -1
55 103 1
103 55 1
55 121 1
121 55 1
55 125 -1
125 55 -1
55 130 -1
130 55 -1
55 133 1
133 55 1
55 183 -1
183 55 -1
55 186 -1
186 55 -1
55 190 1
190 55 1
55 236 1
236 55 1
55 260 1
260 55 1
55 268 1
268 55 1
55 277 -1
277 55 -1
55 293 1
293 55 1
55 294 1
294 55 1
55 311 -1
311 55 -1
55 386 1
386 55 1
55 407 1
407 55 1
55 421 -1
421 55 -1
55 431 1
431 55 1
55 440 1
440 55 1
55 482 1
482 55 1
55 490 1
490 55 1
55 495 -1
495 55 -1
56 59 1
59 56 1
56 72 1
72 56 1
56 73 1
73 56 1
56 96 1
96 56 1
56 148 -1
148 56 -1
56 183 -1
183 56 -1
56 194 1
194 56 1
56 244 1
244 56 1
56 262 -1
262 56 -1
56 266 -1
266 56 -1
56 270 -1
270 56 -1
56 289 1
289 56 1
56 322 1
322 56 1
56 323 1
323 56 1
56 336 1
336 56 1
56 357 1
357 56 1
56 360 1
360 56 1
56 366 1
366 56 1
56 390 1
390 56 1
56 392 -1
392 56 -1
56 411 1
411 56 1
56 421 1
421 56 1
56 429 1
429 56 1
56 447 1
447 56 1
57 109 1
109 57 1
57 179 1
179 57 1
57 197 -1
197 57 -1
57 275 -1
275 57 -1
57 280 1
280 57 1
57 354 1
354 57 1
57 357 -1
357 57 -1
57 450 -1
450 57 -1
57 467 1
467 57 1
58 64 1
64 58 1
58 111 -1
111 58 -1
58 170 1
170 58 1
58 177 1
177 58 1
58 197 -1
197 58 -1
58 199 -1
199 58 -1
58 255 1
255 58 1
58 334 1
334 58 1
58 380 1
380 58 1
58 410 1
410 58 1
58 418 1
418 58 1
58 474 -1
474 58 -1
59 72 1
72 59 1
59 73 1
73 59 1
59 78 -1
78 59 -1
59 96 1
96 59 1
59 118 -1
118 59 -1
59 165 -1
165 59 -1
59 181 1
181 59 1
59 184 -1
184 59 -1
59 194 1
194 59 1
59 244 1
244 59 1
59 248 1
248 59 1
59 250 -1
250 59 -1
59 266 1
266 59 1
59 272 -1
272 59 -1
59 277 1
277 59 1
59 279 1
279 59 1
59 288 -1
288 59 -1
59 289 1
289 59 1
59 301 1
301 59 1
59 322 1
322 59 1
59 335 1
335 59 1
59 336 1
336 59 1
59 341 -1
341 59 -1
59 357 1
357 59 1
59 360 1
360 59 1
59 365 1
365 59 1
59 366 1
366 59 1
59 368 1
368 59 1
59 382 1
382 59 1
59 390 1
390 59 1
59 393 -1
393 59 -1
59 399 -1
399 59 -1
59 402 -1
402 59 -1
59 411 1
411 59 1
59 421 1
421 59 1
59 427 1
427 59 1
59 430 1
430 59 1
59 438 -1
438 59 -1
59 439 -1
439 59 -1
59 446 -1
446 59 -1
59 465 1
465 59 1
59 472 1
472 59 1
59 481 -1
481 59 -1
60 67 1
67 60 1
60 72 1
72 60 1
60 94 1
94 60 1
60 104 1
104 60 1
60 175 -1
175 60 -1
60 202 -1
202 60 -1
60 204 1
204 60 1
60 261 -1
261 60 -1
60 262 1
262 60 1
60 318 1
318 60 1
60 333 1
333 60 1
60 340 1
340 60 1
60 439 1
439 60 1
60 491 1
491 60 1
61 179 1
179 61 1
61 216 1
216 61 1
61 234 1
234 61 1
61 273 1
273 61 1
61 280 1
280 61 1
61 314 1
314 61 1
61 317 -1
317 61 -1
61 341 1
341 61 1
61 346 -1
346 61 -1
61 396 1
396 61 1
61 419 1
419 61 1
61 423 1
423 61 1
62 78 -1
78 62 -1
62 107 -1
107 62 -1
62 200 1
200 62 1
62 297 1
297 62 1
62 347 1
347 62 1
62 376 -1
376 62 -1
62 451 1
451 62 1
62 480 1
480 62 1
62 486 1
486 62 1
63 107 -1
107 63 -1
63 202 -1
202 63 -1
63 224 1
224 63 1
63 297 1
297 63 1
63 346 1
346 63 1
63 361 1
361 63 1
63 451 1
451 63 1
63 457 -1
457 63 -1
63 480 1
480 63 1
63 487 1
487 63 1
64 118 -1
118 64 -1
64 160 1
160 64 1
64 170 1
170 64 1
64 172 -1
172 64 -1
64 205 -1
205 64 -1
64 255 1
255 64 1
64 334 1
334 64 1
64 380 1
380 64 1
64 420 1
420 64 1
65 71 1
71 65 1
65 77 -1
77 65 -1
65 100 -1
100 65 -1
65 115 -1
115 65 -1
65 122 -1
122 65 -1
65 149 1
149 65 1
65 161 1
161 65 1
65 184 -1
184 65 -1
65 185 1
185 65 1
65 207 -1
207 65 -1
65 223 1
223 65 1
65 226 1
226 65 1
65 242 1
242 65 1
65 262 -1
262 65 -1
65 265 1
265 65 1
65 281 1
281 65 1
65 298 -1
298 65 -1
65 303 -1
303 65 -1
65 351 -1
351 65 -1
65 370 1
370 65 1
65 375 -1
375 65 -1
65 387 1
387 65 1
65 408 1
408 65 1
65 410 -1
410 65 -1
65 441 1
441 65 1
65 461 1
461 65 1
65 464 1
464 65 1
66 74 1
74 66 1
66 86 1
86 66 1
66 90 -1
90 66 -1
66 95 -1
95 66 -1
66 110 1
110 66 1
66 114 1
114 66 1
66 119 1
119 66 1
66 120 -1
120 66 -1
66 132 1
132 66 1
66 144 1
144 66 1
66 150 -1
150 66 -1
66 157 1
157 66 1
66 165 -1
165 66 -1
66 186 1
186 66 1
66 187 -1
187 66 -1
66 192 1
192 66 1
66 193 1
193 66 1
66 202 1
202 66 1
66 205 1
205 66 1
66 266 1
266 66 1
66 275 -1
275 66 -1
66 283 1
283 66 1
66 288 1
288 66 1
66 298 1
298 66 1
66 317 1
317 66 1
66 325 1
325 66 1
66 330 1
330 66 1
66 344 1
344 66 1
66 389 1
389 66 1
66 412 1
412 66 1
66 417 1
417 66 1
66 435 1
435 66 1
66 438 -1
438 66 -1
66 440 -1
440 66 -1
66 459 1
459 66 1
67 94 1
94 67 1
67 104 1
104 67 1
67 118 1
118 67 1
67 129 -1
129 67 -1
67 202 1
202 67 1
67 249 -1
249 67 -1
67 262 1
262 67 1
67 270 1
270 67 1
67 293 -1
293 67 -1
67 305 -1
305 67 -1
67 318 1
318 67 1
67 333 1
333 67 1
67 340 -1
340 67 -1
67 384 1
384 67 1
67 385 -1
385 67 -1
67 398 1
398 67 1
67 423 -1
423 67 -1
67 442 1
442 67 1
67 458 -1
458 67 -1
67 460 1
460 67 1
67 477 1
477 67 1
67 481 1
481 67 1
67 491 1
491 67 1
68 98 1
98 68 1
68 101 1
101 68 1
68 108 -1
108 68 -1
68 131 1
131 68 1
68 136 -1
136 68 -1
68 141 1
141 68 1
68 151 -1
151 68 -1
68 181 -1
181 68 -1
68 183 1
183 68 1
68 199 -1
199 68 -1
68 215 1
215 68 1
68 218 1
218 68 1
68 220 -1
220 68 -1
68 234 1
234 68 1
68 242 -1
242 68 -1
68 257 1
257 68 1
68 258 -1
258 68 -1
68 260 1
260 68 1
68 293 1
293 68 1
68 306 -1
306 68 -1
68 318 -1
318 68 -1
68 320 1
320 68 1
68 337 1
337 68 1
68 338 1
338 68 1
68 350 1
350 68 1
68 377 1
377 68 1
68 386 1
386 68 1
68 431 1
431 68 1
68 440 1
440 68 1
68 482 1
482 68 1
68 490 1
490 68 1
69 78 1
78 69 1
69 92 -1
92 69 -1
69 97 1
97 69 1
69 100 1
100 69 1
69 111 -1
111 69 -1
69 130 -1
130 69 -1
69 142 -1
142 69 -1
69 157 1
157 69 1
69 162 -1
162 69 -1
69 197 1
197 69 1
69 203 -1
203 69 -1
69 221 -1
221 69 -1
69 259 1
259 69 1
69 261 1
261 69 1
69 269 1
269 69 1
69 285 -1
285 69 -1
69 342 1
342 69 1
69 363 1
363 69 1
69 365 1
365 69 1
69 394 1
394 69 1
69 432 -1
432 69 -1
69 473 1
473 69 1
69 474 1
474 69 1
69 485 -1
485 69 -1
70 93 -1
93 70 -1
70 118 -1
118 70 -1
70 151 1
151 70 1
70 176 1
176 70 1
70 309 1
309 70 1
70 311 -1
311 70 -1
70 332 1
332 70 1
70 383 1
383 70 1
70 456 1
456 70 1
70 492 1
492 70 1
71 96 -1
96 71 -1
71 115 1
115 71 1
71 122 -1
122 71 -1
71 185 1
185 71 1
71 207 1
207 71 1
71 223 1
223 71 1
71 226 1
226 71 1
71 242 1
242 71 1
71 265 1
265 71 1
71 281 1
281 71 1
71 303 1
303 71 1
71 310 1
310 71 1
71 327 1
327 71 1
71 351 1
351 71 1
71 370 1
370 71 1
71 375 1
375 71 1
71 387 1
387 71 1
71 431 -1
431 71 -1
71 432 -1
432 71 -1
71 441 1
441 71 1
71 447 -1
447 71 -1
71 461 -1
461 71 -1
71 464 1
464 71 1
72 73 1
73 72 1
72 92 1
92 72 1
72 168 1
168 72 1
72 181 1
181 72 1
72 194 1
194 72 1
72 238 -1
238 72 -1
72 244 1
244 72 1
72 247 -1
247 72 -1
72 248 1
248 72 1
72 250 1
250 72 1
72 266 1
266 72 1
72 272 1
272 72 1
72 277 1
277 72 1
72 314 -1
314 72 -1
72 323 1
323 72 1
72 341 1
341 72 1
72 357 1
357 72 1
72 368 1
368 72 1
72 382 1
382 72 1
72 390 1
390 72 1
72 399 1
399 72 1
72 411 -1
411 72 -1
72 438 1
438 72 1
72 439 1
439 72 1
72 477 -1
477 72 -1
72 481 -1
481 72 -1
73 96 1
96 73 1
73 107 -1
107 73 -1
73 109 -1
109 73 -1
73 117 1
117 73 1
73 181 1
181 73 1
73 194 -1
194 73 -1
73 200 -1
200 73 -1
73 243 -1
243 73 -1
73 244 1
244 73 1
73 245 1
245 73 1
73 248 1
248 73 1
73 266 -1
266 73 -1
73 272 1
272 73 1
73 289 1
289 73 1
73 290 -1
290 73 -1
73 304 1
304 73 1
73 322 1
322 73 1
73 323 1
323 73 1
73 336 1
336 73 1
73 341 -1
341 73 -1
73 354 -1
354 73 -1
73 357 1
357 73 1
73 364 -1
364 73 -1
73 366 1
366 73 1
73 368 1
368 73 1
73 373 1
373 73 1
73 390 -1
390 73 -1
73 392 1
392 73 1
73 411 -1
411 73 -1
73 421 1
421 73 1
73 429 -1
429 73 -1
73 430 1
430 73 1
73 438 -1
438 73 -1
73 465 -1
465 73 -1
73 491 -1
491 73 -1
74 144 1
144 74 1
74 186 1
186 74 1
74 257 -1
257 74 -1
74 283 1
283 74 1
74 317 1
317 74 1
74 325 1
325 74 1
74 326 -1
326 74 -1
74 344 -1
344 74 -1
74 393 1
393 74 1
74 417 1
417 74 1
74 434 -1
434 74 -1
75 93 -1
93 75 -1
75 112 1
112 75 1
75 113 1
113 75 1
75 151 1
151 75 1
75 178 -1
178 75 -1
75 246 -1
246 75 -1
75 307 1
307 75 1
75 308 -1
308 75 -1
75 309 1
309 75 1
75 310 1
310 75 1
75 328 1
328 75 1
75 332 1
332 75 1
75 360 -1
360 75 -1
75 367 1
367 75 1
75 378 1
378 75 1
75 383 1
383 75 1
75 403 1
403 75 1
75 425 1
425 75 1
75 448 -1
448 75 -1
75 456 -1
456 75 -1
75 492 1
492 75 1
76 94 1
94 76 1
76 100 -1
100 76 -1
76 145 1
145 76 1
76 204 1
204 76 1
76 262 1
262 76 1
76 295 1
295 76 1
76 318 1
318 76 1
76 333 1
333 76 1
76 340 -1
340 76 -1
76 364 -1
364 76 -1
76 384 1
384 76 1
76 414 1
414 76 1
76 491 -1
491 76 -1
77 79 1
79 77 1
77 211 -1
211 77 -1
77 229 1
229 77 1
77 246 -1
246 77 -1
77 247 1
247 77 1
77 264 1
264 77 1
77 308 1
308 77 1
77 324 1
324 77 1
77 346 -1
346 77 -1
77 359 -1
359 77 -1
77 396 1
396 77 1
77 413 1
413 77 1
77 423 1
423 77 1
78 97 1
97 78 1
78 99 -1
99 78 -1
78 102 1
102 78 1
78 116 1
116 78 1
78 138 -1
138 78 -1
78 142 1
142 78 1
78 173 1
173 78 1
78 182 1
182 78 1
78 197 1
197 78 1
78 203 1
203 78 1
78 247 -1
247 78 -1
78 248 1
248 78 1
78 252 1
252 78 1
78 259 1
259 78 1
78 261 1
261 78 1
78 264 -1
264 78 -1
78 269 1
269 78 1
78 276 1
276 78 1
78 278 1
278 78 1
78 293 -1
293 78 -1
78 296 1
296 78 1
78 311 1
311 78 1
78 315 1
315 78 1
78 317 1
317 78 1
78 324 -1
324 78 -1
78 332 -1
332 78 -1
78 342 1
342 78 1
78 353 -1
353 78 -1
78 355 -1
355 78 -1
78 363 1
363 78 1
78 371 -1
371 78 -1
78 372 1
372 78 1
78 394 -1
394 78 -1
78 447 1
447 78 1
78 453 -1
453 78 -1
78 473 1
473 78 1
78 474 1
474 78 1
78 483 1
483 78 1
78 485 1
485 78 1
78 497 1
497 78 1
79 204 -1
204 79 -1
79 231 -1
231 79 -1
79 246 1
246 79 1
79 282 1
282 79 1
79 290 1
290 79 1
79 316 1
316 79 1
79 359 1
359 79 1
79 423 1
423 79 1
80 98 -1
98 80 -1
80 132 -1
132 80 -1
80 147 1
147 80 1
80 148 1
148 80 1
80 179 1
179 80 1
80 184 1
184 80 1
80 218 -1
218 80 -1
80 246 1
246 80 1
80 314 1
314 80 1
80 319 -1
319 80 -1
80 369 1
369 80 1
80 385 -1
385 80 -1
80 393 1
393 80 1
80 396 1
396 80 1
80 400 1
400 80 1
80 406 1
406 80 1
80 478 1
478 80 1
81 87 -1
87 81 -1
81 118 1
118 81 1
81 140 -1
140 81 -1
81 225 1
225 81 1
81 244 1
244 81 1
81 262 -1
262 81 -1
81 318 -1
318 81 -1
81 333 1
333 81 1
81 340 -1
340 81 -1
81 384 1
384 81 1
81 394 -1
394 81 -1
81 425 -1
425 81 -1
81 460 1
460 81 1
81 469 -1
469 81 -1
81 481 1
481 81 1
81 491 1
491 81 1
82 132 1
132 82 1
82 217 1
217 82 1
82 229 1
229 82 1
82 297 1
297 82 1
82 313 -1
313 82 -1
82 346 1
346 82 1
82 361 -1
361 82 -1
82 362 1
362 82 1
82 387 1
387 82 1
82 451 1
451 82 1
82 480 1
480 82 1
82 487 1
487 82 1
83 100 1
100 83 1
83 112 -1
112 83 -1
83 116 1
116 83 1
83 156 -1
156 83 -1
83 197 1
197 83 1
83 249 -1
249 83 -1
83 261 1
261 83 1
83 288 -1
288 83 -1
83 311 1
311 83 1
83 343 1
343 83 1
83 372 1
372 83 1
83 394 1
394 83 1
83 473 1
473 83 1
83 485 1
485 83 1
84 129 -1
129 84 -1
84 139 -1
139 84 -1
84 160 1
160 84 1
84 164 -1
164 84 -1
84 177 -1
177 84 -1
84 255 1
255 84 1
84 334 -1
334 84 -1
84 380 1
380 84 1
84 410 1
410 84 1
84 420 1
420 84 1
84 452 -1
452 84 -1
84 479 -1
479 84 -1
85 111 1
111 85 1
85 132 1
132 85 1
85 164 1
164 85 1
85 170 1
170 85 1
85 172 1
172 85 1
85 177 -1
177 85 -1
85 267 -1
267 85 -1
85 300 -1
300 85 -1
86 114 1
114 86 1
86 119 1
119 86 1
86 132 1
132 86 1
86 144 1
144 86 1
86 150 1
150 86 1
86 186 1
186 86 1
86 197 -1
197 86 -1
86 226 -1
226 86 -1
86 227 -1
227 86 -1
86 228 1
228 86 1
86 283 1
283 86 1
86 322 1
322 86 1
86 325 1
325 86 1
86 344 1
344 86 1
86 372 1
372 86 1
86 389 -1
389 86 -1
86 404 -1
404 86 -1
86 412 1
412 86 1
86 417 -1
417 86 -1
86 451 -1
451 86 -1
87 89 -1
89 87 -1
87 118 1
118 87 1
87 202 -1
202 87 -1
87 204 1
204 87 1
87 220 -1
220 87 -1
87 232 1
232 87 1
87 233 1
233 87 1
87 262 1
262 87 1
87 290 -1
290 87 -1
87 291 -1
291 87 -1
87 300 -1
300 87 -1
87 318 1
318 87 1
87 325 -1
325 87 -1
87 333 1
333 87 1
87 340 1
340 87 1
87 350 1
350 87 1
87 384 1
384 87 1
87 424 1
424 87 1
87 442 1
442 87 1
87 449 1
449 87 1
87 481 1
481 87 1
87 488 -1
488 87 -1
87 491 1
491 87 1
87 496 -1
496 87 -1
88 98 1
98 88 1
88 108 1
108 88 1
88 199 1
199 88 1
88 218 1
218 88 1
88 260 1
260 88 1
88 268 1
268 88 1
88 386 -1
386 88 -1
88 414 -1
414 88 -1
88 432 -1
432 88 -1
88 440 1
440 88 1
89 91 1
91 89 1
89 113 -1
113 89 -1
89 125 1
125 89 1
89 137 1
137 89 1
89 155 1
155 89 1
89 156 -1
156 89 -1
89 239 1
239 89 1
89 274 -1
274 89 -1
89 327 1
327 89 1
89 329 1
329 89 1
89 359 -1
359 89 -1
89 397 1
397 89 1
89 402 -1
402 89 -1
89 409 -1
409 89 -1
89 454 -1
454 89 -1
89 466 1
466 89 1
89 471 1
471 89 1
89 495 -1
495 89 -1
90 144 1
144 90 1
90 227 1
227 90 1
90 228 -1
228 90 -1
90 260 -1
260 90 -1
90 288 -1
288 90 -1
90 381 -1
381 90 -1
90 459 1
459 90 1
90 462 1
462 90 1
90 484 -1
484 90 -1
91 113 1
113 91 1
91 131 -1
131 91 -1
91 146 1
146 91 1
91 216 -1
216 91 -1
91 327 1
327 91 1
91 329 1
329 91 1
91 402 1
402 91 1
91 498 1
498 91 1
92 109 1
109 92 1
92 135 1
135 92 1
92 147 1
147 92 1
92 152 1
152 92 1
92 153 1
153 92 1
92 167 1
167 92 1
92 179 -1
179 92 -1
92 184 -1
184 92 -1
92 203 -1
203 92 -1
92 246 1
246 92 1
92 247 -1
247 92 -1
92 302 1
302 92 1
92 308 1
308 92 1
92 314 1
314 92 1
92 317 -1
317 92 -1
92 345 1
345 92 1
92 393 1
393 92 1
92 396 1
396 92 1
92 401 1
401 92 1
92 440 -1
440 92 -1
92 454 1
454 92 1
92 467 1
467 92 1
92 478 1
478 92 1
93 151 1
151 93 1
93 176 1
176 93 1
93 178 1
178 93 1
93 184 -1
184 93 -1
93 196 -1
196 93 -1
93 200 -1
200 93 -1
93 203 -1
203 93 -1
93 307 1
307 93 1
93 309 1
309 93 1
93 310 1
310 93 1
93 328 1
328 93 1
93 332 1
332 93 1
93 355 1
355 93 1
93 367 1
367 93 1
93 378 1
378 93 1
93 383 1
383 93 1
93 403 1
403 93 1
93 416 -1
416 93 -1
93 425 1
425 93 1
93 456 1
456 93 1
93 460 -1
460 93 -1
93 492 -1
492 93 -1
94 97 -1
97 94 -1
94 165 1
165 94 1
94 204 1
204 94 1
94 214 1
214 94 1
94 218 -1
218 94 -1
94 262 1
262 94 1
94 318 -1
318 94 -1
94 322 -1
322 94 -1
94 333 -1
333 94 -1
94 398 1
398 94 1
94 449 1
449 94 1
95 120 1
120 95 1
95 121 1
121 95 1
95 123 -1
123 95 -1
95 183 1
183 95 1
95 205 -1
205 95 -1
95 257 1
257 95 1
95 260 1
260 95 1
95 268 1
268 95 1
95 343 -1
343 95 -1
95 350 -1
350 95 -1
95 431 1
431 95 1
95 440 1
440 95 1
95 482 1
482 95 1
96 121 -1
121 96 -1
96 181 1
181 96 1
96 244 1
244 96 1
96 245 1
245 96 1
96 248 -1
248 96 -1
96 266 1
266 96 1
96 279 1
279 96 1
96 289 1
289 96 1
96 335 1
335 96 1
96 341 1
341 96 1
96 360 1
360 96 1
96 438 1
438 96 1
96 439 1
439 96 1
97 120 1
120 97 1
97 261 1
261 97 1
97 283 -1
283 97 -1
97 296 1
296 97 1
97 394 1
394 97 1
97 474 1
474 97 1
98 101 1
101 98 1
98 103 1
103 98 1
98 104 -1
104 98 -1
98 108 -1
108 98 -1
98 120 -1
120 98 -1
98 121 1
121 98 1
98 124 1
124 98 1
98 131 1
131 98 1
98 134 1
134 98 1
98 141 -1
141 98 -1
98 143 1
143 98 1
98 144 -1
144 98 -1
98 169 -1
169 98 -1
98 190 -1
190 98 -1
98 199 1
199 98 1
98 215 -1
215 98 -1
98 234 1
234 98 1
98 236 1
236 98 1
98 241 1
241 98 1
98 260 1
260 98 1
98 263 1
263 98 1
98 268 -1
268 98 -1
98 293 1
293 98 1
98 313 1
313 98 1
98 320 1
320 98 1
98 337 1
337 98 1
98 350 1
350 98 1
98 358 -1
358 98 -1
98 397 1
397 98 1
98 431 1
431 98 1
98 440 1
440 98 1
98 455 1
455 98 1
98 464 -1
464 98 -1
98 482 -1
482 98 -1
98 495 1
495 98 1
99 297 1
297 99 1
99 346 1
346 99 1
99 381 -1
381 99 -1
99 422 -1
422 99 -1
99 451 1
451 99 1
99 487 1
487 99 1
99 493 1
493 99 1
100 102 -1
102 100 -1
100 116 1
116 100 1
100 123 1
123 100 1
100 142 1
142 100 1
100 147 -1
147 100 -1
100 197 1
197 100 1
100 203 1
203 100 1
100 221 1
221 100 1
100 256 1
256 100 1
100 259 -1
259 100 -1
100 261 1
261 100 1
100 269 1
269 100 1
100 276 1
276 100 1
100 323 1
323 100 1
100 343 1
343 100 1
100 365 1
365 100 1
100 371 1
371 100 1
100 384 1
384 100 1
100 394 1
394 100 1
100 432 1
432 100 1
100 447 1
447 100 1
100 457 1
457 100 1
100 473 1
473 100 1
100 483 1
483 100 1
100 485 1
485 100 1
100 497 -1
497 100 -1
101 104 1
104 101 1
101 108 1
108 101 1
101 121 1
121 101 1
101 131 1
131 101 1
101 133 1
133 101 1
101 134 1
134 101 1
101 143 -1
143 101 -1
101 171 -1
171 101 -1
101 183 1
183 101 1
101 199 1
199 101 1
101 248 -1
248 101 -1
101 260 1
260 101 1
101 261 -1
261 101 -1
101 293 1
293 101 1
101 350 1
350 101 1
101 423 -1
423 101 -1
101 431 1
431 101 1
101 452 -1
452 101 -1
101 482 1
482 101 1
102 104 -1
104 102 -1
102 142 1
142 102 1
102 146 -1
146 102 -1
102 179 -1
179 102 -1
102 197 1
197 102 1
102 221 1
221 102 1
102 252 1
252 102 1
102 255 -1
255 102 -1
102 256 1
256 102 1
102 259 1
259 102 1
102 261 1
261 102 1
102 269 1
269 102 1
102 278 1
278 102 1
102 283 -1
283 102 -1
102 315 1
315 102 1
102 337 1
337 102 1
102 342 1
342 102 1
102 394 1
394 102 1
102 403 -1
403 102 -1
102 447 1
447 102 1
102 453 1
453 102 1
102 461 -1
461 102 -1
102 473 1
473 102 1
102 474 1
474 102 1
102 476 -1
476 102 -1
102 485 -1
485 102 -1
103 121 1
121 103 1
103 131 -1
131 103 -1
103 133 1
133 103 1
103 143 1
143 103 1
103 215 1
215 103 1
103 257 1
257 103 1
103 260 1
260 103 1
103 289 -1
289 103 -1
103 294 1
294 103 1
103 320 1
320 103 1
103 343 1
343 103 1
103 411 -1
411 103 -1
103 431 -1
431 103 -1
103 440 -1
440 103 -1
103 446 -1
446 103 -1
103 482 1
482 103 1
103 490 -1
490 103 -1
103 495 -1
495 103 -1
104 138 -1
138 104 -1
104 204 1
204 104 1
104 205 -1
205 104 -1
104 220 1
220 104 1
104 223 1
223 104 1
104 262 -1
262 104 -1
104 318 1
318 104 1
104 333 1
333 104 1
104 379 1
379 104 1
104 398 -1
398 104 -1
104 442 1
442 104 1
104 460 1
460 104 1
104 475 -1
475 104 -1
104 481 1
481 104 1
104 484 1
484 104 1
104 491 -1
491 104 -1
105 121 -1
121 105 -1
105 131 1
131 105 1
105 143 1
143 105 1
105 218 -1
218 105 -1
105 268 1
268 105 1
105 337 1
337 105 1
105 350 1
350 105 1
105 384 -1
384 105 -1
105 413 1
413 105 1
106 153 1
153 106 1
106 171 1
171 106 1
106 174 -1
174 106 -1
106 175 1
175 106 1
106 210 -1
210 106 -1
106 245 -1
245 106 -1
106 275 1
275 106 1
106 381 1
381 106 1
106 409 1
409 106 1
107 175 -1
175 107 -1
107 194 -1
194 107 -1
107 200 1
200 107 1
107 209 -1
209 107 -1
107 217 1
217 107 1
107 224 1
224 107 1
107 259 1
259 107 1
107 297 -1
297 107 -1
107 346 -1
346 107 -1
107 347 1
347 107 1
107 357 -1
357 107 -1
107 362 1
362 107 1
107 445 -1
445 107 -1
107 451 1
451 107 1
107 486 1
486 107 1
107 487 -1
487 107 -1
107 493 1
493 107 1
108 131 1
131 108 1
108 203 -1
203 108 -1
108 234 1
234 108 1
108 313 1
313 108 1
108 331 -1
331 108 -1
108 431 -1
431 108 -1
108 455 1
455 108 1
108 482 1
482 108 1
109 123 -1
123 109 -1
109 152 -1
152 109 -1
109 159 1
159 109 1
109 163 1
163 109 1
109 165 1
165 109 1
109 186 -1
186 109 -1
109 246 1
246 109 1
109 247 1
247 109 1
109 264 1
264 109 1
109 302 1
302 109 1
109 345 1
345 109 1
109 448 -1
448 109 -1
109 464 -1
464 109 -1
110 132 1
132 110 1
110 144 1
144 110 1
110 157 1
157 110 1
110 186 -1
186 110 -1
110 228 1
228 110 1
110 247 -1
247 110 -1
110 298 1
298 110 1
110 325 -1
325 110 -1
110 384 -1
384 110 -1
110 421 -1
421 110 -1
111 170 1
170 111 1
111 172 -1
172 111 -1
111 177 1
177 111 1
111 286 -1
286 111 -1
111 380 1
380 111 1
111 411 -1
411 111 -1
111 420 1
420 111 1
111 434 1
434 111 1
111 452 1
452 111 1
112 151 -1
151 112 -1
112 307 1
307 112 1
112 309 1
309 112 1
112 310 1
310 112 1
112 328 1
328 112 1
112 332 1
332 112 1
112 367 1
367 112 1
112 395 -1
395 112 -1
113 137 1
137 113 1
113 195 1
195 113 1
113 327 -1
327 113 -1
113 328 -1
328 113 -1
113 397 1
397 113 1
113 466 -1
466 113 -1
113 471 1
471 113 1
114 119 1
119 114 1
114 129 -1
129 114 -1
114 144 1
144 114 1
114 145 -1
145 114 -1
114 150 1
150 114 1
114 158 1
158 114 1
114 184 -1
184 114 -1
114 186 1
186 114 1
114 205 1
205 114 1
114 210 1
210 114 1
114 220 -1
220 114 -1
114 227 1
227 114 1
114 237 1
237 114 1
114 245 -1
245 114 -1
114 249 1
249 114 1
114 268 1
268 114 1
114 275 -1
275 114 -1
114 283 1
283 114 1
114 292 1
292 114 1
114 298 1
298 114 1
114 317 1
317 114 1
114 325 1
325 114 1
114 330 1
330 114 1
114 344 1
344 114 1
114 358 1
358 114 1
114 382 -1
382 114 -1
114 389 1
389 114 1
114 391 1
391 114 1
114 412 1
412 114 1
114 459 1
459 114 1
114 462 1
462 114 1
114 463 -1
463 114 -1
115 122 1
122 115 1
115 149 1
149 115 1
115 169 -1
169 115 -1
115 185 1
185 115 1
115 207 1
207 115 1
115 351 1
351 115 1
115 398 -1
398 115 -1
115 464 1
464 115 1
116 259 -1
259 116 -1
116 276 1
276 116 1
116 311 -1
311 116 -1
116 364 -1
364 116 -1
116 394 1
394 116 1
116 432 1
432 116 1
116 473 1
473 116 1
116 474 1
474 116 1
116 476 1
476 116 1
116 480 -1
480 116 -1
116 485 1
485 116 1
117 131 -1
131 117 -1
117 181 1
181 117 1
117 185 -1
185 117 -1
117 194 1
194 117 1
117 248 1
248 117 1
117 266 1
266 117 1
117 272 1
272 117 1
117 341 1
341 117 1
117 357 1
357 117 1
117 394 1
394 117 1
117 411 1
411 117 1
117 427 1
427 117 1
117 429 1
429 117 1
117 439 -1
439 117 -1
118 128 -1
128 118 -1
118 138 1
138 118 1
118 145 1
145 118 1
118 194 1
194 118 1
118 202 1
202 118 1
118 204 1
204 118 1
118 207 -1
207 118 -1
118 220 1
220 118 1
118 225 -1
225 118 -1
118 232 1
232 118 1
118 233 -1
233 118 -1
118 262 1
262 118 1
118 318 1
318 118 1
118 333 1
333 118 1
118 340 1
340 118 1
118 351 -1
351 118 -1
118 379 1
379 118 1
118 384 1
384 118 1
118 398 1
398 118 1
118 416 1
416 118 1
118 436 -1
436 118 -1
118 441 -1
441 118 -1
118 442 1
442 118 1
118 449 1
449 118 1
118 458 -1
458 118 -1
118 469 1
469 118 1
118 472 -1
472 118 -1
118 477 1
477 118 1
118 481 -1
481 118 -1
118 484 -1
484 118 -1
118 491 1
491 118 1
118 496 1
496 118 1
119 132 -1
132 119 -1
119 133 -1
133 119 -1
119 150 1
150 119 1
119 157 1
157 119 1
119 158 1
158 119 1
119 165 -1
165 119 -1
119 170 -1
170 119 -1
119 186 1
186 119 1
119 187 -1
187 119 -1
119 192 1
192 119 1
119 193 1
193 119 1
119 205 1
205 119 1
119 206 1
206 119 1
119 227 1
227 119 1
119 228 1
228 119 1
119 235 1
235 119 1
119 237 1
237 119 1
119 249 1
249 119 1
119 250 1
250 119 1
119 283 1
283 119 1
119 286 -1
286 119 -1
119 288 1
288 119 1
119 292 1
292 119 1
119 296 1
296 119 1
119 298 1
298 119 1
119 308 -1
308 119 -1
119 317 1
317 119 1
119 325 1
325 119 1
119 344 1
344 119 1
119 358 1
358 119 1
119 389 -1
389 119 -1
119 391 1
391 119 1
119 412 1
412 119 1
119 417 1
417 119 1
119 426 1
426 119 1
119 459 1
459 119 1
119 462 1
462 119 1
119 467 -1
467 119 -1
120 121 -1
121 120 -1
120 131 1
131 120 1
120 133 1
133 120 1
120 183 1
183 120 1
120 190 1
190 120 1
120 218 -1
218 120 -1
120 260 1
260 120 1
120 309 -1
309 120 -1
120 350 -1
350 120 -1
120 431 -1
431 120 -1
120 463 -1
463 120 -1
120 494 -1
494 120 -1
121 131 1
131 121 1
121 133 1
133 121 1
121 143 1
143 121 1
121 183 1
183 121 1
121 190 1
190 121 1
121 199 1
199 121 1
121 207 -1
207 121 -1
121 215 1
215 121 1
121 218 1
218 121 1
121 234 1
234 121 1
121 237 1
237 121 1
121 241 -1
241 121 -1
121 260 1
260 121 1
121 268 1
268 121 1
121 285 1
285 121 1
121 286 -1
286 121 -1
121 287 -1
287 121 -1
121 294 1
294 121 1
121 313 1
313 121 1
121 331 1
331 121 1
121 338 1
338 121 1
121 350 1
350 121 1
121 386 1
386 121 1
121 402 -1
402 121 -1
121 405 1
405 121 1
121 407 -1
407 121 -1
121 415 -1
415 121 -1
121 431 1
431 121 1
121 436 -1
436 121 -1
121 440 1
440 121 1
121 455 -1
455 121 -1
121 466 -1
466 121 -1
121 482 1
482 121 1
121 485 -1
485 121 -1
121 490 1
490 121 1
121 495 1
495 121 1
122 149 -1
149 122 -1
122 150 -1
150 122 -1
122 185 1
185 122 1
122 193 -1
193 122 -1
122 242 1
242 122 1
122 265 1
265 122 1
122 276 -1
276 122 -1
122 281 1
281 122 1
122 303 1
303 122 1
122 351 -1
351 122 -1
122 353 -1
353 122 -1
122 370 1
370 122 1
122 387 -1
387 122 -1
122 441 1
441 122 1
122 459 -1
459 122 -1
122 461 1
461 122 1
122 464 1
464 122 1
123 203 1
203 123 1
123 261 1
261 123 1
123 269 1
269 123 1
123 276 1
276 123 1
123 384 1
384 123 1
123 394 1
394 123 1
123 423 -1
423 123 -1
123 476 1
476 123 1
123 483 1
483 123 1
124 131 -1
131 124 -1
124 177 -1
177 124 -1
124 230 1
230 124 1
124 240 1
240 124 1
124 243 1
243 124 1
124 287 -1
287 124 -1
124 305 1
305 124 1
124 359 -1
359 124 -1
124 388 1
388 124 1
124 414 1
414 124 1
124 450 1
450 124 1
124 457 1
457 124 1
124 468 1
468 124 1
125 146 1
146 125 1
125 155 1
155 125 1
125 195 1
195 125 1
125 211 1
211 125 1
125 227 -1
227 125 -1
125 239 -1
239 125 -1
125 397 1
397 125 1
125 412 -1
412 125 -1
125 424 -1
424 125 -1
125 466 1
466 125 1
126 153 -1
153 126 -1
126 174 -1
174 126 -1
126 222 1
222 126 1
126 237 -1
237 126 -1
126 275 -1
275 126 -1
126 305 -1
305 126 -1
126 309 -1
309 126 -1
126 326 1
326 126 1
126 381 1
381 126 1
126 385 1
385 126 1
127 197 1
197 127 1
127 247 -1
247 127 -1
127 256 1
256 127 1
127 259 1
259 127 1
127 276 1
276 127 1
127 394 1
394 127 1
127 396 -1
396 127 -1
127 447 1
447 127 1
127 452 -1
452 127 -1
127 485 1
485 127 1
128 147 -1
147 128 -1
128 225 1
225 128 1
128 288 -1
288 128 -1
128 340 1
340 128 1
128 384 1
384 128 1
128 397 -1
397 128 -1
128 398 1
398 128 1
128 481 -1
481 128 -1
128 491 -1
491 128 -1
129 140 1
140 129 1
129 162 1
162 129 1
129 165 -1
165 129 -1
129 180 1
180 129 1
129 188 -1
188 129 -1
129 198 1
198 129 1
129 212 1
212 129 1
129 213 1
213 129 1
129 219 1
219 129 1
129 271 1
271 129 1
129 286 1
286 129 1
129 306 1
306 129 1
129 311 -1
311 129 -1
129 312 1
312 129 1
129 348 1
348 129 1
129 359 -1
359 129 -1
129 415 1
415 129 1
129 416 -1
416 129 -1
129 428 1
428 129 1
129 436 1
436 129 1
129 437 1
437 129 1
129 445 1
445 129 1
129 463 1
463 129 1
129 483 1
483 129 1
130 220 -1
220 130 -1
130 230 1
230 130 1
130 240 1
240 130 1
130 243 1
243 130 1
130 266 -1
266 130 -1
130 287 1
287 130 1
130 353 1
353 130 1
130 388 -1
388 130 -1
130 414 1
414 130 1
130 424 1
424 130 1
130 433 1
433 130 1
130 457 1
457 130 1
130 474 -1
474 130 -1
131 133 1
133 131 1
131 134 1
134 131 1
131 136 1
136 131 1
131 188 -1
188 131 -1
131 190 1
190 131 1
131 199 1
199 131 1
131 219 -1
219 131 -1
131 236 1
236 131 1
131 241 -1
241 131 -1
131 257 1
257 131 1
131 260 1
260 131 1
131 267 -1
267 131 -1
131 285 1
285 131 1
131 293 1
293 131 1
131 294 1
294 131 1
131 308 -1
308 131 -1
131 320 1
320 131 1
131 350 1
350 131 1
131 381 -1
381 131 -1
131 386 1
386 131 1
131 431 1
431 131 1
131 455 1
455 131 1
131 475 -1
475 131 -1
131 482 1
482 131 1
131 490 1
490 131 1
131 495 1
495 131 1
132 144 1
144 132 1
132 157 1
157 132 1
132 158 1
158 132 1
132 186 1
186 132 1
132 193 1
193 132 1
132 205 1
205 132 1
132 206 1
206 132 1
132 210 1
210 132 1
132 227 1
227 132 1
132 228 1
228 132 1
132 244 -1
244 132 -1
132 249 -1
249 132 -1
132 261 -1
261 132 -1
132 262 -1
262 132 -1
132 283 1
283 132 1
132 288 1
288 132 1
132 325 1
325 132 1
132 330 -1
330 132 -1
132 344 1
344 132 1
132 358 1
358 132 1
132 390 -1
390 132 -1
132 412 1
412 132 1
132 417 1
417 132 1
132 459 1
459 132 1
132 462 1
462 132 1
132 468 -1
468 132 -1
133 197 1
197 133 1
133 293 -1
293 133 -1
133 338 1
338 133 1
133 340 -1
340 133 -1
133 350 1
350 133 1
133 368 -1
368 133 -1
133 386 1
386 133 1
133 429 -1
429 133 -1
133 431 1
431 133 1
133 490 1
490 133 1
134 155 -1
155 134 -1
134 183 1
183 134 1
134 215 1
215 134 1
134 241 -1
241 134 -1
134 248 -1
248 134 -1
134 350 -1
350 134 -1
134 386 1
386 134 1
134 417 -1
417 134 -1
134 440 1
440 134 1
135 246 -1
246 135 -1
135 301 -1
301 135 -1
135 302 1
302 135 1
135 316 1
316 135 1
135 354 1
354 135 1
135 406 1
406 135 1
135 419 -1
419 135 -1
135 422 1
422 135 1
135 423 -1
423 135 -1
135 429 1
429 135 1
136 215 1
215 136 1
136 249 -1
249 136 -1
136 260 1
260 136 1
136 263 1
263 136 1
136 313 -1
313 136 -1
136 337 1
337 136 1
136 350 -1
350 136 -1
136 377 1
377 136 1
136 388 -1
388 136 -1
137 146 1
146 137 1
137 191 -1
191 137 -1
137 257 -1
257 137 -1
137 258 1
258 137 1
137 327 1
327 137 1
137 329 -1
329 137 -1
137 397 1
397 137 1
137 466 1
466 137 1
137 471 1
471 137 1
137 498 1
498 137 1
138 168 -1
168 138 -1
138 171 1
171 138 1
138 202 1
202 138 1
138 204 -1
204 138 -1
138 214 1
214 138 1
138 262 1
262 138 1
138 295 1
295 138 1
138 318 1
318 138 1
138 333 1
333 138 1
138 340 1
340 138 1
138 378 -1
378 138 -1
138 379 -1
379 138 -1
138 384 1
384 138 1
138 442 1
442 138 1
138 449 1
449 138 1
138 460 1
460 138 1
138 477 1
477 138 1
138 481 -1
481 138 -1
138 491 1
491 138 1
138 496 -1
496 138 -1
138 497 -1
497 138 -1
139 140 1
140 139 1
139 161 -1
161 139 -1
139 162 1
162 139 1
139 166 1
166 139 1
139 180 1
180 139 1
139 212 1
212 139 1
139 271 1
271 139 1
139 286 -1
286 139 -1
139 306 1
306 139 1
139 316 -1
316 139 -1
139 395 -1
395 139 -1
139 428 1
428 139 1
139 436 1
436 139 1
139 463 1
463 139 1
139 479 1
479 139 1
140 156 -1
156 140 -1
140 162 1
162 140 1
140 180 1
180 140 1
140 198 1
198 140 1
140 204 -1
204 140 -1
140 212 1
212 140 1
140 213 1
213 140 1
140 286 1
286 140 1
140 306 1
306 140 1
140 308 -1
308 140 -1
140 312 1
312 140 1
140 348 -1
348 140 -1
140 381 1
381 140 1
140 415 1
415 140 1
140 416 -1
416 140 -1
140 436 1
436 140 1
140 463 1
463 140 1
140 479 1
479 140 1
140 491 -1
491 140 -1
141 147 1
147 141 1
141 163 1
163 141 1
141 231 -1
231 141 -1
141 245 -1
245 141 -1
141 247 1
247 141 1
141 280 -1
280 141 -1
141 316 -1
316 141 -1
141 345 1
345 141 1
141 347 -1
347 141 -1
141 359 1
359 141 1
141 369 1
369 141 1
141 396 1
396 141 1
141 400 1
400 141 1
141 419 1
419 141 1
141 423 1
423 141 1
142 197 -1
197 142 -1
142 203 1
203 142 1
142 248 -1
248 142 -1
142 259 1
259 142 1
142 261 1
261 142 1
142 262 -1
262 142 -1
142 342 1
342 142 1
142 343 1
343 142 1
142 363 1
363 142 1
142 372 1
372 142 1
142 427 -1
427 142 -1
142 447 1
447 142 1
142 451 1
451 142 1
142 473 1
473 142 1
142 474 1
474 142 1
142 477 -1
477 142 -1
142 481 -1
481 142 -1
142 485 -1
485 142 -1
143 169 1
169 143 1
143 195 -1
195 143 -1
143 199 -1
199 143 -1
143 215 -1
215 143 -1
143 218 -1
218 143 -1
143 241 1
241 143 1
143 260 -1
260 143 -1
143 360 -1
360 143 -1
143 377 1
377 143 1
143 386 1
386 143 1
143 393 -1
393 143 -1
143 407 1
407 143 1
143 439 -1
439 143 -1
143 440 -1
440 143 -1
143 482 -1
482 143 -1
144 147 -1
147 144 -1
144 150 1
150 144 1
144 158 1
158 144 1
144 219 -1
219 144 -1
144 228 1
228 144 1
144 237 1
237 144 1
144 257 -1
257 144 -1
144 292 1
292 144 1
144 325 1
325 144 1
144 344 -1
344 144 -1
144 358 1
358 144 1
144 389 1
389 144 1
144 391 1
391 144 1
144 412 1
412 144 1
144 435 1
435 144 1
144 462 1
462 144 1
144 473 -1
473 144 -1
144 485 -1
485 144 -1
144 488 -1
488 144 -1
145 162 -1
162 145 -1
145 204 1
204 145 1
145 205 -1
205 145 -1
145 233 1
233 145 1
145 262 1
262 145 1
145 318 1
318 145 1
145 340 1
340 145 1
145 347 -1
347 145 -1
145 384 -1
384 145 -1
145 398 1
398 145 1
145 449 -1
449 145 -1
145 457 -1
457 145 -1
145 460 -1
460 145 -1
145 481 -1
481 145 -1
145 491 1
491 145 1
146 155 1
155 146 1
146 156 1
156 146 1
146 211 1
211 146 1
146 230 -1
230 146 -1
146 258 1
258 146 1
146 274 1
274 146 1
146 327 1
327 146 1
146 329 -1
329 146 -1
146 377 -1
377 146 -1
146 397 1
397 146 1
146 430 -1
430 146 -1
146 466 1
466 146 1
146 467 -1
467 146 -1
146 471 -1
471 146 -1
146 472 -1
472 146 -1
146 498 1
498 146 1
147 148 1
148 147 1
147 165 1
165 147 1
147 184 1
184 147 1
147 211 -1
211 147 -1
147 246 1
246 147 1
147 247 1
247 147 1
147 291 1
291 147 1
147 299 1
299 147 1
147 350 -1
350 147 -1
147 356 1
356 147 1
147 359 -1
359 147 -1
147 389 -1
389 147 -1
147 406 1
406 147 1
147 419 -1
419 147 -1
147 450 1
450 147 1
148 179 1
179 148 1
148 216 1
216 148 1
148 231 1
231 148 1
148 247 1
247 148 1
148 308 1
308 148 1
148 342 -1
342 148 -1
148 345 1
345 148 1
148 380 1
380 148 1
148 393 1
393 148 1
148 396 1
396 148 1
148 413 1
413 148 1
148 418 -1
418 148 -1
148 419 -1
419 148 -1
148 443 1
443 148 1
148 478 1
478 148 1
148 484 -1
484 148 -1
148 498 -1
498 148 -1
149 185 1
185 149 1
149 242 1
242 149 1
149 265 1
265 149 1
149 279 -1
279 149 -1
149 281 1
281 149 1
149 288 -1
288 149 -1
149 333 1
333 149 1
149 340 -1
340 149 -1
149 351 1
351 149 1
149 387 1
387 149 1
149 461 -1
461 149 -1
149 464 1
464 149 1
150 157 1
157 150 1
150 186 1
186 150 1
150 192 1
192 150 1
150 205 1
205 150 1
150 206 1
206 150 1
150 208 1
208 150 1
150 227 1
227 150 1
150 228 -1
228 150 -1
150 235 1
235 150 1
150 241 -1
241 150 -1
150 248 -1
248 150 -1
150 280 -1
280 150 -1
150 283 -1
283 150 -1
150 288 1
288 150 1
150 292 1
292 150 1
150 297 -1
297 150 -1
150 298 1
298 150 1
150 317 1
317 150 1
150 325 1
325 150 1
150 330 1
330 150 1
150 344 1
344 150 1
150 358 -1
358 150 -1
150 370 -1
370 150 -1
150 389 1
389 150 1
150 391 1
391 150 1
150 396 -1
396 150 -1
150 412 -1
412 150 -1
150 417 -1
417 150 -1
150 426 -1
426 150 -1
150 435 1
435 150 1
150 459 -1
459 150 -1
150 465 1
465 150 1
150 483 -1
483 150 -1
151 176 -1
176 151 -1
151 223 1
223 151 1
151 301 1
301 151 1
151 309 1
309 151 1
151 310 -1
310 151 -1
151 332 -1
332 151 -1
151 340 1
340 151 1
151 367 1
367 151 1
151 378 1
378 151 1
151 383 1
383 151 1
151 425 1
425 151 1
151 440 -1
440 151 -1
151 492 1
492 151 1
152 165 -1
165 152 -1
152 246 -1
246 152 -1
152 324 1
324 152 1
152 345 1
345 152 1
152 360 -1
360 152 -1
152 451 -1
451 152 -1
153 179 -1
179 153 -1
153 222 1
222 153 1
153 275 -1
275 153 -1
153 303 -1
303 153 -1
153 326 1
326 153 1
153 381 1
381 153 1
153 385 -1
385 153 -1
153 409 -1
409 153 -1
153 476 -1
476 153 -1
154 198 1
198 154 1
154 212 1
212 154 1
154 268 -1
268 154 -1
154 271 1
271 154 1
154 286 1
286 154 1
154 312 1
312 154 1
154 334 -1
334 154 -1
154 342 -1
342 154 -1
154 348 1
348 154 1
154 415 1
415 154 1
154 416 1
416 154 1
154 428 1
428 154 1
154 437 1
437 154 1
154 445 1
445 154 1
155 195 1
195 155 1
155 258 1
258 155 1
155 327 -1
327 155 -1
155 331 -1
331 155 -1
155 360 -1
360 155 -1
155 466 1
466 155 1
156 211 -1
211 156 -1
156 239 1
239 156 1
156 274 1
274 156 1
156 327 1
327 156 1
156 329 1
329 156 1
156 397 1
397 156 1
156 408 -1
408 156 -1
157 206 1
206 157 1
157 310 -1
310 157 -1
157 325 1
325 157 1
157 358 1
358 157 1
158 186 1
186 158 1
158 231 -1
231 158 -1
158 235 1
235 158 1
158 249 -1
249 158 -1
158 317 1
317 158 1
158 325 1
325 158 1
158 344 1
344 158 1
158 425 -1
425 158 -1
158 459 1
459 158 1
158 485 -1
485 158 -1
159 165 -1
165 159 -1
159 216 1
216 159 1
159 229 1
229 159 1
159 279 1
279 159 1
159 293 1
293 159 1
159 324 -1
324 159 -1
159 418 -1
418 159 -1
159 450 1
450 159 1
160 172 1
172 160 1
160 177 1
177 160 1
160 255 1
255 160 1
160 295 -1
295 160 -1
160 345 -1
345 160 -1
160 380 1
380 160 1
160 410 1
410 160 1
160 418 -1
418 160 -1
160 442 -1
442 160 -1
161 185 1
185 161 1
161 226 1
226 161 1
161 242 1
242 161 1
161 261 -1
261 161 -1
161 281 1
281 161 1
161 303 1
303 161 1
161 351 1
351 161 1
161 370 1
370 161 1
161 387 1
387 161 1
161 423 -1
423 161 -1
161 455 -1
455 161 -1
161 461 1
461 161 1
162 166 1
166 162 1
162 168 -1
168 162 -1
162 188 1
188 162 1
162 191 -1
191 162 -1
162 212 1
212 162 1
162 273 -1
273 162 -1
162 286 -1
286 162 -1
162 306 1
306 162 1
162 348 1
348 162 1
162 358 -1
358 162 -1
162 415 -1
415 162 -1
162 416 1
416 162 1
162 436 -1
436 162 -1
162 437 1
437 162 1
162 463 1
463 162 1
162 479 -1
479 162 -1
163 179 1
179 163 1
163 184 1
184 163 1
163 231 -1
231 163 -1
163 246 1
246 163 1
163 247 1
247 163 1
163 306 -1
306 163 -1
163 314 1
314 163 1
163 324 1
324 163 1
163 345 1
345 163 1
163 374 -1
374 163 -1
163 400 1
400 163 1
163 410 1
410 163 1
163 444 -1
444 163 -1
163 450 1
450 163 1
164 172 1
172 164 1
164 255 1
255 164 1
164 259 -1
259 164 -1
164 267 1
267 164 1
164 333 -1
333 164 -1
164 334 1
334 164 1
164 380 1
380 164 1
164 418 1
418 164 1
164 420 1
420 164 1
164 438 -1
438 164 -1
164 487 -1
487 164 -1
165 184 1
184 165 1
165 216 1
216 165 1
165 231 1
231 165 1
165 232 -1
232 165 -1
165 246 1
246 165 1
165 247 1
247 165 1
165 291 1
291 165 1
165 299 1
299 165 1
165 308 1
308 165 1
165 316 1
316 165 1
165 324 1
324 165 1
165 325 -1
325 165 -1
165 359 1
359 165 1
165 396 1
396 165 1
165 406 1
406 165 1
165 444 1
444 165 1
165 454 1
454 165 1
166 201 -1
201 166 -1
166 286 1
286 166 1
166 312 1
312 166 1
166 346 1
346 166 1
166 415 1
415 166 1
166 425 -1
425 166 -1
166 463 -1
463 166 -1
166 490 -1
490 166 -1
167 187 -1
187 167 -1
167 240 -1
240 167 -1
167 247 1
247 167 1
167 257 -1
257 167 -1
167 286 -1
286 167 -1
167 299 1
299 167 1
167 308 1
308 167 1
167 314 1
314 167 1
167 316 1
316 167 1
167 401 1
401 167 1
167 419 1
419 167 1
167 438 -1
438 167 -1
167 450 1
450 167 1
168 244 -1
244 168 -1
168 245 1
245 168 1
168 248 1
248 168 1
168 266 1
266 168 1
168 360 -1
360 168 -1
168 403 -1
403 168 -1
168 411 1
411 168 1
168 430 -1
430 168 -1
168 439 1
439 168 1
169 183 1
183 169 1
169 293 1
293 169 1
169 337 1
337 169 1
169 350 -1
350 169 -1
169 380 -1
380 169 -1
169 482 1
482 169 1
170 172 1
172 170 1
170 177 1
177 170 1
170 260 -1
260 170 -1
170 282 1
282 170 1
170 318 -1
318 170 -1
170 334 1
334 170 1
170 380 1
380 170 1
170 418 -1
418 170 -1
170 434 1
434 170 1
171 174 1
174 171 1
171 253 1
253 171 1
171 275 1
275 171 1
171 339 1
339 171 1
171 364 1
364 171 1
171 385 1
385 171 1
171 450 -1
450 171 -1
171 499 1
499 171 1
172 177 1
177 172 1
172 196 -1
196 172 -1
172 255 1
255 172 1
172 264 -1
264 172 -1
172 267 1
267 172 1
172 334 -1
334 172 -1
172 380 1
380 172 1
172 410 1
410 172 1
172 418 1
418 172 1
172 420 -1
420 172 -1
172 452 1
452 172 1
172 464 -1
464 172 -1
172 486 1
486 172 1
172 490 -1
490 172 -1
173 197 1
197 173 1
173 256 -1
256 173 -1
173 276 1
276 173 1
173 321 -1
321 173 -1
173 371 1
371 173 1
173 394 1
394 173 1
173 473 -1
473 173 -1
173 482 -1
482 173 -1
174 175 1
175 174 1
174 185 -1
185 174 -1
174 189 1
189 174 1
174 203 -1
203 174 -1
174 222 1
222 174 1
174 253 1
253 174 1
174 275 -1
275 174 -1
174 284 1
284 174 1
174 297 -1
297 174 -1
174 318 -1
318 174 -1
174 321 1
321 174 1
174 326 -1
326 174 -1
174 338 -1
338 174 -1
174 339 1
339 174 1
174 364 -1
364 174 -1
174 376 -1
376 174 -1
174 381 1
381 174 1
174 385 1
385 174 1
174 395 1
395 174 1
174 405 -1
405 174 -1
174 409 -1
409 174 -1
174 419 -1
419 174 -1
174 446 1
446 174 1
174 469 -1
469 174 -1
174 499 1
499 174 1
175 275 -1
275 175 -1
175 284 1
284 175 1
175 294 -1
294 175 -1
175 385 1
385 175 1
175 446 1
446 175 1
176 196 1
196 176 1
176 216 -1
216 176 -1
176 289 1
289 176 1
176 309 1
309 176 1
176 354 -1
354 176 -1
176 383 -1
383 176 -1
176 403 -1
403 176 -1
176 425 1
425 176 1
176 492 1
492 176 1
177 252 -1
252 177 -1
177 253 -1
253 177 -1
177 255 1
255 177 1
177 267 1
267 177 1
177 314 -1
314 177 -1
177 334 1
334 177 1
177 380 1
380 177 1
177 410 1
410 177 1
177 418 1
418 177 1
177 420 1
420 177 1
177 434 1
434 177 1
177 467 -1
467 177 -1
178 181 -1
181 178 -1
178 260 -1
260 178 -1
178 309 -1
309 178 -1
178 310 -1
310 178 -1
178 331 -1
331 178 -1
178 332 1
332 178 1
178 383 1
383 178 1
178 456 1
456 178 1
178 492 1
492 178 1
179 187 1
187 179 1
179 229 1
229 179 1
179 246 1
246 179 1
179 247 1
247 179 1
179 259 -1
259 179 -1
179 261 -1
261 179 -1
179 273 1
273 179 1
179 282 1
282 179 1
179 290 1
290 179 1
179 299 -1
299 179 -1
179 300 1
300 179 1
179 324 1
324 179 1
179 333 -1
333 179 -1
179 345 1
345 179 1
179 375 -1
375 179 -1
179 396 1
396 179 1
179 406 1
406 179 1
179 419 -1
419 179 -1
179 422 1
422 179 1
179 423 1
423 179 1
179 426 1
426 179 1
179 431 -1
431 179 -1
179 439 -1
439 179 -1
179 467 1
467 179 1
179 473 -1
473 179 -1
180 212 1
212 180 1
180 213 1
213 180 1
180 231 -1
231 180 -1
180 286 1
286 180 1
180 348 -1
348 180 -1
180 369 -1
369 180 -1
180 415 -1
415 180 -1
180 426 -1
426 180 -1
180 463 1
463 180 1
181 194 1
194 181 1
181 244 1
244 181 1
181 245 1
245 181 1
181 248 -1
248 181 -1
181 250 1
250 181 1
181 255 -1
255 181 -1
181 266 1
266 181 1
181 272 -1
272 181 -1
181 277 1
277 181 1
181 279 1
279 181 1
181 289 -1
289 181 -1
181 294 -1
294 181 -1
181 304 1
304 181 1
181 318 1
318 181 1
181 322 1
322 181 1
181 323 1
323 181 1
181 324 -1
324 181 -1
181 328 -1
328 181 -1
181 335 -1
335 181 -1
181 336 -1
336 181 -1
181 341 1
341 181 1
181 357 1
357 181 1
181 360 1
360 181 1
181 366 1
366 181 1
181 368 1
368 181 1
181 373 1
373 181 1
181 382 1
382 181 1
181 384 -1
384 181 -1
181 411 -1
411 181 -1
181 421 1
421 181 1
181 423 -1
423 181 -1
181 427 1
427 181 1
181 429 -1
429 181 -1
181 439 1
439 181 1
181 465 1
465 181 1
181 472 1
472 181 1
182 197 1
197 182 1
182 246 -1
246 182 -1
182 252 1
252 182 1
182 259 1
259 182 1
182 261 1
261 182 1
182 269 1
269 182 1
182 355 1
355 182 1
182 389 -1
389 182 -1
182 444 -1
444 182 -1
183 199 1
199 183 1
183 254 -1
254 183 -1
183 257 1
257 183 1
183 259 -1
259 183 -1
183 260 -1
260 183 -1
183 268 1
268 183 1
183 269 -1
269 183 -1
183 293 -1
293 183 -1
183 294 -1
294 183 -1
183 320 1
320 183 1
183 386 1
386 183 1
183 413 -1
413 183 -1
183 431 1
431 183 1
183 448 -1
448 183 -1
183 482 1
482 183 1
184 187 1
187 184 1
184 216 1
216 184 1
184 246 1
246 184 1
184 247 1
247 184 1
184 299 1
299 184 1
184 314 1
314 184 1
184 316 1
316 184 1
184 345 1
345 184 1
184 356 1
356 184 1
184 359 1
359 184 1
184 401 1
401 184 1
184 406 1
406 184 1
184 411 -1
411 184 -1
184 423 -1
423 184 -1
184 467 1
467 184 1
184 496 -1
496 184 -1
185 207 1
207 185 1
185 218 1
218 185 1
185 223 1
223 185 1
185 226 1
226 185 1
185 242 1
242 185 1
185 265 1
265 185 1
185 281 1
281 185 1
185 303 1
303 185 1
185 323 -1
323 185 -1
185 351 1
351 185 1
185 370 1
370 185 1
185 375 1
375 185 1
185 387 1
387 185 1
185 424 -1
424 185 -1
185 426 1
426 185 1
185 441 1
441 185 1
185 455 -1
455 185 -1
185 461 1
461 185 1
185 464 1
464 185 1
186 205 1
205 186 1
186 235 -1
235 186 -1
186 283 1
283 186 1
186 288 1
288 186 1
186 317 1
317 186 1
186 325 1
325 186 1
186 340 -1
340 186 -1
186 344 -1
344 186 -1
186 417 1
417 186 1
186 431 -1
431 186 -1
187 246 1
246 187 1
187 247 1
247 187 1
187 276 -1
276 187 -1
187 400 1
400 187 1
187 444 1
444 187 1
188 209 -1
209 188 -1
188 213 1
213 188 1
188 214 1
214 188 1
188 219 -1
219 188 -1
188 228 -1
228 188 -1
188 286 -1
286 188 -1
188 306 1
306 188 1
188 312 1
312 188 1
188 348 1
348 188 1
188 374 1
374 188 1
188 415 1
415 188 1
188 416 1
416 188 1
189 222 1
222 189 1
189 275 1
275 189 1
189 284 1
284 189 1
189 320 1
320 189 1
189 324 -1
324 189 -1
189 326 1
326 189 1
189 351 -1
351 189 -1
189 381 1
381 189 1
189 385 1
385 189 1
189 409 1
409 189 1
189 497 -1
497 189 -1
190 199 1
199 190 1
190 278 -1
278 190 -1
190 285 1
285 190 1
190 350 1
350 190 1
190 422 -1
422 190 -1
190 431 -1
431 190 -1
190 488 -1
488 190 -1
191 212 -1
212 191 -1
191 213 1
213 191 1
191 219 1
219 191 1
191 220 -1
220 191 -1
191 271 1
271 191 1
191 286 1
286 191 1
191 312 1
312 191 1
191 377 -1
377 191 -1
191 415 1
415 191 1
192 249 1
249 192 1
192 255 -1
255 192 -1
192 288 1
288 192 1
192 435 1
435 192 1
192 462 -1
462 192 -1
192 487 -1
487 192 -1
193 249 1
249 193 1
193 315 -1
315 193 -1
193 325 1
325 193 1
193 330 1
330 193 1
193 344 1
344 193 1
193 358 1
358 193 1
193 417 -1
417 193 -1
194 230 -1
230 194 -1
194 244 1
244 194 1
194 245 1
245 194 1
194 248 1
248 194 1
194 266 1
266 194 1
194 279 -1
279 194 -1
194 301 -1
301 194 -1
194 304 1
304 194 1
194 333 -1
333 194 -1
194 336 1
336 194 1
194 348 -1
348 194 -1
194 357 1
357 194 1
194 360 -1
360 194 -1
194 366 -1
366 194 -1
194 399 1
399 194 1
194 429 1
429 194 1
194 430 1
430 194 1
194 438 1
438 194 1
194 439 1
439 194 1
194 444 -1
444 194 -1
194 447 -1
447 194 -1
194 465 -1
465 194 -1
194 491 -1
491 194 -1
195 274 1
274 195 1
195 294 1
294 195 1
195 327 1
327 195 1
195 397 1
397 195 1
195 466 1
466 195 1
196 307 1
307 196 1
196 309 -1
309 196 -1
196 332 1
332 196 1
196 378 1
378 196 1
196 386 -1
386 196 -1
196 403 1
403 196 1
196 456 1
456 196 1
197 203 -1
203 197 -1
197 206 -1
206 197 -1
197 210 -1
210 197 -1
197 246 -1
246 197 -1
197 256 -1
256 197 -1
197 259 1
259 197 1
197 261 1
261 197 1
197 269 -1
269 197 -1
197 276 1
276 197 1
197 278 1
278 197 1
197 296 1
296 197 1
197 304 -1
304 197 -1
197 311 1
311 197 1
197 315 1
315 197 1
197 317 -1
317 197 -1
197 327 -1
327 197 -1
197 343 1
343 197 1
197 365 1
365 197 1
197 371 1
371 197 1
197 394 1
394 197 1
197 432 1
432 197 1
197 447 1
447 197 1
197 453 -1
453 197 -1
197 473 -1
473 197 -1
197 474 1
474 197 1
197 476 1
476 197 1
197 483 -1
483 197 -1
197 485 1
485 197 1
198 215 -1
215 198 -1
198 221 -1
221 198 -1
198 254 1
254 198 1
198 282 -1
282 198 -1
198 286 1
286 198 1
198 312 1
312 198 1
198 348 1
348 198 1
198 415 1
415 198 1
198 437 1
437 198 1
199 215 1
215 199 1
199 217 1
217 199 1
199 221 -1
221 199 -1
199 222 -1
222 199 -1
199 236 1
236 199 1
199 241 1
241 199 1
199 260 1
260 199 1
199 263 1
263 199 1
199 268 1
268 199 1
199 293 1
293 199 1
199 308 -1
308 199 -1
199 331 1
331 199 1
199 350 1
350 199 1
199 400 -1
400 199 -1
199 431 1
431 199 1
199 469 -1
469 199 -1
199 482 1
482 199 1
200 209 1
209 200 1
200 243 -1
243 200 -1
200 251 1
251 200 1
200 297 1
297 200 1
200 451 1
451 200 1
200 486 -1
486 200 -1
201 213 1
213 201 1
201 214 -1
214 201 -1
201 219 1
219 201 1
201 286 -1
286 201 -1
201 312 1
312 201 1
201 416 1
416 201 1
201 458 -1
458 201 -1
202 204 1
204 202 1
202 233 1
233 202 1
202 270 1
270 202 1
202 293 -1
293 202 -1
202 318 1
318 202 1
202 333 1
333 202 1
202 340 -1
340 202 -1
202 363 -1
363 202 -1
202 384 1
384 202 1
202 398 1
398 202 1
202 449 1
449 202 1
202 457 -1
457 202 -1
202 458 1
458 202 1
202 460 1
460 202 1
202 473 -1
473 202 -1
202 481 1
481 202 1
202 482 -1
482 202 -1
202 488 1
488 202 1
202 489 1
489 202 1
202 496 1
496 202 1
203 259 1
259 203 1
203 261 -1
261 203 -1
203 278 1
278 203 1
203 296 1
296 203 1
203 359 -1
359 203 -1
203 365 1
365 203 1
203 371 1
371 203 1
203 394 1
394 203 1
203 473 1
473 203 1
203 474 -1
474 203 -1
203 485 1
485 203 1
204 220 1
220 204 1
204 225 1
225 204 1
204 232 1
232 204 1
204 233 1
233 204 1
204 244 -1
244 204 -1
204 262 1
262 204 1
204 270 -1
270 204 -1
204 318 1
318 204 1
204 325 -1
325 204 -1
204 333 1
333 204 1
204 339 -1
339 204 -1
204 340 1
340 204 1
204 366 -1
366 204 -1
204 379 1
379 204 1
204 384 1
384 204 1
204 392 1
392 204 1
204 394 -1
394 204 -1
204 398 1
398 204 1
204 442 1
442 204 1
204 449 1
449 204 1
204 460 1
460 204 1
204 470 -1
470 204 -1
204 481 1
481 204 1
204 482 -1
482 204 -1
204 484 1
484 204 1
204 488 1
488 204 1
204 491 1
491 204 1
205 235 -1
235 205 -1
205 325 1
325 205 1
205 344 1
344 205 1
205 358 1
358 205 1
205 417 -1
417 205 -1
206 249 1
249 206 1
206 288 1
288 206 1
206 344 -1
344 206 -1
206 358 1
358 206 1
206 394 -1
394 206 -1
206 488 -1
488 206 -1
207 211 -1
211 207 -1
207 242 1
242 207 1
207 281 1
281 207 1
207 344 -1
344 207 -1
207 351 1
351 207 1
207 387 -1
387 207 -1
207 441 1
441 207 1
207 461 1
461 207 1
208 228 1
228 208 1
208 283 1
283 208 1
208 288 1
288 208 1
208 289 -1
289 208 -1
208 317 1
317 208 1
208 325 1
325 208 1
208 327 -1
327 208 -1
208 344 1
344 208 1
208 497 -1
497 208 -1
209 274 -1
274 209 -1
209 297 -1
297 209 -1
209 347 1
347 209 1
209 370 -1
370 209 -1
209 451 1
451 209 1
209 480 1
480 209 1
209 487 1
487 209 1
210 249 -1
249 210 -1
210 288 1
288 210 1
210 325 1
325 210 1
210 344 1
344 210 1
210 358 1
358 210 1
210 449 -1
449 210 -1
211 234 -1
234 211 -1
211 239 1
239 211 1
211 258 1
258 211 1
211 274 1
274 211 1
211 283 -1
283 211 -1
211 327 1
327 211 1
211 329 -1
329 211 -1
211 397 1
397 211 1
211 466 1
466 211 1
211 471 1
471 211 1
212 215 -1
215 212 -1
212 219 1
219 212 1
212 286 1
286 212 1
212 306 -1
306 212 -1
212 348 1
348 212 1
212 350 -1
350 212 -1
212 367 -1
367 212 -1
212 396 -1
396 212 -1
212 415 1
415 212 1
212 436 1
436 212 1
212 463 1
463 212 1
212 479 1
479 212 1
213 286 1
286 213 1
213 312 -1
312 213 -1
213 338 -1
338 213 -1
213 348 1
348 213 1
213 415 1
415 213 1
213 416 1
416 213 1
213 463 1
463 213 1
213 476 1
476 213 1
214 262 1
262 214 1
214 333 1
333 214 1
214 340 -1
340 214 -1
214 384 1
384 214 1
214 470 1
470 214 1
215 246 -1
246 215 -1
215 260 1
260 215 1
215 280 -1
280 215 -1
215 294 1
294 215 1
215 313 1
313 215 1
215 320 1
320 215 1
215 440 -1
440 215 -1
215 477 -1
477 215 -1
215 482 -1
482 215 -1
215 488 -1
488 215 -1
215 490 1
490 215 1
216 228 -1
228 216 -1
216 247 -1
247 216 -1
216 318 -1
318 216 -1
216 319 1
319 216 1
216 324 1
324 216 1
216 396 1
396 216 1
216 413 1
413 216 1
216 419 -1
419 216 -1
216 423 1
423 216 1
216 454 1
454 216 1
217 274 -1
274 217 -1
217 297 1
297 217 1
217 319 -1
319 217 -1
217 451 1
451 217 1
217 480 1
480 217 1
217 486 -1
486 217 -1
217 487 1
487 217 1
217 494 1
494 217 1
218 234 1
234 218 1
218 257 1
257 218 1
218 260 1
260 218 1
218 263 1
263 218 1
218 275 -1
275 218 -1
218 294 1
294 218 1
218 320 1
320 218 1
218 337 1
337 218 1
218 338 1
338 218 1
218 366 1
366 218 1
218 377 1
377 218 1
218 386 1
386 218 1
218 407 1
407 218 1
218 416 -1
416 218 -1
218 431 1
431 218 1
218 440 1
440 218 1
218 480 -1
480 218 -1
218 490 -1
490 218 -1
219 254 1
254 219 1
219 272 -1
272 219 -1
219 277 -1
277 219 -1
219 286 1
286 219 1
219 306 1
306 219 1
219 374 1
374 219 1
219 415 1
415 219 1
219 416 -1
416 219 -1
219 436 1
436 219 1
219 445 1
445 219 1
220 262 -1
262 220 -1
220 295 1
295 220 1
220 318 1
318 220 1
220 340 -1
340 220 -1
220 384 1
384 220 1
220 442 1
442 220 1
220 449 -1
449 220 -1
220 460 1
460 220 1
220 481 1
481 220 1
220 488 -1
488 220 -1
220 491 1
491 220 1
220 492 -1
492 220 -1
221 259 1
259 221 1
221 261 1
261 221 1
221 473 1
473 221 1
221 485 1
485 221 1
222 238 1
238 222 1
222 253 -1
253 222 -1
222 326 1
326 222 1
222 354 -1
354 222 -1
222 364 1
364 222 1
222 370 -1
370 222 -1
222 376 1
376 222 1
222 380 1
380 222 1
222 381 -1
381 222 -1
222 385 1
385 222 1
222 395 -1
395 222 -1
222 409 1
409 222 1
222 491 -1
491 222 -1
223 351 -1
351 223 -1
223 387 1
387 223 1
223 441 1
441 223 1
224 293 -1
293 224 -1
224 297 1
297 224 1
224 388 1
388 224 1
224 480 1
480 224 1
224 486 1
486 224 1
225 247 -1
247 225 -1
225 340 1
340 225 1
225 357 -1
357 225 -1
225 384 1
384 225 1
225 484 1
484 225 1
225 496 1
496 225 1
226 242 -1
242 226 -1
226 336 -1
336 226 -1
226 375 1
375 226 1
226 387 1
387 226 1
226 461 1
461 226 1
227 228 1
228 227 1
227 259 -1
259 227 -1
227 325 1
325 227 1
227 344 1
344 227 1
227 358 1
358 227 1
227 368 -1
368 227 -1
227 391 1
391 227 1
227 398 -1
398 227 -1
227 426 1
426 227 1
228 235 -1
235 228 -1
228 247 1
247 228 1
228 283 1
283 228 1
228 288 1
288 228 1
228 325 1
325 228 1
228 344 -1
344 228 -1
228 358 1
358 228 1
228 391 1
391 228 1
228 405 -1
405 228 -1
228 412 1
412 228 1
228 435 1
435 228 1
228 441 -1
441 228 -1
228 459 1
459 228 1
228 462 1
462 228 1
228 474 -1
474 228 -1
228 487 -1
487 228 -1
229 246 1
246 229 1
229 273 -1
273 229 -1
229 317 -1
317 229 -1
229 357 -1
357 229 -1
229 359 1
359 229 1
229 396 1
396 229 1
229 400 1
400 229 1
229 406 1
406 229 1
229 413 1
413 229 1
229 473 -1
473 229 -1
230 240 1
240 230 1
230 243 1
243 230 1
230 272 -1
272 230 -1
230 305 1
305 230 1
230 352 -1
352 230 -1
230 388 1
388 230 1
230 404 1
404 230 1
230 405 -1
405 230 -1
230 414 1
414 230 1
230 424 1
424 230 1
230 468 1
468 230 1
230 474 -1
474 230 -1
230 475 1
475 230 1
231 246 1
246 231 1
231 247 1
247 231 1
231 266 -1
266 231 -1
231 282 1
282 231 1
231 290 1
290 231 1
231 308 -1
308 231 -1
231 316 1
316 231 1
231 320 -1
320 231 -1
231 359 1
359 231 1
231 396 1
396 231 1
231 409 1
409 231 1
231 423 1
423 231 1
232 262 1
262 232 1
232 302 -1
302 232 -1
232 333 1
333 232 1
232 340 1
340 232 1
232 384 1
384 232 1
232 491 1
491 232 1
233 262 1
262 233 1
233 288 -1
288 233 -1
233 318 1
318 233 1
233 333 1
333 233 1
233 340 1
340 233 1
233 382 1
382 233 1
233 384 1
384 233 1
233 431 -1
431 233 -1
233 458 -1
458 233 -1
233 481 1
481 233 1
233 484 1
484 233 1
233 488 1
488 233 1
233 489 1
489 233 1
233 491 1
491 233 1
234 293 1
293 234 1
234 320 -1
320 234 -1
234 350 1
350 234 1
234 431 1
431 234 1
234 482 1
482 234 1
235 283 1
283 235 1
235 297 -1
297 235 -1
235 304 1
304 235 1
235 318 -1
318 235 -1
235 344 1
344 235 1
235 358 1
358 235 1
235 409 -1
409 235 -1
235 412 1
412 235 1
235 426 -1
426 235 -1
235 462 1
462 235 1
236 260 1
260 236 1
236 293 1
293 236 1
236 350 1
350 236 1
236 388 -1
388 236 -1
236 440 1
440 236 1
236 465 -1
465 236 -1
237 288 1
288 237 1
237 317 1
317 237 1
237 344 1
344 237 1
237 358 1
358 237 1
237 426 1
426 237 1
238 275 1
275 238 1
238 310 -1
310 238 -1
238 381 -1
381 238 -1
238 400 -1
400 238 -1
238 409 1
409 238 1
238 499 1
499 238 1
239 258 1
258 239 1
239 260 -1
260 239 -1
239 288 -1
288 239 -1
239 321 1
321 239 1
239 327 1
327 239 1
239 329 1
329 239 1
239 397 1
397 239 1
239 402 1
402 239 1
239 404 1
404 239 1
239 466 1
466 239 1
239 498 -1
498 239 -1
240 243 -1
243 240 -1
240 281 -1
281 240 -1
240 287 1
287 240 1
240 305 -1
305 240 -1
240 343 -1
343 240 -1
240 349 1
349 240 1
240 353 1
353 240 1
240 362 -1
362 240 -1
240 388 1
388 240 1
240 391 -1
391 240 -1
240 404 1
404 240 1
240 405 1
405 240 1
240 408 1
408 240 1
240 424 1
424 240 1
240 433 1
433 240 1
240 457 1
457 240 1
240 468 1
468 240 1
240 475 1
475 240 1
240 480 -1
480 240 -1
240 485 -1
485 240 -1
241 248 -1
248 241 -1
241 260 1
260 241 1
241 293 -1
293 241 -1
241 313 1
313 241 1
241 320 1
320 241 1
241 377 1
377 241 1
241 431 1
431 241 1
241 447 1
447 241 1
241 457 -1
457 241 -1
241 482 1
482 241 1
242 326 -1
326 242 -1
242 351 1
351 242 1
242 375 1
375 242 1
242 387 1
387 242 1
242 389 -1
389 242 -1
242 441 1
441 242 1
243 287 1
287 243 1
243 305 1
305 243 1
243 320 -1
320 243 -1
243 342 -1
342 243 -1
243 349 1
349 243 1
243 353 1
353 243 1
243 364 -1
364 243 -1
243 382 -1
382 243 -1
243 404 1
404 243 1
243 405 1
405 243 1
243 408 1
408 243 1
243 414 -1
414 243 -1
243 424 1
424 243 1
243 433 1
433 243 1
243 457 1
457 243 1
243 459 1
459 243 1
243 468 1
468 243 1
243 475 1
475 243 1
244 245 -1
245 244 -1
244 248 -1
248 244 -1
244 250 1
250 244 1
244 263 -1
263 244 -1
244 266 1
266 244 1
244 272 1
272 244 1
244 279 1
279 244 1
244 289 1
289 244 1
244 299 -1
299 244 -1
244 341 1
341 244 1
244 357 1
357 244 1
244 360 1
360 244 1
244 366 1
366 244 1
244 368 1
368 244 1
244 373 -1
373 244 -1
244 379 -1
379 244 -1
244 399 -1
399 244 -1
244 401 -1
401 244 -1
244 411 1
411 244 1
244 429 1
429 244 1
244 430 1
430 244 1
244 438 1
438 244 1
244 439 -1
439 244 -1
244 460 1
460 244 1
244 462 -1
462 244 -1
244 465 1
465 244 1
245 248 1
248 245 1
245 266 1
266 245 1
245 279 -1
279 245 -1
245 323 1
323 245 1
245 336 1
336 245 1
245 357 -1
357 245 -1
245 382 -1
382 245 -1
245 392 1
392 245 1
245 439 1
439 245 1
245 442 -1
442 245 -1
245 465 1
465 245 1
246 247 1
247 246 1
246 260 -1
260 246 -1
246 282 1
282 246 1
246 290 1
290 246 1
246 308 1
308 246 1
246 314 1
314 246 1
246 316 1
316 246 1
246 323 -1
323 246 -1
246 324 1
324 246 1
246 345 1
345 246 1
246 347 1
347 246 1
246 356 -1
356 246 -1
246 359 1
359 246 1
246 400 1
400 246 1
246 401 1
401 246 1
246 413 1
413 246 1
246 419 1
419 246 1
246 422 1
422 246 1
246 443 -1
443 246 -1
246 454 -1
454 246 -1
246 488 -1
488 246 -1
246 491 -1
491 246 -1
247 264 1
264 247 1
247 275 -1
275 247 -1
247 280 1
280 247 1
247 283 -1
283 247 -1
247 290 1
290 247 1
247 302 1
302 247 1
247 308 -1
308 247 -1
247 319 1
319 247 1
247 324 1
324 247 1
247 345 1
345 247 1
247 356 1
356 247 1
247 380 -1
380 247 -1
247 393 1
393 247 1
247 396 1
396 247 1
247 401 1
401 247 1
247 406 1
406 247 1
247 419 1
419 247 1
247 420 -1
420 247 -1
247 450 1
450 247 1
247 467 1
467 247 1
248 250 -1
250 248 -1
248 260 -1
260 248 -1
248 266 1
266 248 1
248 272 -1
272 248 -1
248 277 1
277 248 1
248 279 1
279 248 1
248 297 -1
297 248 -1
248 304 1
304 248 1
248 322 -1
322 248 -1
248 323 1
323 248 1
248 335 1
335 248 1
248 336 1
336 248 1
248 341 -1
341 248 -1
248 344 1
344 248 1
248 357 1
357 248 1
248 360 -1
360 248 -1
248 366 1
366 248 1
248 373 -1
373 248 -1
248 382 1
382 248 1
248 390 1
390 248 1
248 399 1
399 248 1
248 411 1
411 248 1
248 421 1
421 248 1
248 430 1
430 248 1
248 438 -1
438 248 -1
248 439 -1
439 248 -1
248 465 1
465 248 1
248 466 -1
466 248 -1
248 472 1
472 248 1
248 481 -1
481 248 -1
249 283 1
283 249 1
249 288 1
288 249 1
249 317 1
317 249 1
249 325 1
325 249 1
249 386 -1
386 249 -1
249 412 1
412 249 1
249 413 -1
413 249 -1
250 266 1
266 250 1
250 272 -1
272 250 -1
250 277 1
277 250 1
250 357 1
357 250 1
250 360 1
360 250 1
250 376 -1
376 250 -1
250 411 1
411 250 1
250 485 -1
485 250 -1
251 297 1
297 251 1
251 409 -1
409 251 -1
251 451 1
451 251 1
251 480 1
480 251 1
251 481 -1
481 251 -1
251 487 1
487 251 1
252 259 1
259 252 1
252 261 1
261 252 1
252 278 1
278 252 1
252 296 1
296 252 1
252 335 1
335 252 1
253 260 1
260 253 1
253 275 1
275 253 1
253 321 1
321 253 1
253 326 -1
326 253 -1
253 381 1
381 253 1
253 395 1
395 253 1
253 409 1
409 253 1
253 435 -1
435 253 -1
253 446 1
446 253 1
254 286 -1
286 254 -1
254 348 1
348 254 1
254 374 1
374 254 1
254 415 -1
415 254 -1
254 428 1
428 254 1
254 445 1
445 254 1
255 264 -1
264 255 -1
255 266 -1
266 255 -1
255 267 -1
267 255 -1
255 334 -1
334 255 -1
255 380 1
380 255 1
255 410 -1
410 255 -1
255 434 -1
434 255 -1
255 452 1
452 255 1
256 259 1
259 256 1
256 261 -1
261 256 -1
256 394 1
394 256 1
256 396 -1
396 256 -1
256 419 -1
419 256 -1
256 447 1
447 256 1
257 260 -1
260 257 -1
257 294 1
294 257 1
257 407 1
407 257 1
257 431 1
431 257 1
257 482 1
482 257 1
258 274 1
274 258 1
258 307 -1
307 258 -1
258 327 1
327 258 1
258 329 -1
329 258 -1
258 397 1
397 258 1
258 402 1
402 258 1
258 466 1
466 258 1
258 489 -1
489 258 -1
259 261 1
261 259 1
259 269 1
269 259 1
259 276 1
276 259 1
259 278 -1
278 259 -1
259 296 1
296 259 1
259 311 1
311 259 1
259 315 -1
315 259 -1
259 323 -1
323 259 -1
259 343 1
343 259 1
259 355 1
355 259 1
259 361 -1
361 259 -1
259 363 1
363 259 1
259 371 1
371 259 1
259 372 1
372 259 1
259 373 -1
373 259 -1
259 393 1
393 259 1
259 394 1
394 259 1
259 401 1
401 259 1
259 404 -1
404 259 -1
259 432 1
432 259 1
259 433 -1
433 259 -1
259 447 1
447 259 1
259 473 1
473 259 1
259 474 1
474 259 1
259 476 1
476 259 1
259 483 1
483 259 1
259 485 1
485 259 1
259 497 1
497 259 1
260 293 -1
293 260 -1
260 294 1
294 260 1
260 320 1
320 260 1
260 322 -1
322 260 -1
260 350 1
350 260 1
260 377 -1
377 260 -1
260 386 1
386 260 1
260 431 -1
431 260 -1
260 440 1
440 260 1
260 474 -1
474 260 -1
260 478 -1
478 260 -1
260 482 1
482 260 1
260 490 1
490 260 1
260 495 1
495 260 1
261 269 -1
269 261 -1
261 278 1
278 261 1
261 296 1
296 261 1
261 316 -1
316 261 -1
261 360 1
360 261 1
261 365 -1
365 261 -1
261 371 1
371 261 1
261 372 1
372 261 1
261 379 -1
379 261 -1
261 394 1
394 261 1
261 439 1
439 261 1
261 447 1
447 261 1
261 473 1
473 261 1
261 474 1
474 261 1
261 476 -1
476 261 -1
261 485 1
485 261 1
261 497 1
497 261 1
262 270 1
270 262 1
262 295 1
295 262 1
262 296 -1
296 262 -1
262 318 -1
318 262 -1
262 322 -1
322 262 -1
262 333 1
333 262 1
262 340 1
340 262 1
262 367 -1
367 262 -1
262 384 1
384 262 1
262 397 -1
397 262 -1
262 398 1
398 262 1
262 440 -1
440 262 -1
262 442 1
442 262 1
262 447 -1
447 262 -1
262 449 1
449 262 1
262 458 1
458 262 1
262 460 1
460 262 1
262 469 1
469 262 1
262 470 1
470 262 1
262 481 -1
481 262 -1
262 484 1
484 262 1
262 485 -1
485 262 -1
262 488 -1
488 262 -1
262 491 -1
491 262 -1
262 496 -1
496 262 -1
263 293 1
293 263 1
263 312 -1
312 263 -1
263 338 1
338 263 1
263 350 1
350 263 1
263 478 -1
478 263 -1
263 482 1
482 263 1
264 280 1
280 264 1
264 308 -1
308 264 -1
264 316 1
316 264 1
264 356 1
356 264 1
264 359 1
359 264 1
264 363 -1
363 264 -1
264 396 1
396 264 1
264 419 -1
419 264 -1
264 467 1
467 264 1
265 281 -1
281 265 -1
265 441 1
441 265 1
265 461 1
461 265 1
265 469 -1
469 265 -1
265 492 -1
492 265 -1
266 272 1
272 266 1
266 273 -1
273 266 -1
266 277 1
277 266 1
266 278 1
278 266 1
266 279 -1
279 266 -1
266 289 1
289 266 1
266 301 1
301 266 1
266 304 1
304 266 1
266 322 1
322 266 1
266 323 1
323 266 1
266 335 1
335 266 1
266 336 -1
336 266 -1
266 357 1
357 266 1
266 360 1
360 266 1
266 366 1
366 266 1
266 373 1
373 266 1
266 382 1
382 266 1
266 392 1
392 266 1
266 406 -1
406 266 -1
266 411 1
411 266 1
266 415 -1
415 266 -1
266 421 1
421 266 1
266 429 1
429 266 1
266 430 1
430 266 1
266 438 1
438 266 1
266 439 1
439 266 1
266 465 1
465 266 1
266 474 1
474 266 1
267 334 1
334 267 1
267 380 1
380 267 1
267 418 1
418 267 1
267 420 1
420 267 1
267 443 -1
443 267 -1
267 478 -1
478 267 -1
268 293 -1
293 268 -1
268 325 -1
325 268 -1
268 331 1
331 268 1
268 337 1
337 268 1
268 338 1
338 268 1
268 350 1
350 268 1
268 427 -1
427 268 -1
268 437 -1
437 268 -1
268 440 1
440 268 1
268 490 1
490 268 1
269 359 -1
359 269 -1
269 360 -1
360 269 -1
269 365 1
365 269 1
269 371 1
371 269 1
269 385 -1
385 269 -1
269 394 1
394 269 1
269 431 -1
431 269 -1
269 432 -1
432 269 -1
269 440 -1
440 269 -1
269 453 1
453 269 1
269 483 1
483 269 1
269 485 1
485 269 1
269 497 1
497 269 1
270 308 -1
308 270 -1
270 318 1
318 270 1
270 325 -1
325 270 -1
270 333 -1
333 270 -1
270 358 -1
358 270 -1
270 384 1
384 270 1
270 460 1
460 270 1
270 477 1
477 270 1
270 481 1
481 270 1
270 491 1
491 270 1
271 286 1
286 271 1
271 383 1
383 271 1
271 415 1
415 271 1
271 416 1
416 271 1
272 322 -1
322 272 -1
272 323 1
323 272 1
272 360 1
360 272 1
272 368 1
368 272 1
272 395 -1
395 272 -1
272 411 1
411 272 1
272 465 1
465 272 1
272 484 -1
484 272 -1
272 499 -1
499 272 -1
273 316 1
316 273 1
273 387 -1
387 273 -1
273 419 1
419 273 1
273 422 1
422 273 1
274 310 -1
310 274 -1
274 327 -1
327 274 -1
274 329 1
329 274 1
274 380 1
380 274 1
274 397 -1
397 274 -1
274 466 1
466 274 1
274 498 1
498 274 1
275 284 1
284 275 1
275 321 1
321 275 1
275 326 1
326 275 1
275 339 -1
339 275 -1
275 364 -1
364 275 -1
275 376 1
376 275 1
275 381 1
381 275 1
275 385 1
385 275 1
275 395 1
395 275 1
275 398 -1
398 275 -1
275 409 1
409 275 1
275 417 -1
417 275 -1
275 429 -1
429 275 -1
275 462 -1
462 275 -1
275 499 1
499 275 1
276 314 -1
314 276 -1
276 315 -1
315 276 -1
276 384 -1
384 276 -1
276 416 1
416 276 1
276 447 1
447 276 1
276 473 1
473 276 1
276 474 1
474 276 1
276 483 1
483 276 1
277 279 1
279 277 1
277 323 1
323 277 1
277 357 1
357 277 1
277 360 1
360 277 1
277 411 1
411 277 1
277 465 -1
465 277 -1
277 471 -1
471 277 -1
277 486 1
486 277 1
278 372 1
372 278 1
278 397 -1
397 278 -1
278 432 1
432 278 1
278 447 1
447 278 1
278 473 1
473 278 1
278 474 -1
474 278 -1
278 475 1
475 278 1
278 485 1
485 278 1
278 492 -1
492 278 -1
279 305 -1
305 279 -1
279 323 1
323 279 1
279 411 1
411 279 1
279 427 1
427 279 1
279 439 1
439 279 1
280 291 -1
291 280 -1
280 308 -1
308 280 -1
280 359 -1
359 280 -1
280 423 1
423 280 1
280 444 1
444 280 1
280 460 -1
460 280 -1
281 351 1
351 281 1
281 375 1
375 281 1
281 430 -1
430 281 -1
281 464 1
464 281 1
281 491 -1
491 281 -1
282 308 1
308 282 1
282 344 1
344 282 1
282 354 1
354 282 1
282 396 1
396 282 1
282 406 1
406 282 1
282 419 1
419 282 1
282 450 1
450 282 1
283 286 -1
286 283 -1
283 288 1
288 283 1
283 325 -1
325 283 -1
283 330 1
330 283 1
283 344 -1
344 283 -1
283 358 1
358 283 1
283 411 -1
411 283 -1
283 417 -1
417 283 -1
283 462 1
462 283 1
284 360 -1
360 284 -1
284 376 1
376 284 1
285 290 -1
290 285 -1
285 293 1
293 285 1
285 337 1
337 285 1
285 426 1
426 285 1
285 440 1
440 285 1
285 490 1
490 285 1
285 495 1
495 285 1
286 306 1
306 286 1
286 312 1
312 286 1
286 322 1
322 286 1
286 348 1
348 286 1
286 356 -1
356 286 -1
286 359 1
359 286 1
286 374 1
374 286 1
286 415 1
415 286 1
286 416 1
416 286 1
286 422 -1
422 286 -1
286 428 1
428 286 1
286 436 1
436 286 1
286 437 1
437 286 1
286 445 1
445 286 1
286 463 -1
463 286 -1
286 479 1
479 286 1
286 483 -1
483 286 -1
287 325 -1
325 287 -1
287 353 1
353 287 1
287 357 -1
357 287 -1
287 408 1
408 287 1
287 414 1
414 287 1
287 433 1
433 287 1
287 457 1
457 287 1
287 463 -1
463 287 -1
287 468 1
468 287 1
288 292 1
292 288 1
288 325 1
325 288 1
288 334 -1
334 288 -1
288 344 1
344 288 1
288 358 -1
358 288 -1
288 412 1
412 288 1
288 419 -1
419 288 -1
288 426 1
426 288 1
288 435 -1
435 288 -1
288 459 1
459 288 1
288 462 -1
462 288 -1
289 301 1
301 289 1
289 353 -1
353 289 -1
289 357 1
357 289 1
289 360 1
360 289 1
289 366 1
366 289 1
289 432 -1
432 289 -1
289 438 -1
438 289 -1
289 439 1
439 289 1
290 314 1
314 290 1
290 359 1
359 290 1
290 419 1
419 290 1
290 448 -1
448 290 -1
291 345 1
345 291 1
291 359 1
359 291 1
291 378 -1
378 291 -1
291 396 1
396 291 1
291 423 1
423 291 1
291 466 -1
466 291 -1
292 344 -1
344 292 -1
292 358 1
358 292 1
292 364 -1
364 292 -1
292 383 -1
383 292 -1
293 296 -1
296 293 -1
293 320 1
320 293 1
293 338 1
338 293 1
293 350 1
350 293 1
293 386 -1
386 293 -1
293 407 1
407 293 1
293 440 1
440 293 1
293 455 1
455 293 1
293 460 -1
460 293 -1
294 297 -1
297 294 -1
294 350 1
350 294 1
294 386 1
386 294 1
294 431 1
431 294 1
295 318 -1
318 295 -1
295 333 1
333 295 1
295 336 -1
336 295 -1
295 340 1
340 295 1
295 461 -1
461 295 -1
296 355 1
355 296 1
296 372 1
372 296 1
296 394 1
394 296 1
296 437 -1
437 296 -1
296 459 -1
459 296 -1
296 474 1
474 296 1
296 476 1
476 296 1
296 497 1
497 296 1
297 344 -1
344 297 -1
297 346 -1
346 297 -1
297 347 1
347 297 1
297 352 1
352 297 1
297 362 1
362 297 1
297 445 -1
445 297 -1
297 451 -1
451 297 -1
297 480 1
480 297 1
297 486 -1
486 297 -1
297 487 1
487 297 1
297 493 1
493 297 1
297 494 1
494 297 1
298 426 1
426 298 1
298 488 -1
488 298 -1
299 300 -1
300 299 -1
299 327 -1
327 299 -1
299 368 -1
368 299 -1
299 422 -1
422 299 -1
299 443 1
443 299 1
299 450 1
450 299 1
299 454 1
454 299 1
300 314 1
314 300 1
300 316 1
316 300 1
300 324 1
324 300 1
300 359 1
359 300 1
300 385 1
385 300 1
300 400 1
400 300 1
301 357 1
357 301 1
301 392 1
392 301 1
301 411 1
411 301 1
302 308 1
308 302 1
302 343 -1
343 302 -1
302 359 1
359 302 1
302 406 -1
406 302 -1
302 417 -1
417 302 -1
302 422 1
422 302 1
302 450 -1
450 302 -1
303 351 1
351 303 1
303 375 1
375 303 1
303 399 -1
399 303 -1
303 441 1
441 303 1
303 481 -1
481 303 -1
304 353 -1
353 304 -1
304 360 -1
360 304 -1
304 411 -1
411 304 -1
304 438 1
438 304 1
305 349 1
349 305 1
305 353 1
353 305 1
305 404 1
404 305 1
305 405 -1
405 305 -1
305 408 1
408 305 1
305 412 -1
412 305 -1
305 414 1
414 305 1
305 433 1
433 305 1
305 468 1
468 305 1
305 475 1
475 305 1
305 479 1
479 305 1
306 416 1
416 306 1
306 437 1
437 306 1
307 309 1
309 307 1
307 378 1
378 307 1
307 383 1
383 307 1
307 406 -1
406 307 -1
307 453 -1
453 307 -1
308 309 -1
309 308 -1
308 314 1
314 308 1
308 356 1
356 308 1
308 359 1
359 308 1
308 406 1
406 308 1
308 422 1
422 308 1
308 423 1
423 308 1
308 444 1
444 308 1
308 450 1
450 308 1
308 467 1
467 308 1
309 310 -1
310 309 -1
309 328 1
328 309 1
309 332 -1
332 309 -1
309 367 1
367 309 1
309 378 -1
378 309 -1
309 383 1
383 309 1
309 391 -1
391 309 -1
309 403 1
403 309 1
309 425 1
425 309 1
309 492 1
492 309 1
309 499 -1
499 309 -1
310 332 1
332 310 1
310 383 1
383 310 1
310 425 1
425 310 1
310 456 1
456 310 1
310 492 -1
492 310 -1
311 394 -1
394 311 -1
311 474 1
474 311 1
311 485 1
485 311 1
312 348 1
348 312 1
312 479 1
479 312 1
312 496 -1
496 312 -1
313 332 -1
332 313 -1
313 350 1
350 313 1
313 431 1
431 313 1
313 482 1
482 313 1
314 316 1
316 314 1
314 318 -1
318 314 -1
314 324 1
324 314 1
314 344 -1
344 314 -1
314 345 1
345 314 1
314 350 -1
350 314 -1
314 354 1
354 314 1
314 359 1
359 314 1
314 393 -1
393 314 -1
314 419 1
419 314 1
314 422 -1
422 314 -1
314 423 1
423 314 1
314 450 1
450 314 1
314 463 -1
463 314 -1
314 467 1
467 314 1
314 478 1
478 314 1
314 486 -1
486 314 -1
315 329 -1
329 315 -1
315 351 -1
351 315 -1
315 363 1
363 315 1
315 394 1
394 315 1
315 474 -1
474 315 -1
315 485 1
485 315 1
316 324 1
324 316 1
316 345 1
345 316 1
316 348 -1
348 316 -1
316 352 -1
352 316 -1
316 369 1
369 316 1
316 396 1
396 316 1
316 405 -1
405 316 -1
316 417 1
417 316 1
316 419 1
419 316 1
316 422 1
422 316 1
316 423 1
423 316 1
316 443 -1
443 316 -1
316 465 -1
465 316 -1
316 478 1
478 316 1
317 325 1
325 317 1
317 330 1
330 317 1
317 344 1
344 317 1
317 358 1
358 317 1
317 435 -1
435 317 -1
317 459 1
459 317 1
317 462 1
462 317 1
318 333 1
333 318 1
318 340 1
340 318 1
318 344 -1
344 318 -1
318 379 -1
379 318 -1
318 384 1
384 318 1
318 398 1
398 318 1
318 411 -1
411 318 -1
318 423 -1
423 318 -1
318 442 1
442 318 1
318 449 1
449 318 1
318 458 1
458 318 1
318 460 1
460 318 1
318 468 -1
468 318 -1
318 469 1
469 318 1
318 470 1
470 318 1
318 477 1
477 318 1
318 481 1
481 318 1
318 484 1
484 318 1
318 488 1
488 318 1
318 489 1
489 318 1
318 491 1
491 318 1
318 496 1
496 318 1
319 359 1
359 319 1
319 400 1
400 319 1
319 423 1
423 319 1
319 442 1
442 319 1
319 450 1
450 319 1
320 350 1
350 320 1
320 386 1
386 320 1
320 431 1
431 320 1
320 499 -1
499 320 -1
321 381 1
381 321 1
321 385 -1
385 321 -1
321 428 -1
428 321 -1
322 357 1
357 322 1
322 366 1
366 322 1
322 368 -1
368 322 -1
322 381 -1
381 322 -1
322 390 1
390 322 1
322 411 -1
411 322 -1
322 427 1
427 322 1
322 465 1
465 322 1
322 472 1
472 322 1
323 336 1
336 323 1
323 353 -1
353 323 -1
323 357 1
357 323 1
323 368 1
368 323 1
323 411 1
411 323 1
323 421 -1
421 323 -1
323 429 1
429 323 1
323 439 1
439 323 1
323 465 1
465 323 1
324 359 1
359 324 1
324 406 1
406 324 1
324 413 1
413 324 1
324 419 -1
419 324 -1
324 423 1
423 324 1
324 433 -1
433 324 -1
324 454 1
454 324 1
324 482 -1
482 324 -1
325 330 1
330 325 1
325 344 1
344 325 1
325 358 1
358 325 1
325 389 1
389 325 1
325 398 1
398 325 1
325 412 1
412 325 1
325 417 1
417 325 1
325 441 1
441 325 1
325 444 -1
444 325 -1
325 459 1
459 325 1
325 462 1
462 325 1
325 481 -1
481 325 -1
326 364 1
364 326 1
327 329 1
329 327 1
327 397 1
397 327 1
327 402 1
402 327 1
327 456 -1
456 327 -1
327 466 1
466 327 1
327 471 -1
471 327 -1
327 474 -1
474 327 -1
327 498 1
498 327 1
328 332 1
332 328 1
328 367 1
367 328 1
328 412 -1
412 328 -1
328 425 1
425 328 1
328 492 1
492 328 1
329 386 -1
386 329 -1
329 397 1
397 329 1
329 425 -1
425 329 -1
329 466 -1
466 329 -1
330 389 1
389 330 1
330 420 -1
420 330 -1
330 459 1
459 330 1
330 495 -1
495 330 -1
330 497 -1
497 330 -1
331 337 1
337 331 1
331 431 1
431 331 1
331 490 1
490 331 1
332 378 1
378 332 1
332 383 1
383 332 1
332 425 1
425 332 1
332 456 -1
456 332 -1
333 334 -1
334 333 -1
333 339 -1
339 333 -1
333 340 -1
340 333 -1
333 351 -1
351 333 -1
333 358 -1
358 333 -1
333 379 1
379 333 1
333 384 1
384 333 1
333 385 -1
385 333 -1
333 398 1
398 333 1
333 419 -1
419 333 -1
333 432 -1
432 333 -1
333 442 1
442 333 1
333 449 1
449 333 1
333 450 -1
450 333 -1
333 458 1
458 333 1
333 460 1
460 333 1
333 469 1
469 333 1
333 470 1
470 333 1
333 477 1
477 333 1
333 481 1
481 333 1
333 484 1
484 333 1
333 488 -1
488 333 -1
333 489 1
489 333 1
333 491 1
491 333 1
334 452 1
452 334 1
335 350 -1
350 335 -1
335 360 -1
360 335 -1
335 411 1
411 335 1
335 439 1
439 335 1
336 411 1
411 336 1
336 466 1
466 336 1
337 347 -1
347 337 -1
337 377 1
377 337 1
337 431 1
431 337 1
337 482 1
482 337 1
338 431 1
431 338 1
338 482 1
482 338 1
339 348 1
348 339 1
339 381 1
381 339 1
339 409 -1
409 339 -1
340 344 -1
344 340 -1
340 345 1
345 340 1
340 350 -1
350 340 -1
340 377 -1
377 340 -1
340 379 1
379 340 1
340 384 1
384 340 1
340 398 1
398 340 1
340 418 -1
418 340 -1
340 439 -1
439 340 -1
340 442 -1
442 340 -1
340 449 1
449 340 1
340 460 1
460 340 1
340 465 -1
465 340 -1
340 469 1
469 340 1
340 470 1
470 340 1
340 477 1
477 340 1
340 481 1
481 340 1
340 484 1
484 340 1
340 488 1
488 340 1
340 489 1
489 340 1
340 491 -1
491 340 -1
340 496 1
496 340 1
341 350 -1
350 341 -1
341 411 -1
411 341 -1
341 415 -1
415 341 -1
341 438 -1
438 341 -1
341 439 1
439 341 1
341 486 -1
486 341 -1
342 363 1
363 342 1
342 394 1
394 342 1
342 453 1
453 342 1
343 394 1
394 343 1
343 473 1
473 343 1
343 474 1
474 343 1
343 476 1
476 343 1
343 485 1
485 343 1
344 350 -1
350 344 -1
344 356 -1
356 344 -1
344 358 1
358 344 1
344 386 -1
386 344 -1
344 389 1
389 344 1
344 391 1
391 344 1
344 412 -1
412 344 -1
344 426 1
426 344 1
344 435 1
435 344 1
344 459 1
459 344 1
344 462 1
462 344 1
344 489 1
489 344 1
345 349 -1
349 345 -1
345 356 -1
356 345 -1
345 380 -1
380 345 -1
345 393 1
393 345 1
345 406 1
406 345 1
345 407 -1
407 345 -1
345 413 1
413 345 1
345 422 1
422 345 1
345 423 -1
423 345 -1
345 444 1
444 345 1
346 381 -1
381 346 -1
346 451 1
451 346 1
346 487 1
487 346 1
347 451 1
451 347 1
347 480 1
480 347 1
347 486 1
486 347 1
347 487 1
487 347 1
347 494 1
494 347 1
348 374 1
374 348 1
348 415 1
415 348 1
348 416 1
416 348 1
348 437 1
437 348 1
348 463 1
463 348 1
348 485 -1
485 348 -1
349 353 1
353 349 1
349 414 1
414 349 1
349 457 1
457 349 1
349 475 1
475 349 1
350 386 1
386 350 1
350 431 1
431 350 1
350 440 -1
440 350 -1
350 482 1
482 350 1
350 490 1
490 350 1
350 495 1
495 350 1
351 370 1
370 351 1
351 375 1
375 351 1
351 387 1
387 351 1
351 441 1
441 351 1
351 461 1
461 351 1
351 464 1
464 351 1
352 451 1
451 352 1
352 486 1
486 352 1
352 487 -1
487 352 -1
353 404 1
404 353 1
353 405 1
405 353 1
353 414 -1
414 353 -1
353 468 1
468 353 1
353 475 1
475 353 1
354 359 1
359 354 1
354 369 1
369 354 1
354 393 -1
393 354 -1
354 411 -1
411 354 -1
354 419 1
419 354 1
354 454 1
454 354 1
355 431 -1
431 355 -1
355 456 -1
456 355 -1
355 474 1
474 355 1
355 485 1
485 355 1
355 497 1
497 355 1
356 359 1
359 356 1
356 365 -1
365 356 -1
356 369 -1
369 356 -1
356 400 1
400 356 1
356 419 1
419 356 1
356 422 1
422 356 1
356 443 1
443 356 1
356 450 1
450 356 1
357 373 1
373 357 1
357 382 1
382 357 1
357 387 -1
387 357 -1
357 390 1
390 357 1
357 400 1
400 357 1
357 411 -1
411 357 -1
357 421 1
421 357 1
357 427 1
427 357 1
357 430 1
430 357 1
357 439 1
439 357 1
357 465 1
465 357 1
357 482 -1
482 357 -1
358 371 1
371 358 1
358 375 -1
375 358 -1
358 389 1
389 358 1
358 426 1
426 358 1
358 462 -1
462 358 -1
358 485 -1
485 358 -1
359 400 1
400 359 1
359 406 1
406 359 1
359 413 1
413 359 1
359 416 -1
416 359 -1
359 422 1
422 359 1
359 423 1
423 359 1
359 454 1
454 359 1
359 461 -1
461 359 -1
359 467 1
467 359 1
359 474 1
474 359 1
360 382 1
382 360 1
360 390 1
390 360 1
360 411 1
411 360 1
360 420 -1
420 360 -1
360 421 1
421 360 1
360 429 1
429 360 1
360 438 1
438 360 1
360 439 1
439 360 1
360 465 1
465 360 1
360 472 -1
472 360 -1
361 398 -1
398 361 -1
361 480 1
480 361 1
361 486 1
486 361 1
361 493 1
493 361 1
362 373 -1
373 362 -1
362 486 1
486 362 1
362 494 -1
494 362 -1
363 394 1
394 363 1
363 418 -1
418 363 -1
363 421 -1
421 363 -1
363 447 1
447 363 1
363 474 1
474 363 1
363 485 1
485 363 1
363 497 -1
497 363 -1
364 376 1
376 364 1
364 381 1
381 364 1
364 385 -1
385 364 -1
365 390 -1
390 365 -1
365 474 1
474 365 1
365 485 1
485 365 1
365 497 1
497 365 1
366 390 -1
390 366 -1
366 407 -1
407 366 -1
366 411 -1
411 366 -1
366 422 -1
422 366 -1
366 472 1
472 366 1
367 378 1
378 367 1
367 403 1
403 367 1
367 422 -1
422 367 -1
369 384 -1
384 369 -1
369 400 1
400 369 1
369 423 1
423 369 1
370 441 1
441 370 1
371 394 1
394 371 1
371 437 -1
437 371 -1
371 447 -1
447 371 -1
371 458 -1
458 371 -1
371 485 1
485 371 1
372 470 -1
470 372 -1
372 474 1
474 372 1
372 485 1
485 372 1
373 392 1
392 373 1
373 421 1
421 373 1
374 416 -1
416 374 -1
374 424 -1
424 374 -1
374 463 -1
463 374 -1
374 468 -1
468 374 -1
376 385 -1
385 376 -1
376 494 -1
494 376 -1
377 482 1
482 377 1
377 495 1
495 377 1
378 403 1
403 378 1
378 449 -1
449 378 -1
379 398 -1
398 379 -1
379 481 1
481 379 1
379 488 1
488 379 1
379 496 1
496 379 1
380 410 1
410 380 1
380 418 1
418 380 1
380 420 1
420 380 1
380 434 1
434 380 1
381 385 1
385 381 1
381 409 1
409 381 1
381 446 1
446 381 1
381 499 1
499 381 1
382 392 1
392 382 1
382 411 1
411 382 1
382 439 1
439 382 1
383 403 1
403 383 1
383 413 -1
413 383 -1
383 419 -1
419 383 -1
384 394 -1
394 384 -1
384 398 1
398 384 1
384 414 1
414 384 1
384 449 -1
449 384 -1
384 460 1
460 384 1
384 469 1
469 384 1
384 470 1
470 384 1
384 481 1
481 384 1
384 484 1
484 384 1
384 488 1
488 384 1
384 489 1
489 384 1
384 490 -1
490 384 -1
384 491 1
491 384 1
385 409 1
409 385 1
385 423 -1
423 385 -1
385 430 -1
430 385 -1
385 446 1
446 385 1
385 499 1
499 385 1
386 431 1
431 386 1
386 468 -1
468 386 -1
386 491 -1
491 386 -1
386 495 1
495 386 1
387 412 -1
412 387 -1
387 414 -1
414 387 -1
387 441 1
441 387 1
387 461 1
461 387 1
387 464 1
464 387 1
388 408 1
408 388 1
388 414 1
414 388 1
388 457 1
457 388 1
388 475 1
475 388 1
389 412 1
412 389 1
390 411 1
411 390 1
390 439 -1
439 390 -1
391 426 -1
426 391 -1
392 403 -1
403 392 -1
392 411 1
411 392 1
393 400 -1
400 393 -1
393 422 -1
422 393 -1
393 450 -1
450 393 -1
393 487 -1
487 393 -1
394 396 -1
396 394 -1
394 414 -1
414 394 -1
394 431 -1
431 394 -1
394 447 1
447 394 1
394 465 -1
465 394 -1
394 473 1
473 394 1
394 474 1
474 394 1
394 483 1
483 394 1
394 484 -1
484 394 -1
394 485 1
485 394 1
394 497 1
497 394 1
395 499 1
499 395 1
396 401 1
401 396 1
396 419 1
419 396 1
396 448 1
448 396 1
396 450 1
450 396 1
396 467 -1
467 396 -1
396 474 -1
474 396 -1
396 478 1
478 396 1
396 499 -1
499 396 -1
397 402 1
402 397 1
397 466 1
466 397 1
397 471 1
471 397 1
397 498 1
498 397 1
398 441 -1
441 398 -1
398 442 1
442 398 1
398 449 -1
449 398 -1
398 460 1
460 398 1
398 477 1
477 398 1
398 481 1
481 398 1
398 484 1
484 398 1
398 485 -1
485 398 -1
398 488 1
488 398 1
398 496 1
496 398 1
399 411 1
411 399 1
399 421 1
421 399 1
399 439 1
439 399 1
399 451 -1
451 399 -1
400 422 1
422 400 1
400 450 1
450 400 1
400 493 -1
493 400 -1
401 423 1
423 401 1
402 466 1
466 402 1
403 425 1
425 403 1
403 449 -1
449 403 -1
403 456 1
456 403 1
404 405 1
405 404 1
404 414 1
414 404 1
404 424 1
424 404 1
405 457 1
457 405 1
405 475 -1
475 405 -1
406 413 -1
413 406 -1
406 439 -1
439 406 -1
406 456 -1
456 406 -1
406 484 -1
484 406 -1
407 431 1
431 407 1
407 449 -1
449 407 -1
408 414 1
414 408 1
408 431 -1
431 408 -1
408 457 1
457 408 1
408 460 1
460 408 1
409 422 -1
422 409 -1
410 418 1
418 410 1
410 452 1
452 410 1
411 421 -1
421 411 -1
411 427 1
427 411 1
411 430 1
430 411 1
411 439 1
439 411 1
411 441 -1
441 411 -1
411 451 -1
451 411 -1
411 463 -1
463 411 -1
411 465 1
465 411 1
411 470 -1
470 411 -1
411 472 1
472 411 1
411 485 1
485 411 1
412 462 1
462 412 1
412 481 -1
481 412 -1
413 422 1
422 413 1
413 454 1
454 413 1
413 478 1
478 413 1
414 424 1
424 414 1
414 454 -1
454 414 -1
414 457 1
457 414 1
414 468 1
468 414 1
414 475 1
475 414 1
415 416 1
416 415 1
415 428 1
428 415 1
415 435 -1
435 415 -1
415 436 1
436 415 1
415 437 1
437 415 1
415 439 1
439 415 1
415 445 1
445 415 1
415 463 1
463 415 1
415 479 1
479 415 1
415 496 -1
496 415 -1
416 428 1
428 416 1
416 436 1
436 416 1
416 437 1
437 416 1
416 442 -1
442 416 -1
416 445 1
445 416 1
416 463 1
463 416 1
416 469 -1
469 416 -1
416 479 -1
479 416 -1
417 462 1
462 417 1
418 434 1
434 418 1
419 423 1
423 419 1
419 443 1
443 419 1
419 444 1
444 419 1
419 448 1
448 419 1
419 460 -1
460 419 -1
420 452 1
452 420 1
422 423 1
423 422 1
422 444 1
444 422 1
422 448 1
448 422 1
422 454 1
454 422 1
422 461 -1
461 422 -1
422 467 -1
467 422 -1
422 481 -1
481 422 -1
422 487 -1
487 422 -1
423 444 1
444 423 1
423 461 1
461 423 1
423 497 -1
497 423 -1
424 433 1
433 424 1
424 457 1
457 424 1
424 468 1
468 424 1
424 475 1
475 424 1
425 456 1
456 425 1
426 462 1
462 426 1
428 445 1
445 428 1
428 490 -1
490 428 -1
431 455 1
455 431 1
431 462 1
462 431 1
431 463 -1
463 431 -1
431 482 -1
482 431 -1
431 490 -1
490 431 -1
431 495 1
495 431 1
432 473 1
473 432 1
432 474 1
474 432 1
433 457 1
457 433 1
434 439 -1
439 434 -1
434 454 -1
454 434 -1
435 498 -1
498 435 -1
436 448 -1
448 436 -1
438 439 1
439 438 1
438 475 -1
475 438 -1
439 465 -1
465 439 -1
439 472 1
472 439 1
440 454 -1
454 440 -1
440 455 1
455 440 1
440 482 1
482 440 1
440 495 1
495 440 1
441 461 1
461 441 1
441 464 1
464 441 1
442 449 1
449 442 1
442 481 1
481 442 1
442 491 1
491 442 1
443 473 -1
473 443 -1
444 450 -1
450 444 -1
444 493 -1
493 444 -1
445 450 1
450 445 1
445 471 -1
471 445 -1
446 491 -1
491 446 -1
447 473 1
473 447 1
447 483 1
483 447 1
447 485 -1
485 447 -1
447 493 -1
493 447 -1
449 481 1
481 449 1
449 484 1
484 449 1
449 485 -1
485 449 -1
449 486 -1
486 449 -1
449 488 1
488 449 1
449 489 1
489 449 1
449 491 1
491 449 1
449 496 1
496 449 1
450 481 -1
481 450 -1
451 453 -1
453 451 -1
451 480 1
480 451 1
451 486 1
486 451 1
451 487 1
487 451 1
453 485 1
485 453 1
454 467 1
467 454 1
455 482 1
482 455 1
457 468 1
468 457 1
458 481 1
481 458 1
459 482 1
482 459 1
460 469 1
469 460 1
460 470 -1
470 460 -1
460 477 1
477 460 1
460 481 1
481 460 1
460 484 -1
484 460 -1
460 485 -1
485 460 -1
460 491 1
491 460 1
461 464 -1
464 461 -1
462 480 -1
480 462 -1
463 479 1
479 463 1
465 472 1
472 465 1
466 471 1
471 466 1
466 489 -1
489 466 -1
468 475 -1
475 468 -1
468 480 -1
480 468 -1
469 481 1
481 469 1
472 486 -1
486 472 -1
473 474 1
474 473 1
473 485 1
485 473 1
473 494 -1
494 473 -1
473 495 -1
495 473 -1
474 483 1
483 474 1
474 485 1
485 474 1
476 477 1
477 476 1
476 485 1
485 476 1
477 481 1
481 477 1
477 491 1
491 477 1
480 486 1
486 480 1
480 487 1
487 480 1
480 493 1
493 480 1
481 484 -1
484 481 -1
481 488 1
488 481 1
481 491 1
491 481 1
481 496 1
496 481 1
482 483 -1
483 482 -1
482 490 -1
490 482 -1
483 497 1
497 483 1
484 488 -1
488 484 -1
484 491 1
491 484 1
485 497 1
497 485 1
486 487 1
487 486 1
486 493 1
493 486 1
486 494 1
494 486 1
487 494 1
494 487 1
488 489 1
489 488 1
488 491 1
491 488 1
488 496 1
496 488 1
490 495 1
495 490 1
491 496 -1
496 491 -1
