0 29 1
29 0 1
0 85 -1
85 0 -1
0 94 -1
94 0 -1
0 163 1
163 0 1
0 214 -1
214 0 -1
0 265 1
265 0 1
0 287 -1
287 0 -1
0 295 -1
295 0 -1
0 349 1
349 0 1
0 364 1
364 0 1
0 384 -1
384 0 -1
0 443 1
443 0 1
0 444 -1
444 0 -1
0 456 -1
456 0 -1
0 470 1
470 0 1
1 13 1
13 1 1
1 22 -1
22 1 -1
1 32 1
32 1 1
1 35 -1
35 1 -1
1 179 1
179 1 1
1 214 -1
214 1 -1
1 222 -1
222 1 -1
1 233 1
233 1 1
1 295 -1
295 1 -1
1 317 -1
317 1 -1
1 349 -1
349 1 -1
1 364 1
364 1 1
1 439 1
439 1 1
1 443 1
443 1 1
1 449 -1
449 1 -1
2 25 -1
25 2 -1
2 38 1
38 2 1
2 40 -1
40 2 -1
2 62 1
62 2 1
2 71 -1
71 2 -1
2 84 -1
84 2 -1
2 94 1
94 2 1
2 101 1
101 2 1
2 103 -1
103 2 -1
2 107 1
107 2 1
2 139 1
139 2 1
2 141 1
141 2 1
2 144 -1
144 2 -1
2 159 1
159 2 1
2 161 -1
161 2 -1
2 167 -1
167 2 -1
2 169 -1
169 2 -1
2 177 1
177 2 1
2 182 -1
182 2 -1
2 187 -1
187 2 -1
2 191 1
191 2 1
2 196 -1
196 2 -1
2 202 1
202 2 1
2 209 1
209 2 1
2 213 -1
213 2 -1
2 231 1
231 2 1
2 235 1
235 2 1
2 237 1
237 2 1
2 243 1
243 2 1
2 250 1
250 2 1
2 253 1
253 2 1
2 268 1
268 2 1
2 269 1
269 2 1
2 300 1
300 2 1
2 320 1
320 2 1
2 337 -1
337 2 -1
2 341 -1
341 2 -1
2 350 -1
350 2 -1
2 354 1
354 2 1
2 363 -1
363 2 -1
2 399 1
399 2 1
2 403 -1
403 2 -1
2 415 -1
415 2 -1
2 447 1
447 2 1
2 458 1
458 2 1
2 474 1
474 2 1
2 497 -1
497 2 -1
3 41 1
41 3 1
3 167 -1
167 3 -1
3 192 1
192 3 1
3 293 1
293 3 1
3 337 -1
337 3 -1
3 386 1
386 3 1
3 387 -1
387 3 -1
3 392 1
392 3 1
3 415 1
415 3 1
3 437 1
437 3 1
3 451 1
451 3 1
3 452 1
452 3 1
4 20 1
20 4 1
4 23 -1
23 4 -1
4 69 1
69 4 1
4 97 1
97 4 1
4 172 -1
172 4 -1
4 174 -1
174 4 -1
4 285 1
285 4 1
4 313 1
313 4 1
4 337 -1
337 4 -1
4 404 1
404 4 1
4 414 1
414 4 1
4 454 -1
454 4 -1
5 21 1
21 5 1
5 67 1
67 5 1
5 126 1
126 5 1
5 210 1
210 5 1
5 229 1
229 5 1
5 302 -1
302 5 -1
5 416 1
416 5 1
5 428 1
428 5 1
5 477 -1
477 5 -1
5 484 -1
484 5 -1
6 42 -1
42 6 -1
6 43 1
43 6 1
6 51 1
51 6 1
6 62 -1
62 6 -1
6 66 -1
66 6 -1
6 72 1
72 6 1
6 83 1
83 6 1
6 113 1
113 6 1
6 116 1
116 6 1
6 119 -1
119 6 -1
6 130 -1
130 6 -1
6 142 1
142 6 1
6 156 1
156 6 1
6 158 1
158 6 1
6 169 -1
169 6 -1
6 196 1
196 6 1
6 199 1
199 6 1
6 203 1
203 6 1
6 208 -1
208 6 -1
6 217 1
217 6 1
6 218 1
218 6 1
6 228 -1
228 6 -1
6 232 -1
232 6 -1
6 247 1
247 6 1
6 272 1
272 6 1
6 286 1
286 6 1
6 315 1
315 6 1
6 345 -1
345 6 -1
6 351 1
351 6 1
6 380 1
380 6 1
6 391 -1
391 6 -1
6 395 -1
395 6 -1
6 417 1
417 6 1
6 419 -1
419 6 -1
6 421 1
421 6 1
6 441 -1
441 6 -1
6 457 -1
457 6 -1
6 484 1
484 6 1
6 488 1
488 6 1
6 493 1
493 6 1
7 8 1
8 7 1
7 82 -1
82 7 -1
7 136 1
136 7 1
7 150 1
150 7 1
7 154 1
154 7 1
7 179 -1
179 7 -1
7 350 1
350 7 1
7 382 -1
382 7 -1
7 403 1
403 7 1
7 404 -1
404 7 -1
7 413 1
413 7 1
8 48 -1
48 8 -1
8 61 -1
61 8 -1
8 103 -1
103 8 -1
8 120 1
120 8 1
8 136 -1
136 8 -1
8 142 -1
142 8 -1
8 150 1
150 8 1
8 154 1
154 8 1
8 206 -1
206 8 -1
8 220 1
220 8 1
8 259 1
259 8 1
8 293 -1
293 8 -1
8 344 -1
344 8 -1
8 350 1
350 8 1
8 383 1
383 8 1
8 408 -1
408 8 -1
8 413 1
413 8 1
8 425 1
425 8 1
8 439 -1
439 8 -1
8 473 1
473 8 1
8 494 1
494 8 1
9 69 1
69 9 1
9 120 1
120 9 1
9 128 1
128 9 1
9 149 1
149 9 1
9 215 1
215 9 1
9 218 1
218 9 1
9 300 -1
300 9 -1
9 313 1
313 9 1
9 321 -1
321 9 -1
9 331 1
331 9 1
9 337 -1
337 9 -1
9 368 -1
368 9 -1
9 384 1
384 9 1
9 404 1
404 9 1
10 13 -1
13 10 -1
10 15 1
15 10 1
10 22 1
22 10 1
10 31 1
31 10 1
10 50 1
50 10 1
10 53 -1
53 10 -1
10 88 1
88 10 1
10 117 1
117 10 1
10 145 1
145 10 1
10 184 1
184 10 1
10 192 -1
192 10 -1
10 195 -1
195 10 -1
10 263 1
263 10 1
10 284 -1
284 10 -1
10 292 1
292 10 1
10 328 -1
328 10 -1
10 377 1
377 10 1
10 386 -1
386 10 -1
10 391 1
391 10 1
10 420 -1
420 10 -1
10 429 1
429 10 1
10 442 -1
442 10 -1
10 451 -1
451 10 -1
11 41 -1
41 11 -1
11 79 1
79 11 1
11 84 -1
84 11 -1
11 144 1
144 11 1
11 172 -1
172 11 -1
11 191 1
191 11 1
11 195 -1
195 11 -1
11 282 1
282 11 1
11 446 1
446 11 1
11 498 1
498 11 1
12 27 1
27 12 1
12 28 1
28 12 1
12 39 1
39 12 1
12 49 -1
49 12 -1
12 74 -1
74 12 -1
12 129 -1
129 12 -1
12 228 1
228 12 1
12 260 1
260 12 1
12 328 1
328 12 1
12 418 1
418 12 1
12 462 -1
462 12 -1
13 32 1
32 13 1
13 44 1
44 13 1
13 115 -1
115 13 -1
13 136 1
136 13 1
13 163 1
163 13 1
13 179 1
179 13 1
13 200 -1
200 13 -1
13 202 -1
202 13 -1
13 214 1
214 13 1
13 230 1
230 13 1
13 233 1
233 13 1
13 234 -1
234 13 -1
13 246 1
246 13 1
13 265 1
265 13 1
13 291 -1
291 13 -1
13 295 1
295 13 1
13 297 1
297 13 1
13 329 1
329 13 1
13 349 1
349 13 1
13 364 1
364 13 1
13 429 -1
429 13 -1
13 432 1
432 13 1
13 437 -1
437 13 -1
13 443 1
443 13 1
13 475 -1
475 13 -1
14 36 -1
36 14 -1
14 37 1
37 14 1
14 82 1
82 14 1
14 130 -1
130 14 -1
14 133 1
133 14 1
14 137 -1
137 14 -1
14 191 -1
191 14 -1
14 333 1
333 14 1
14 356 -1
356 14 -1
14 382 1
382 14 1
14 393 1
393 14 1
14 485 1
485 14 1
14 489 1
489 14 1
14 493 -1
493 14 -1
15 23 1
23 15 1
15 30 -1
30 15 -1
15 31 1
31 15 1
15 55 -1
55 15 -1
15 88 1
88 15 1
15 90 1
90 15 1
15 96 1
96 15 1
15 117 -1
117 15 -1
15 127 -1
127 15 -1
15 138 -1
138 15 -1
15 192 1
192 15 1
15 193 1
193 15 1
15 222 1
222 15 1
15 234 1
234 15 1
15 237 -1
237 15 -1
15 243 -1
243 15 -1
15 255 1
255 15 1
15 262 1
262 15 1
15 263 1
263 15 1
15 269 -1
269 15 -1
15 272 1
272 15 1
15 277 -1
277 15 -1
15 284 1
284 15 1
15 290 -1
290 15 -1
15 292 1
292 15 1
15 360 -1
360 15 -1
15 361 -1
361 15 -1
15 377 1
377 15 1
15 378 1
378 15 1
15 380 1
380 15 1
15 391 1
391 15 1
15 399 -1
399 15 -1
15 412 1
412 15 1
15 459 -1
459 15 -1
15 486 -1
486 15 -1
15 491 -1
491 15 -1
16 31 -1
31 16 -1
16 69 -1
69 16 -1
16 86 1
86 16 1
16 88 -1
88 16 -1
16 110 -1
110 16 -1
16 120 1
120 16 1
16 128 1
128 16 1
16 146 1
146 16 1
16 149 1
149 16 1
16 215 1
215 16 1
16 230 -1
230 16 -1
16 234 1
234 16 1
16 260 -1
260 16 -1
16 276 -1
276 16 -1
16 335 1
335 16 1
16 337 1
337 16 1
16 362 1
362 16 1
16 372 1
372 16 1
16 384 -1
384 16 -1
16 390 -1
390 16 -1
16 414 1
414 16 1
16 445 1
445 16 1
16 460 -1
460 16 -1
17 161 1
161 17 1
17 162 1
162 17 1
17 278 1
278 17 1
17 326 1
326 17 1
17 334 1
334 17 1
17 397 1
397 17 1
17 401 -1
401 17 -1
17 424 -1
424 17 -1
17 428 -1
428 17 -1
17 435 1
435 17 1
18 136 1
136 18 1
18 174 1
174 18 1
18 218 -1
218 18 -1
18 221 1
221 18 1
18 317 -1
317 18 -1
18 344 1
344 18 1
18 350 1
350 18 1
18 374 -1
374 18 -1
18 407 -1
407 18 -1
18 413 1
413 18 1
18 439 1
439 18 1
18 461 -1
461 18 -1
19 30 1
30 19 1
19 103 1
103 19 1
19 152 1
152 19 1
19 160 1
160 19 1
19 296 -1
296 19 -1
19 303 1
303 19 1
19 375 -1
375 19 -1
19 390 -1
390 19 -1
19 395 1
395 19 1
19 401 1
401 19 1
19 420 1
420 19 1
19 426 1
426 19 1
19 485 -1
485 19 -1
20 40 1
40 20 1
20 48 1
48 20 1
20 101 1
101 20 1
20 123 -1
123 20 -1
20 160 -1
160 20 -1
20 195 1
195 20 1
20 212 1
212 20 1
20 230 -1
230 20 -1
20 278 1
278 20 1
20 303 -1
303 20 -1
20 316 1
316 20 1
20 317 1
317 20 1
20 322 1
322 20 1
20 323 1
323 20 1
20 345 1
345 20 1
20 373 1
373 20 1
20 403 1
403 20 1
20 405 1
405 20 1
20 407 1
407 20 1
20 409 1
409 20 1
20 427 -1
427 20 -1
20 460 1
460 20 1
20 469 1
469 20 1
20 490 1
490 20 1
21 164 -1
164 21 -1
21 180 -1
180 21 -1
21 188 1
188 21 1
21 219 -1
219 21 -1
21 238 -1
238 21 -1
21 241 1
241 21 1
21 252 1
252 21 1
21 294 1
294 21 1
21 323 -1
323 21 -1
21 448 -1
448 21 -1
22 84 -1
84 22 -1
22 156 -1
156 22 -1
22 184 -1
184 22 -1
22 216 1
216 22 1
22 234 1
234 22 1
22 255 1
255 22 1
22 280 -1
280 22 -1
22 292 1
292 22 1
22 303 -1
303 22 -1
22 360 1
360 22 1
22 377 -1
377 22 -1
22 397 -1
397 22 -1
22 486 1
486 22 1
23 31 1
31 23 1
23 51 -1
51 23 -1
23 193 1
193 23 1
23 220 1
220 23 1
23 234 1
234 23 1
23 284 1
284 23 1
23 345 -1
345 23 -1
23 360 1
360 23 1
23 377 1
377 23 1
23 412 1
412 23 1
23 460 -1
460 23 -1
24 30 -1
30 24 -1
24 70 1
70 24 1
24 73 -1
73 24 -1
24 102 1
102 24 1
24 109 1
109 24 1
24 112 -1
112 24 -1
24 121 1
121 24 1
24 129 1
129 24 1
24 165 -1
165 24 -1
24 166 1
166 24 1
24 229 -1
229 24 -1
24 239 1
239 24 1
24 240 1
240 24 1
24 251 -1
251 24 -1
24 264 1
264 24 1
24 273 -1
273 24 -1
24 279 -1
279 24 -1
24 289 -1
289 24 -1
24 302 1
302 24 1
24 332 -1
332 24 -1
24 379 -1
379 24 -1
24 427 -1
427 24 -1
24 433 1
433 24 1
24 444 1
444 24 1
24 459 1
459 24 1
25 36 -1
36 25 -1
25 42 1
42 25 1
25 61 1
61 25 1
25 93 1
93 25 1
25 98 -1
98 25 -1
25 226 1
226 25 1
25 227 1
227 25 1
25 332 -1
332 25 -1
25 359 1
359 25 1
25 371 1
371 25 1
25 377 -1
377 25 -1
25 396 -1
396 25 -1
25 403 -1
403 25 -1
25 441 -1
441 25 -1
25 450 1
450 25 1
25 466 1
466 25 1
25 477 1
477 25 1
25 478 1
478 25 1
25 480 -1
480 25 -1
26 76 1
76 26 1
26 79 1
79 26 1
26 122 -1
122 26 -1
26 144 1
144 26 1
26 209 1
209 26 1
26 427 -1
427 26 -1
26 446 1
446 26 1
26 450 -1
450 26 -1
26 462 1
462 26 1
26 498 1
498 26 1
27 29 -1
29 27 -1
27 33 1
33 27 1
27 39 1
39 27 1
27 66 1
66 27 1
27 114 -1
114 27 -1
27 132 1
132 27 1
27 134 1
134 27 1
27 138 1
138 27 1
27 153 1
153 27 1
27 173 -1
173 27 -1
27 175 1
175 27 1
27 177 1
177 27 1
27 221 -1
221 27 -1
27 228 1
228 27 1
27 277 1
277 27 1
27 282 1
282 27 1
27 291 1
291 27 1
27 313 -1
313 27 -1
27 328 1
328 27 1
27 395 -1
395 27 -1
27 418 1
418 27 1
27 435 1
435 27 1
27 442 -1
442 27 -1
27 462 -1
462 27 -1
27 482 1
482 27 1
28 29 -1
29 28 -1
28 33 1
33 28 1
28 39 1
39 28 1
28 126 1
126 28 1
28 132 1
132 28 1
28 153 -1
153 28 -1
28 176 1
176 28 1
28 228 1
228 28 1
28 232 -1
232 28 -1
28 239 -1
239 28 -1
28 253 -1
253 28 -1
28 260 1
260 28 1
28 277 1
277 28 1
28 282 1
282 28 1
28 288 1
288 28 1
28 291 -1
291 28 -1
28 292 -1
292 28 -1
28 299 -1
299 28 -1
28 319 1
319 28 1
28 328 1
328 28 1
28 418 1
418 28 1
28 442 -1
442 28 -1
28 467 -1
467 28 -1
29 32 1
32 29 1
29 44 1
44 29 1
29 75 -1
75 29 -1
29 87 -1
87 29 -1
29 179 1
179 29 1
29 196 -1
196 29 -1
29 207 -1
207 29 -1
29 214 1
214 29 1
29 233 1
233 29 1
29 246 1
246 29 1
29 250 -1
250 29 -1
29 287 1
287 29 1
29 295 1
295 29 1
29 319 -1
319 29 -1
29 349 1
349 29 1
29 438 1
438 29 1
29 443 1
443 29 1
30 37 -1
37 30 -1
30 40 -1
40 30 -1
30 79 -1
79 30 -1
30 103 1
103 30 1
30 108 1
108 30 1
30 160 1
160 30 1
30 190 1
190 30 1
30 303 1
303 30 1
30 311 1
311 30 1
30 395 1
395 30 1
30 401 1
401 30 1
30 403 -1
403 30 -1
30 420 1
420 30 1
30 426 1
426 30 1
30 457 1
457 30 1
30 465 1
465 30 1
30 491 -1
491 30 -1
31 33 -1
33 31 -1
31 67 1
67 31 1
31 88 1
88 31 1
31 90 1
90 31 1
31 99 1
99 31 1
31 133 -1
133 31 -1
31 145 -1
145 31 -1
31 154 1
154 31 1
31 184 1
184 31 1
31 192 -1
192 31 -1
31 199 1
199 31 1
31 220 1
220 31 1
31 222 1
222 31 1
31 234 -1
234 31 -1
31 244 1
244 31 1
31 255 1
255 31 1
31 262 -1
262 31 -1
31 272 1
272 31 1
31 284 1
284 31 1
31 290 1
290 31 1
31 292 1
292 31 1
31 332 1
332 31 1
31 340 -1
340 31 -1
31 360 1
360 31 1
31 363 1
363 31 1
31 377 1
377 31 1
31 378 1
378 31 1
31 379 -1
379 31 -1
31 388 -1
388 31 -1
31 393 -1
393 31 -1
31 401 -1
401 31 -1
31 412 1
412 31 1
31 429 1
429 31 1
31 442 -1
442 31 -1
31 444 -1
444 31 -1
31 456 -1
456 31 -1
31 459 -1
459 31 -1
31 461 -1
461 31 -1
31 478 -1
478 31 -1
31 486 -1
486 31 -1
32 107 -1
107 32 -1
32 133 -1
133 32 -1
32 183 -1
183 32 -1
32 230 -1
230 32 -1
32 246 -1
246 32 -1
32 247 -1
247 32 -1
32 248 -1
248 32 -1
32 287 1
287 32 1
32 295 1
295 32 1
32 349 -1
349 32 -1
32 360 1
360 32 1
32 364 1
364 32 1
32 443 1
443 32 1
32 449 1
449 32 1
32 464 -1
464 32 -1
33 132 1
132 33 1
33 153 1
153 33 1
33 223 -1
223 33 -1
33 228 1
228 33 1
33 277 1
277 33 1
33 306 -1
306 33 -1
33 328 1
328 33 1
33 366 -1
366 33 -1
34 79 1
79 34 1
34 144 1
144 34 1
34 165 -1
165 34 -1
34 260 1
260 34 1
34 310 1
310 34 1
34 314 -1
314 34 -1
34 363 1
363 34 1
34 432 1
432 34 1
34 446 1
446 34 1
34 462 1
462 34 1
34 498 -1
498 34 -1
35 70 1
70 35 1
35 103 1
103 35 1
35 109 1
109 35 1
35 111 1
111 35 1
35 121 1
121 35 1
35 124 1
124 35 1
35 164 -1
164 35 -1
35 166 -1
166 35 -1
35 169 -1
169 35 -1
35 201 1
201 35 1
35 215 1
215 35 1
35 223 1
223 35 1
35 234 -1
234 35 -1
35 240 -1
240 35 -1
35 257 1
257 35 1
35 264 1
264 35 1
35 296 -1
296 35 -1
35 312 -1
312 35 -1
35 336 1
336 35 1
35 349 -1
349 35 -1
35 371 -1
371 35 -1
35 379 1
379 35 1
35 381 1
381 35 1
35 388 -1
388 35 -1
35 426 -1
426 35 -1
35 427 -1
427 35 -1
35 432 -1
432 35 -1
35 433 1
433 35 1
35 444 1
444 35 1
35 459 1
459 35 1
35 460 -1
460 35 -1
35 497 1
497 35 1
36 49 -1
49 36 -1
36 69 -1
69 36 -1
36 82 1
82 36 1
36 125 1
125 36 1
36 152 -1
152 36 -1
36 184 -1
184 36 -1
36 198 1
198 36 1
36 202 -1
202 36 -1
36 204 -1
204 36 -1
36 254 1
254 36 1
36 273 -1
273 36 -1
36 280 -1
280 36 -1
36 297 -1
297 36 -1
36 333 1
333 36 1
36 382 1
382 36 1
36 400 1
400 36 1
36 437 1
437 36 1
36 466 -1
466 36 -1
36 475 1
475 36 1
36 485 1
485 36 1
36 487 1
487 36 1
36 489 1
489 36 1
37 49 1
49 37 1
37 115 1
115 37 1
37 125 1
125 37 1
37 131 -1
131 37 -1
37 133 1
133 37 1
37 135 -1
135 37 -1
37 165 -1
165 37 -1
37 204 1
204 37 1
37 227 -1
227 37 -1
37 272 -1
272 37 -1
37 273 1
273 37 1
37 284 -1
284 37 -1
37 333 1
333 37 1
37 382 1
382 37 1
37 436 -1
436 37 -1
37 437 -1
437 37 -1
37 475 1
475 37 1
37 485 1
485 37 1
37 489 1
489 37 1
38 101 1
101 38 1
38 177 1
177 38 1
38 202 1
202 38 1
38 235 1
235 38 1
38 253 -1
253 38 -1
38 269 1
269 38 1
38 300 1
300 38 1
38 320 -1
320 38 -1
38 411 -1
411 38 -1
38 446 -1
446 38 -1
38 491 -1
491 38 -1
38 498 -1
498 38 -1
39 45 -1
45 39 -1
39 66 1
66 39 1
39 79 -1
79 39 -1
39 91 -1
91 39 -1
39 123 -1
123 39 -1
39 132 1
132 39 1
39 134 1
134 39 1
39 137 -1
137 39 -1
39 138 1
138 39 1
39 151 -1
151 39 -1
39 153 1
153 39 1
39 166 -1
166 39 -1
39 176 -1
176 39 -1
39 195 -1
195 39 -1
39 221 1
221 39 1
39 228 1
228 39 1
39 234 -1
234 39 -1
39 259 -1
259 39 -1
39 260 1
260 39 1
39 277 1
277 39 1
39 282 1
282 39 1
39 328 1
328 39 1
39 347 1
347 39 1
39 377 -1
377 39 -1
39 396 1
396 39 1
39 398 1
398 39 1
39 418 1
418 39 1
39 419 -1
419 39 -1
39 442 1
442 39 1
39 449 1
449 39 1
39 482 1
482 39 1
40 46 1
46 40 1
40 57 1
57 40 1
40 78 1
78 40 1
40 123 1
123 40 1
40 150 -1
150 40 -1
40 152 1
152 40 1
40 153 -1
153 40 -1
40 170 1
170 40 1
40 173 1
173 40 1
40 195 1
195 40 1
40 197 -1
197 40 -1
40 212 1
212 40 1
40 230 -1
230 40 -1
40 316 1
316 40 1
40 317 1
317 40 1
40 322 1
322 40 1
40 327 1
327 40 1
40 328 -1
328 40 -1
40 334 -1
334 40 -1
40 336 -1
336 40 -1
40 337 -1
337 40 -1
40 338 1
338 40 1
40 341 1
341 40 1
40 345 1
345 40 1
40 373 1
373 40 1
40 405 1
405 40 1
40 407 1
407 40 1
40 408 -1
408 40 -1
40 409 1
409 40 1
40 424 1
424 40 1
40 431 -1
431 40 -1
40 434 1
434 40 1
40 471 1
471 40 1
40 479 1
479 40 1
40 485 -1
485 40 -1
40 490 1
490 40 1
41 64 -1
64 41 -1
41 68 1
68 41 1
41 119 1
119 41 1
41 187 -1
187 41 -1
41 195 -1
195 41 -1
41 205 1
205 41 1
41 207 1
207 41 1
41 231 -1
231 41 -1
41 236 -1
236 41 -1
41 240 -1
240 41 -1
41 256 1
256 41 1
41 291 1
291 41 1
41 293 1
293 41 1
41 304 1
304 41 1
41 305 1
305 41 1
41 318 -1
318 41 -1
41 324 1
324 41 1
41 339 1
339 41 1
41 384 -1
384 41 -1
41 386 1
386 41 1
41 387 1
387 41 1
41 392 1
392 41 1
41 415 1
415 41 1
41 423 1
423 41 1
41 429 -1
429 41 -1
41 430 1
430 41 1
41 448 1
448 41 1
41 451 1
451 41 1
41 452 1
452 41 1
41 458 -1
458 41 -1
41 463 -1
463 41 -1
42 67 1
67 42 1
42 79 -1
79 42 -1
42 85 1
85 42 1
42 104 1
104 42 1
42 188 1
188 42 1
42 219 1
219 42 1
42 252 1
252 42 1
42 414 -1
414 42 -1
42 416 1
416 42 1
42 431 1
431 42 1
43 72 1
72 43 1
43 95 1
95 43 1
43 117 -1
117 43 -1
43 122 -1
122 43 -1
43 126 -1
126 43 -1
43 130 1
130 43 1
43 142 1
142 43 1
43 156 1
156 43 1
43 196 1
196 43 1
43 208 1
208 43 1
43 218 1
218 43 1
43 301 1
301 43 1
43 305 -1
305 43 -1
43 327 -1
327 43 -1
43 329 -1
329 43 -1
43 380 1
380 43 1
43 393 1
393 43 1
43 406 -1
406 43 -1
43 417 1
417 43 1
43 421 1
421 43 1
43 470 -1
470 43 -1
43 484 -1
484 43 -1
43 493 1
493 43 1
44 69 -1
69 44 -1
44 134 -1
134 44 -1
44 157 1
157 44 1
44 214 1
214 44 1
44 276 -1
276 44 -1
44 295 1
295 44 1
44 335 -1
335 44 -1
44 349 1
349 44 1
44 443 1
443 44 1
45 77 -1
77 45 -1
45 79 1
79 45 1
45 191 1
191 45 1
45 258 1
258 45 1
45 395 -1
395 45 -1
45 446 1
446 45 1
45 462 -1
462 45 -1
45 491 1
491 45 1
45 498 1
498 45 1
46 64 1
64 46 1
46 71 -1
71 46 -1
46 123 -1
123 46 -1
46 173 1
173 46 1
46 208 -1
208 46 -1
46 317 1
317 46 1
46 322 1
322 46 1
46 338 1
338 46 1
46 350 -1
350 46 -1
46 405 1
405 46 1
46 465 1
465 46 1
47 146 -1
146 47 -1
47 161 1
161 47 1
47 162 1
162 47 1
47 190 1
190 47 1
47 326 1
326 47 1
47 334 1
334 47 1
47 336 -1
336 47 -1
47 348 -1
348 47 -1
47 397 1
397 47 1
47 418 -1
418 47 -1
47 422 1
422 47 1
47 435 1
435 47 1
48 69 -1
69 48 -1
48 100 -1
100 48 -1
48 152 1
152 48 1
48 249 1
249 48 1
48 317 -1
317 48 -1
48 338 1
338 48 1
48 345 1
345 48 1
48 377 -1
377 48 -1
48 405 1
405 48 1
48 444 -1
444 48 -1
49 178 1
178 49 1
49 282 -1
282 49 -1
49 319 -1
319 49 -1
49 393 1
393 49 1
49 437 1
437 49 1
49 446 -1
446 49 -1
49 489 1
489 49 1
50 145 -1
145 50 -1
50 187 -1
187 50 -1
50 234 1
234 50 1
50 272 1
272 50 1
50 284 1
284 50 1
50 285 -1
285 50 -1
50 363 1
363 50 1
50 429 1
429 50 1
50 447 1
447 50 1
50 451 1
451 50 1
51 67 -1
67 51 -1
51 72 1
72 51 1
51 83 1
83 51 1
51 98 -1
98 51 -1
51 113 1
113 51 1
51 130 1
130 51 1
51 142 -1
142 51 -1
51 143 -1
143 51 -1
51 156 1
156 51 1
51 169 1
169 51 1
51 199 -1
199 51 -1
51 208 1
208 51 1
51 247 -1
247 51 -1
51 289 -1
289 51 -1
51 309 -1
309 51 -1
51 315 1
315 51 1
51 319 -1
319 51 -1
51 346 1
346 51 1
51 351 1
351 51 1
51 357 1
357 51 1
51 380 1
380 51 1
51 405 -1
405 51 -1
51 417 1
417 51 1
51 421 1
421 51 1
51 442 -1
442 51 -1
51 455 1
455 51 1
51 467 -1
467 51 -1
51 468 1
468 51 1
51 484 1
484 51 1
51 488 1
488 51 1
52 63 1
63 52 1
52 110 -1
110 52 -1
52 230 1
230 52 1
52 233 -1
233 52 -1
52 256 1
256 52 1
52 270 1
270 52 1
52 349 1
349 52 1
52 364 1
364 52 1
52 432 -1
432 52 -1
52 443 -1
443 52 -1
52 449 1
449 52 1
53 62 1
62 53 1
53 71 -1
71 53 -1
53 83 -1
83 53 -1
53 101 1
101 53 1
53 104 -1
104 53 -1
53 107 1
107 53 1
53 111 -1
111 53 -1
53 124 -1
124 53 -1
53 136 -1
136 53 -1
53 141 -1
141 53 -1
53 142 1
142 53 1
53 159 1
159 53 1
53 187 1
187 53 1
53 202 1
202 53 1
53 209 1
209 53 1
53 213 1
213 53 1
53 224 1
224 53 1
53 231 1
231 53 1
53 243 1
243 53 1
53 245 1
245 53 1
53 253 1
253 53 1
53 257 -1
257 53 -1
53 267 1
267 53 1
53 268 1
268 53 1
53 269 1
269 53 1
53 295 -1
295 53 -1
53 300 1
300 53 1
53 317 -1
317 53 -1
53 320 1
320 53 1
53 323 -1
323 53 -1
53 336 -1
336 53 -1
53 354 1
354 53 1
53 358 -1
358 53 -1
53 399 1
399 53 1
53 400 -1
400 53 -1
53 447 -1
447 53 -1
53 458 -1
458 53 -1
53 469 -1
469 53 -1
53 474 1
474 53 1
53 497 -1
497 53 -1
53 499 1
499 53 1
54 83 1
83 54 1
54 89 1
89 54 1
54 156 1
156 54 1
54 166 -1
166 54 -1
54 170 1
170 54 1
54 190 -1
190 54 -1
54 197 1
197 54 1
54 218 1
218 54 1
54 286 1
286 54 1
54 319 -1
319 54 -1
54 337 -1
337 54 -1
54 421 1
421 54 1
55 59 1
59 55 1
55 110 1
110 55 1
55 120 -1
120 55 -1
55 128 -1
128 55 -1
55 142 -1
142 55 -1
55 172 1
172 55 1
55 208 -1
208 55 -1
55 313 1
313 55 1
55 330 1
330 55 1
55 337 1
337 55 1
55 344 -1
344 55 -1
55 361 1
361 55 1
55 362 -1
362 55 -1
55 404 1
404 55 1
55 484 -1
484 55 -1
56 66 -1
66 56 -1
56 103 1
103 56 1
56 160 1
160 56 1
56 200 -1
200 56 -1
56 284 -1
284 56 -1
56 303 1
303 56 1
56 422 -1
422 56 -1
56 426 -1
426 56 -1
56 456 1
456 56 1
56 474 -1
474 56 -1
57 78 -1
78 57 -1
57 152 1
152 57 1
57 170 1
170 57 1
57 213 -1
213 57 -1
57 268 -1
268 57 -1
57 317 1
317 57 1
57 345 1
345 57 1
57 408 -1
408 57 -1
57 434 1
434 57 1
58 67 1
67 58 1
58 85 1
85 58 1
58 126 1
126 58 1
58 142 -1
142 58 -1
58 147 1
147 58 1
58 232 1
232 58 1
58 350 1
350 58 1
58 365 -1
365 58 -1
58 391 -1
391 58 -1
58 431 1
431 58 1
58 469 1
469 58 1
59 117 -1
117 59 -1
59 128 1
128 59 1
59 193 1
193 59 1
59 261 1
261 59 1
59 285 1
285 59 1
59 295 -1
295 59 -1
59 337 -1
337 59 -1
59 361 1
361 59 1
59 372 1
372 59 1
59 384 1
384 59 1
59 404 -1
404 59 -1
59 414 1
414 59 1
60 67 1
67 60 1
60 112 1
112 60 1
60 126 1
126 60 1
60 161 -1
161 60 -1
60 180 1
180 60 1
60 219 -1
219 60 -1
60 313 -1
313 60 -1
60 344 -1
344 60 -1
60 416 1
416 60 1
60 428 -1
428 60 -1
60 487 -1
487 60 -1
61 85 -1
85 61 -1
61 93 1
93 61 1
61 98 1
98 61 1
61 227 -1
227 61 -1
61 257 -1
257 61 -1
61 331 -1
331 61 -1
61 354 -1
354 61 -1
61 371 1
371 61 1
61 450 1
450 61 1
61 478 1
478 61 1
61 480 -1
480 61 -1
62 101 1
101 62 1
62 159 1
159 62 1
62 168 -1
168 62 -1
62 199 -1
199 62 -1
62 202 -1
202 62 -1
62 206 -1
206 62 -1
62 209 1
209 62 1
62 213 1
213 62 1
62 218 -1
218 62 -1
62 231 1
231 62 1
62 240 -1
240 62 -1
62 253 1
253 62 1
62 269 1
269 62 1
62 287 -1
287 62 -1
62 313 -1
313 62 -1
62 320 1
320 62 1
62 354 1
354 62 1
62 399 1
399 62 1
62 403 -1
403 62 -1
62 497 1
497 62 1
63 81 1
81 63 1
63 93 1
93 63 1
63 98 1
98 63 1
63 118 -1
118 63 -1
63 122 -1
122 63 -1
63 227 1
227 63 1
63 233 -1
233 63 -1
63 236 -1
236 63 -1
63 306 1
306 63 1
63 356 1
356 63 1
63 371 1
371 63 1
63 372 -1
372 63 -1
63 385 1
385 63 1
63 431 -1
431 63 -1
63 441 1
441 63 1
63 450 1
450 63 1
63 477 1
477 63 1
63 480 1
480 63 1
64 68 1
68 64 1
64 119 1
119 64 1
64 144 -1
144 64 -1
64 207 1
207 64 1
64 249 -1
249 64 -1
64 257 -1
257 64 -1
64 305 1
305 64 1
64 386 1
386 64 1
65 132 1
132 65 1
65 136 1
136 65 1
65 140 -1
140 65 -1
65 150 1
150 65 1
65 152 -1
152 65 -1
65 159 1
159 65 1
65 174 1
174 65 1
65 206 1
206 65 1
65 253 -1
253 65 -1
65 259 -1
259 65 -1
65 285 -1
285 65 -1
65 344 1
344 65 1
65 350 1
350 65 1
65 352 1
352 65 1
65 403 -1
403 65 -1
65 408 -1
408 65 -1
65 413 1
413 65 1
65 494 1
494 65 1
65 495 1
495 65 1
66 91 1
91 66 1
66 98 1
98 66 1
66 138 1
138 66 1
66 214 -1
214 66 -1
66 215 -1
215 66 -1
66 228 1
228 66 1
66 235 -1
235 66 -1
66 277 -1
277 66 -1
66 282 1
282 66 1
66 291 1
291 66 1
66 328 1
328 66 1
66 396 1
396 66 1
66 398 1
398 66 1
66 406 1
406 66 1
66 418 1
418 66 1
66 429 -1
429 66 -1
66 442 1
442 66 1
66 443 -1
443 66 -1
66 482 1
482 66 1
67 71 1
71 67 1
67 79 -1
79 67 -1
67 85 1
85 67 1
67 104 1
104 67 1
67 105 1
105 67 1
67 126 1
126 67 1
67 146 -1
146 67 -1
67 147 1
147 67 1
67 176 -1
176 67 -1
67 177 1
177 67 1
67 180 -1
180 67 -1
67 181 -1
181 67 -1
67 185 1
185 67 1
67 205 -1
205 67 -1
67 210 1
210 67 1
67 219 1
219 67 1
67 232 -1
232 67 -1
67 238 -1
238 67 -1
67 241 1
241 67 1
67 242 -1
242 67 -1
67 268 1
268 67 1
67 271 1
271 67 1
67 294 1
294 67 1
67 295 -1
295 67 -1
67 305 -1
305 67 -1
67 308 1
308 67 1
67 312 1
312 67 1
67 315 1
315 67 1
67 325 1
325 67 1
67 346 -1
346 67 -1
67 369 1
369 67 1
67 376 1
376 67 1
67 401 1
401 67 1
67 416 1
416 67 1
67 431 1
431 67 1
67 437 -1
437 67 -1
67 441 1
441 67 1
67 469 1
469 67 1
67 497 -1
497 67 -1
68 98 1
98 68 1
68 108 -1
108 68 -1
68 119 1
119 68 1
68 154 -1
154 68 -1
68 259 -1
259 68 -1
68 293 1
293 68 1
68 318 1
318 68 1
68 321 -1
321 68 -1
68 339 1
339 68 1
68 363 -1
363 68 -1
68 386 1
386 68 1
68 387 1
387 68 1
68 392 1
392 68 1
68 415 1
415 68 1
68 423 1
423 68 1
68 451 -1
451 68 -1
69 73 1
73 69 1
69 86 -1
86 69 -1
69 92 1
92 69 1
69 110 1
110 69 1
69 120 1
120 69 1
69 128 1
128 69 1
69 149 1
149 69 1
69 160 1
160 69 1
69 172 -1
172 69 -1
69 179 -1
179 69 -1
69 198 1
198 69 1
69 209 1
209 69 1
69 215 1
215 69 1
69 222 -1
222 69 -1
69 236 1
236 69 1
69 261 1
261 69 1
69 276 1
276 69 1
69 285 1
285 69 1
69 295 -1
295 69 -1
69 313 1
313 69 1
69 330 1
330 69 1
69 331 1
331 69 1
69 334 -1
334 69 -1
69 337 1
337 69 1
69 361 1
361 69 1
69 362 1
362 69 1
69 372 1
372 69 1
69 383 -1
383 69 -1
69 384 1
384 69 1
69 404 1
404 69 1
69 427 -1
427 69 -1
69 439 -1
439 69 -1
69 440 -1
440 69 -1
69 445 1
445 69 1
69 458 -1
458 69 -1
70 97 -1
97 70 -1
70 111 1
111 70 1
70 121 1
121 70 1
70 129 1
129 70 1
70 136 -1
136 70 -1
70 140 1
140 70 1
70 149 -1
149 70 -1
70 165 1
165 70 1
70 166 -1
166 70 -1
70 171 1
171 70 1
70 179 -1
179 70 -1
70 189 1
189 70 1
70 193 -1
193 70 -1
70 205 -1
205 70 -1
70 232 1
232 70 1
70 240 1
240 70 1
70 257 1
257 70 1
70 264 1
264 70 1
70 275 1
275 70 1
70 283 -1
283 70 -1
70 291 -1
291 70 -1
70 296 -1
296 70 -1
70 342 1
342 70 1
70 358 -1
358 70 -1
70 379 1
379 70 1
70 381 -1
381 70 -1
70 386 1
386 70 1
70 405 -1
405 70 -1
70 433 1
433 70 1
70 444 1
444 70 1
70 459 1
459 70 1
70 472 1
472 70 1
71 85 1
85 71 1
71 104 -1
104 71 -1
71 147 1
147 71 1
71 167 -1
167 71 -1
71 185 1
185 71 1
71 228 -1
228 71 -1
71 242 1
242 71 1
71 271 1
271 71 1
71 409 1
409 71 1
71 416 -1
416 71 -1
71 431 1
431 71 1
72 83 1
83 72 1
72 130 1
130 72 1
72 156 1
156 72 1
72 159 -1
159 72 -1
72 203 -1
203 72 -1
72 234 -1
234 72 -1
72 247 1
247 72 1
72 264 1
264 72 1
72 377 -1
377 72 -1
72 398 1
398 72 1
72 468 1
468 72 1
72 484 1
484 72 1
72 489 -1
489 72 -1
73 97 1
97 73 1
73 110 1
110 73 1
73 149 1
149 73 1
73 205 1
205 73 1
73 215 1
215 73 1
73 236 1
236 73 1
73 237 -1
237 73 -1
73 254 1
254 73 1
73 261 1
261 73 1
73 285 -1
285 73 -1
73 307 1
307 73 1
73 313 1
313 73 1
73 337 -1
337 73 -1
73 362 1
362 73 1
73 377 -1
377 73 -1
73 384 1
384 73 1
73 392 -1
392 73 -1
73 404 1
404 73 1
73 445 -1
445 73 -1
73 479 -1
479 73 -1
73 484 -1
484 73 -1
74 80 1
80 74 1
74 103 1
103 74 1
74 106 1
106 74 1
74 160 1
160 74 1
74 172 -1
172 74 -1
74 179 -1
179 74 -1
74 218 -1
218 74 -1
74 303 1
303 74 1
74 312 -1
312 74 -1
74 321 1
321 74 1
74 420 1
420 74 1
74 454 1
454 74 1
75 163 1
163 75 1
75 179 1
179 75 1
75 230 1
230 75 1
75 259 1
259 75 1
75 273 -1
273 75 -1
75 364 1
364 75 1
75 443 1
443 75 1
75 470 1
470 75 1
75 484 -1
484 75 -1
76 79 -1
79 76 -1
76 100 1
100 76 1
76 234 -1
234 76 -1
76 314 1
314 76 1
76 318 -1
318 76 -1
76 361 -1
361 76 -1
76 446 1
446 76 1
76 467 -1
467 76 -1
76 471 1
471 76 1
76 491 1
491 76 1
76 492 -1
492 76 -1
76 498 1
498 76 1
77 90 -1
90 77 -1
77 161 1
161 77 1
77 278 1
278 77 1
77 289 -1
289 77 -1
77 304 1
304 77 1
77 309 1
309 77 1
77 326 1
326 77 1
77 334 1
334 77 1
77 422 -1
422 77 -1
77 435 1
435 77 1
77 476 1
476 77 1
77 493 -1
493 77 -1
78 123 1
123 78 1
78 195 1
195 78 1
78 238 -1
238 78 -1
78 317 1
317 78 1
78 322 1
322 78 1
78 353 1
353 78 1
78 434 1
434 78 1
78 453 -1
453 78 -1
78 466 -1
466 78 -1
79 84 -1
84 79 -1
79 89 -1
89 79 -1
79 100 1
100 79 1
79 112 -1
112 79 -1
79 114 1
114 79 1
79 118 1
118 79 1
79 144 1
144 79 1
79 155 1
155 79 1
79 183 1
183 79 1
79 186 -1
186 79 -1
79 188 -1
188 79 -1
79 191 1
191 79 1
79 194 1
194 79 1
79 215 -1
215 79 -1
79 217 -1
217 79 -1
79 258 1
258 79 1
79 283 1
283 79 1
79 299 -1
299 79 -1
79 314 1
314 79 1
79 317 -1
317 79 -1
79 356 -1
356 79 -1
79 368 -1
368 79 -1
79 426 -1
426 79 -1
79 446 1
446 79 1
79 462 1
462 79 1
79 463 1
463 79 1
79 471 1
471 79 1
79 491 1
491 79 1
79 498 -1
498 79 -1
80 103 1
103 80 1
80 120 -1
120 80 -1
80 160 1
160 80 1
80 190 1
190 80 1
80 200 1
200 80 1
80 212 1
212 80 1
80 265 -1
265 80 -1
80 303 1
303 80 1
80 311 1
311 80 1
80 321 1
321 80 1
80 333 -1
333 80 -1
80 413 -1
413 80 -1
81 93 -1
93 81 -1
81 98 1
98 81 1
81 126 -1
126 81 -1
81 371 1
371 81 1
81 435 -1
435 81 -1
81 441 1
441 81 1
81 444 -1
444 81 -1
81 478 -1
478 81 -1
81 480 1
480 81 1
82 178 1
178 82 1
82 193 1
193 82 1
82 231 -1
231 82 -1
82 254 1
254 82 1
82 274 1
274 82 1
82 393 1
393 82 1
82 437 1
437 82 1
82 489 1
489 82 1
83 129 -1
129 83 -1
83 142 1
142 83 1
83 156 1
156 83 1
83 208 1
208 83 1
83 211 1
211 83 1
83 218 1
218 83 1
83 247 1
247 83 1
83 265 -1
265 83 -1
83 284 -1
284 83 -1
83 286 1
286 83 1
83 301 -1
301 83 -1
83 315 1
315 83 1
83 340 1
340 83 1
83 389 -1
389 83 -1
83 395 1
395 83 1
83 452 -1
452 83 -1
83 481 1
481 83 1
83 484 -1
484 83 -1
83 493 1
493 83 1
84 114 -1
114 84 -1
84 118 1
118 84 1
84 119 -1
119 84 -1
84 144 1
144 84 1
84 154 -1
154 84 -1
84 183 -1
183 84 -1
84 290 -1
290 84 -1
84 299 1
299 84 1
84 303 -1
303 84 -1
84 314 1
314 84 1
84 446 1
446 84 1
84 471 1
471 84 1
84 498 -1
498 84 -1
85 113 -1
113 85 -1
85 126 1
126 85 1
85 142 -1
142 85 -1
85 147 1
147 85 1
85 163 -1
163 85 -1
85 242 1
242 85 1
85 279 -1
279 85 -1
85 294 1
294 85 1
85 308 1
308 85 1
85 369 1
369 85 1
85 376 1
376 85 1
85 428 1
428 85 1
85 431 1
431 85 1
85 461 -1
461 85 -1
85 469 1
469 85 1
86 148 -1
148 86 -1
86 215 1
215 86 1
86 313 1
313 86 1
86 384 1
384 86 1
86 404 1
404 86 1
86 475 -1
475 86 -1
86 482 -1
482 86 -1
86 485 -1
485 86 -1
87 123 1
123 87 1
87 152 1
152 87 1
87 186 1
186 87 1
87 195 1
195 87 1
87 254 -1
254 87 -1
87 274 1
274 87 1
87 303 -1
303 87 -1
87 317 1
317 87 1
87 322 1
322 87 1
87 338 1
338 87 1
87 345 1
345 87 1
87 376 -1
376 87 -1
87 394 1
394 87 1
87 404 -1
404 87 -1
87 405 1
405 87 1
87 407 -1
407 87 -1
87 409 -1
409 87 -1
87 442 -1
442 87 -1
87 498 -1
498 87 -1
88 90 1
90 88 1
88 98 -1
98 88 -1
88 99 1
99 88 1
88 117 1
117 88 1
88 130 -1
130 88 -1
88 145 1
145 88 1
88 152 1
152 88 1
88 155 1
155 88 1
88 166 -1
166 88 -1
88 184 -1
184 88 -1
88 192 1
192 88 1
88 193 1
193 88 1
88 199 1
199 88 1
88 208 -1
208 88 -1
88 216 1
216 88 1
88 220 1
220 88 1
88 234 1
234 88 1
88 255 1
255 88 1
88 263 1
263 88 1
88 272 1
272 88 1
88 284 1
284 88 1
88 290 1
290 88 1
88 291 -1
291 88 -1
88 292 1
292 88 1
88 303 -1
303 88 -1
88 349 -1
349 88 -1
88 360 1
360 88 1
88 363 -1
363 88 -1
88 377 1
377 88 1
88 393 -1
393 88 -1
88 412 1
412 88 1
88 429 1
429 88 1
88 449 -1
449 88 -1
88 453 -1
453 88 -1
88 486 -1
486 88 -1
88 497 -1
497 88 -1
89 115 -1
115 89 -1
89 116 1
116 89 1
89 126 -1
126 89 -1
89 132 -1
132 89 -1
89 156 1
156 89 1
89 158 1
158 89 1
89 169 -1
169 89 -1
89 197 1
197 89 1
89 203 1
203 89 1
89 208 -1
208 89 -1
89 228 -1
228 89 -1
89 239 -1
239 89 -1
89 247 1
247 89 1
89 286 1
286 89 1
89 294 -1
294 89 -1
89 315 1
315 89 1
89 322 -1
322 89 -1
89 340 1
340 89 1
89 346 1
346 89 1
89 435 -1
435 89 -1
89 484 1
484 89 1
89 493 1
493 89 1
90 111 -1
111 90 -1
90 145 1
145 90 1
90 147 -1
147 90 -1
90 222 1
222 90 1
90 234 1
234 90 1
90 272 -1
272 90 -1
90 296 -1
296 90 -1
90 350 -1
350 90 -1
90 486 1
486 90 1
91 176 1
176 91 1
91 228 1
228 91 1
91 258 1
258 91 1
91 291 1
291 91 1
91 328 1
328 91 1
91 350 -1
350 91 -1
91 395 -1
395 91 -1
91 442 1
442 91 1
92 96 -1
96 92 -1
92 120 1
120 92 1
92 128 1
128 92 1
92 215 1
215 92 1
92 337 1
337 92 1
92 352 -1
352 92 -1
92 362 1
362 92 1
92 372 -1
372 92 -1
92 413 1
413 92 1
93 98 1
98 93 1
93 103 -1
103 93 -1
93 122 1
122 93 1
93 156 -1
156 93 -1
93 173 1
173 93 1
93 227 1
227 93 1
93 240 -1
240 93 -1
93 244 -1
244 93 -1
93 306 1
306 93 1
93 356 1
356 93 1
93 359 1
359 93 1
93 385 -1
385 93 -1
93 404 1
404 93 1
93 412 -1
412 93 -1
93 429 -1
429 93 -1
93 450 1
450 93 1
93 477 1
477 93 1
93 478 1
478 93 1
93 480 1
480 93 1
94 187 1
187 94 1
94 202 -1
202 94 -1
94 209 1
209 94 1
94 300 1
300 94 1
94 354 -1
354 94 -1
94 362 -1
362 94 -1
94 405 -1
405 94 -1
94 497 1
497 94 1
95 142 1
142 95 1
95 194 -1
194 95 -1
95 208 1
208 95 1
95 218 1
218 95 1
95 224 -1
224 95 -1
95 308 -1
308 95 -1
95 340 1
340 95 1
95 478 -1
478 95 -1
95 484 1
484 95 1
95 493 1
493 95 1
96 117 1
117 96 1
96 158 1
158 96 1
96 170 -1
170 96 -1
96 193 1
193 96 1
96 234 1
234 96 1
96 262 1
262 96 1
96 265 -1
265 96 -1
96 272 1
272 96 1
96 284 1
284 96 1
96 292 1
292 96 1
96 305 -1
305 96 -1
96 363 1
363 96 1
96 378 1
378 96 1
97 120 1
120 97 1
97 215 1
215 97 1
97 232 -1
232 97 -1
97 261 1
261 97 1
97 285 1
285 97 1
97 290 -1
290 97 -1
97 303 -1
303 97 -1
97 313 1
313 97 1
97 337 1
337 97 1
97 384 1
384 97 1
97 404 1
404 97 1
97 422 -1
422 97 -1
97 429 -1
429 97 -1
97 445 1
445 97 1
98 122 1
122 98 1
98 176 -1
176 98 -1
98 226 -1
226 98 -1
98 227 1
227 98 1
98 244 1
244 98 1
98 283 -1
283 98 -1
98 306 1
306 98 1
98 371 1
371 98 1
98 385 1
385 98 1
98 405 1
405 98 1
98 441 1
441 98 1
98 450 1
450 98 1
98 470 1
470 98 1
98 478 1
478 98 1
98 480 1
480 98 1
99 117 1
117 99 1
99 139 -1
139 99 -1
99 199 1
199 99 1
99 234 1
234 99 1
99 284 1
284 99 1
99 292 1
292 99 1
99 340 -1
340 99 -1
99 363 1
363 99 1
99 377 -1
377 99 -1
99 380 -1
380 99 -1
99 495 -1
495 99 -1
100 114 1
114 100 1
100 128 -1
128 100 -1
100 144 1
144 100 1
100 155 1
155 100 1
100 157 -1
157 100 -1
100 191 1
191 100 1
100 254 -1
254 100 -1
100 258 1
258 100 1
100 283 1
283 100 1
100 446 1
446 100 1
100 484 -1
484 100 -1
100 498 1
498 100 1
101 107 -1
107 101 -1
101 116 -1
116 101 -1
101 125 -1
125 101 -1
101 141 1
141 101 1
101 144 -1
144 101 -1
101 159 1
159 101 1
101 177 1
177 101 1
101 202 1
202 101 1
101 209 1
209 101 1
101 231 1
231 101 1
101 237 1
237 101 1
101 243 1
243 101 1
101 253 1
253 101 1
101 259 -1
259 101 -1
101 269 1
269 101 1
101 289 1
289 101 1
101 300 1
300 101 1
101 320 1
320 101 1
101 326 -1
326 101 -1
101 328 -1
328 101 -1
101 329 1
329 101 1
101 353 -1
353 101 -1
101 354 -1
354 101 -1
101 358 1
358 101 1
101 389 -1
389 101 -1
101 399 -1
399 101 -1
101 404 -1
404 101 -1
101 458 1
458 101 1
101 474 1
474 101 1
101 490 -1
490 101 -1
101 499 1
499 101 1
102 126 1
126 102 1
102 152 1
152 102 1
102 170 1
170 102 1
102 186 1
186 102 1
102 195 1
195 102 1
102 214 -1
214 102 -1
102 235 -1
235 102 -1
102 316 1
316 102 1
102 317 -1
317 102 -1
102 322 1
322 102 1
102 341 1
341 102 1
102 345 1
345 102 1
102 379 -1
379 102 -1
102 405 1
405 102 1
102 409 1
409 102 1
102 417 -1
417 102 -1
102 424 1
424 102 1
102 492 1
492 102 1
103 106 1
106 103 1
103 108 1
108 103 1
103 160 1
160 103 1
103 175 1
175 103 1
103 181 -1
181 103 -1
103 190 1
190 103 1
103 200 1
200 103 1
103 211 -1
211 103 -1
103 237 -1
237 103 -1
103 248 -1
248 103 -1
103 278 -1
278 103 -1
103 294 -1
294 103 -1
103 303 1
303 103 1
103 311 1
311 103 1
103 321 -1
321 103 -1
103 365 1
365 103 1
103 375 1
375 103 1
103 395 1
395 103 1
103 401 1
401 103 1
103 404 -1
404 103 -1
103 407 -1
407 103 -1
103 420 1
420 103 1
103 426 1
426 103 1
103 443 -1
443 103 -1
103 454 -1
454 103 -1
103 456 -1
456 103 -1
103 457 1
457 103 1
103 465 -1
465 103 -1
103 467 1
467 103 1
103 478 -1
478 103 -1
103 481 1
481 103 1
104 112 -1
112 104 -1
104 126 1
126 104 1
104 128 -1
128 104 -1
104 147 -1
147 104 -1
104 210 1
210 104 1
104 215 -1
215 104 -1
104 234 1
234 104 1
104 240 -1
240 104 -1
104 252 1
252 104 1
104 294 1
294 104 1
104 369 -1
369 104 -1
104 431 1
431 104 1
104 438 1
438 104 1
104 469 1
469 104 1
105 110 -1
110 105 -1
105 126 1
126 105 1
105 140 -1
140 105 -1
105 147 1
147 105 1
105 181 1
181 105 1
105 185 1
185 105 1
105 202 -1
202 105 -1
105 256 -1
256 105 -1
105 294 1
294 105 1
105 312 1
312 105 1
105 493 -1
493 105 -1
106 160 1
160 106 1
106 171 -1
171 106 -1
106 252 -1
252 106 -1
106 253 -1
253 106 -1
106 303 1
303 106 1
106 395 -1
395 106 -1
106 426 1
426 106 1
106 495 1
495 106 1
107 126 -1
126 107 -1
107 141 1
141 107 1
107 160 -1
160 107 -1
107 169 -1
169 107 -1
107 187 1
187 107 1
107 202 1
202 107 1
107 245 1
245 107 1
107 253 -1
253 107 -1
107 296 1
296 107 1
107 399 -1
399 107 -1
107 458 1
458 107 1
107 477 1
477 107 1
108 160 1
160 108 1
108 303 1
303 108 1
108 338 1
338 108 1
108 395 1
395 108 1
108 426 -1
426 108 -1
108 465 1
465 108 1
108 468 -1
468 108 -1
109 129 1
129 109 1
109 146 1
146 109 1
109 152 -1
152 109 -1
109 187 -1
187 109 -1
109 239 -1
239 109 -1
109 240 1
240 109 1
109 257 1
257 109 1
109 289 1
289 109 1
109 317 -1
317 109 -1
109 381 1
381 109 1
109 439 -1
439 109 -1
109 459 1
459 109 1
110 128 1
128 110 1
110 149 -1
149 110 -1
110 198 1
198 110 1
110 215 1
215 110 1
110 286 -1
286 110 -1
110 293 -1
293 110 -1
110 313 1
313 110 1
110 330 1
330 110 1
110 337 1
337 110 1
110 345 1
345 110 1
110 438 1
438 110 1
111 129 -1
129 111 -1
111 137 -1
137 111 -1
111 140 1
140 111 1
111 161 -1
161 111 -1
111 165 1
165 111 1
111 166 1
166 111 1
111 189 1
189 111 1
111 219 -1
219 111 -1
111 233 -1
233 111 -1
111 239 1
239 111 1
111 240 1
240 111 1
111 261 -1
261 111 -1
111 336 -1
336 111 -1
111 379 -1
379 111 -1
111 419 1
419 111 1
111 422 -1
422 111 -1
111 431 -1
431 111 -1
111 433 1
433 111 1
111 437 -1
437 111 -1
111 442 -1
442 111 -1
111 444 1
444 111 1
111 457 -1
457 111 -1
111 459 1
459 111 1
112 126 1
126 112 1
112 145 -1
145 112 -1
112 147 1
147 112 1
112 188 1
188 112 1
112 195 -1
195 112 -1
112 210 1
210 112 1
112 219 1
219 112 1
112 232 1
232 112 1
112 241 1
241 112 1
112 290 -1
290 112 -1
112 294 1
294 112 1
112 308 1
308 112 1
112 317 -1
317 112 -1
112 331 -1
331 112 -1
112 428 1
428 112 1
112 431 1
431 112 1
112 469 1
469 112 1
113 115 -1
115 113 -1
113 130 1
130 113 1
113 142 1
142 113 1
113 197 1
197 113 1
113 203 1
203 113 1
113 218 1
218 113 1
113 247 1
247 113 1
113 255 -1
255 113 -1
113 339 1
339 113 1
113 357 1
357 113 1
113 373 -1
373 113 -1
113 380 1
380 113 1
114 118 1
118 114 1
114 144 1
144 114 1
114 155 1
155 114 1
114 183 1
183 114 1
114 231 -1
231 114 -1
114 244 -1
244 114 -1
114 258 1
258 114 1
114 382 1
382 114 1
114 399 -1
399 114 -1
114 431 -1
431 114 -1
114 446 1
446 114 1
114 463 1
463 114 1
114 468 -1
468 114 -1
114 471 -1
471 114 -1
114 498 1
498 114 1
115 131 -1
131 115 -1
115 133 -1
133 115 -1
115 204 1
204 115 1
115 263 -1
263 115 -1
115 273 1
273 115 1
115 354 -1
354 115 -1
115 382 1
382 115 1
115 393 -1
393 115 -1
115 409 -1
409 115 -1
115 485 1
485 115 1
115 489 1
489 115 1
116 128 -1
128 116 -1
116 130 1
130 116 1
116 142 1
142 116 1
116 156 1
156 116 1
116 158 1
158 116 1
116 197 -1
197 116 -1
116 208 -1
208 116 -1
116 218 -1
218 116 -1
116 247 1
247 116 1
116 315 1
315 116 1
116 334 -1
334 116 -1
116 353 -1
353 116 -1
116 446 -1
446 116 -1
116 456 -1
456 116 -1
116 477 -1
477 116 -1
116 493 -1
493 116 -1
117 193 -1
193 117 -1
117 234 1
234 117 1
117 272 -1
272 117 -1
117 274 -1
274 117 -1
117 290 1
290 117 1
117 377 1
377 117 1
117 440 -1
440 117 -1
117 471 1
471 117 1
117 486 1
486 117 1
118 144 1
144 118 1
118 234 -1
234 118 -1
118 264 -1
264 118 -1
118 310 1
310 118 1
118 354 1
354 118 1
118 446 1
446 118 1
118 498 -1
498 118 -1
119 146 -1
146 119 -1
119 152 -1
152 119 -1
119 205 1
205 119 1
119 208 -1
208 119 -1
119 240 -1
240 119 -1
119 256 1
256 119 1
119 293 1
293 119 1
119 303 -1
303 119 -1
119 304 -1
304 119 -1
119 318 1
318 119 1
119 339 1
339 119 1
119 387 -1
387 119 -1
119 392 1
392 119 1
119 451 1
451 119 1
120 128 1
128 120 1
120 192 -1
192 120 -1
120 198 1
198 120 1
120 215 1
215 120 1
120 260 -1
260 120 -1
120 261 1
261 120 1
120 276 1
276 120 1
120 286 -1
286 120 -1
120 313 1
313 120 1
120 335 1
335 120 1
120 337 1
337 120 1
120 384 -1
384 120 -1
120 423 -1
423 120 -1
120 445 -1
445 120 -1
120 450 -1
450 120 -1
120 484 1
484 120 1
121 129 1
129 121 1
121 137 1
137 121 1
121 165 1
165 121 1
121 166 1
166 121 1
121 187 -1
187 121 -1
121 247 -1
247 121 -1
121 289 1
289 121 1
121 328 -1
328 121 -1
121 385 -1
385 121 -1
121 432 -1
432 121 -1
121 433 -1
433 121 -1
121 444 1
444 121 1
121 459 1
459 121 1
121 480 -1
480 121 -1
122 227 1
227 122 1
122 354 -1
354 122 -1
122 371 1
371 122 1
122 385 1
385 122 1
122 387 1
387 122 1
122 400 1
400 122 1
122 466 1
466 122 1
122 478 1
478 122 1
122 480 1
480 122 1
123 136 -1
136 123 -1
123 150 -1
150 123 -1
123 152 1
152 123 1
123 170 1
170 123 1
123 176 -1
176 123 -1
123 195 1
195 123 1
123 225 -1
225 123 -1
123 238 -1
238 123 -1
123 258 -1
258 123 -1
123 316 1
316 123 1
123 323 1
323 123 1
123 338 1
338 123 1
123 341 1
341 123 1
123 345 1
345 123 1
123 360 -1
360 123 -1
123 402 1
402 123 1
123 405 1
405 123 1
123 429 -1
429 123 -1
123 434 1
434 123 1
123 460 1
460 123 1
123 485 1
485 123 1
124 129 1
129 124 1
124 142 -1
142 124 -1
124 165 1
165 124 1
124 428 -1
428 124 -1
124 433 1
433 124 1
124 444 1
444 124 1
124 458 -1
458 124 -1
124 472 1
472 124 1
125 133 1
133 125 1
125 180 1
180 125 1
125 204 1
204 125 1
125 208 -1
208 125 -1
125 273 1
273 125 1
125 379 1
379 125 1
125 382 1
382 125 1
125 437 1
437 125 1
125 475 -1
475 125 -1
125 489 1
489 125 1
126 143 1
143 126 1
126 146 1
146 126 1
126 147 1
147 126 1
126 181 1
181 126 1
126 188 1
188 126 1
126 210 1
210 126 1
126 215 1
215 126 1
126 229 1
229 126 1
126 232 1
232 126 1
126 238 -1
238 126 -1
126 241 -1
241 126 -1
126 252 -1
252 126 -1
126 294 1
294 126 1
126 301 1
301 126 1
126 308 1
308 126 1
126 312 1
312 126 1
126 350 -1
350 126 -1
126 369 1
369 126 1
126 370 -1
370 126 -1
126 371 -1
371 126 -1
126 399 -1
399 126 -1
126 415 -1
415 126 -1
126 428 1
428 126 1
126 431 1
431 126 1
127 136 1
136 127 1
127 150 1
150 127 1
127 258 -1
258 127 -1
127 259 1
259 127 1
127 309 -1
309 127 -1
127 350 1
350 127 1
127 370 1
370 127 1
127 383 1
383 127 1
127 495 1
495 127 1
128 149 1
149 128 1
128 172 1
172 128 1
128 198 1
198 128 1
128 215 1
215 128 1
128 234 1
234 128 1
128 261 1
261 128 1
128 271 1
271 128 1
128 276 1
276 128 1
128 281 -1
281 128 -1
128 285 1
285 128 1
128 303 -1
303 128 -1
128 313 1
313 128 1
128 330 1
330 128 1
128 331 1
331 128 1
128 337 1
337 128 1
128 361 1
361 128 1
128 362 1
362 128 1
128 372 1
372 128 1
128 388 -1
388 128 -1
128 393 -1
393 128 -1
128 414 1
414 128 1
128 444 -1
444 128 -1
128 482 -1
482 128 -1
128 499 -1
499 128 -1
129 140 1
140 129 1
129 165 1
165 129 1
129 166 1
166 129 1
129 171 -1
171 129 -1
129 203 -1
203 129 -1
129 210 -1
210 129 -1
129 215 -1
215 129 -1
129 218 -1
218 129 -1
129 239 1
239 129 1
129 241 -1
241 129 -1
129 257 1
257 129 1
129 289 1
289 129 1
129 302 1
302 129 1
129 336 1
336 129 1
129 342 1
342 129 1
129 355 -1
355 129 -1
129 388 1
388 129 1
129 419 1
419 129 1
129 421 -1
421 129 -1
129 426 -1
426 129 -1
129 427 1
427 129 1
129 443 -1
443 129 -1
129 444 1
444 129 1
129 459 1
459 129 1
129 499 -1
499 129 -1
130 151 -1
151 130 -1
130 208 -1
208 130 -1
130 217 1
217 130 1
130 218 1
218 130 1
130 247 -1
247 130 -1
130 320 -1
320 130 -1
130 357 1
357 130 1
130 399 -1
399 130 -1
130 411 1
411 130 1
130 484 1
484 130 1
130 498 -1
498 130 -1
131 204 1
204 131 1
131 273 1
273 131 1
131 333 -1
333 131 -1
131 374 -1
374 131 -1
131 480 -1
480 131 -1
131 483 1
483 131 1
131 489 1
489 131 1
131 490 -1
490 131 -1
132 166 -1
166 132 -1
132 176 1
176 132 1
132 224 -1
224 132 -1
132 228 1
228 132 1
132 229 -1
229 132 -1
132 231 -1
231 132 -1
132 288 1
288 132 1
132 319 -1
319 132 -1
132 328 1
328 132 1
132 396 1
396 132 1
132 418 1
418 132 1
132 442 1
442 132 1
132 453 1
453 132 1
133 165 -1
165 133 -1
133 204 -1
204 133 -1
133 254 1
254 133 1
133 273 1
273 133 1
133 294 -1
294 133 -1
133 382 1
382 133 1
133 400 1
400 133 1
133 453 -1
453 133 -1
133 485 -1
485 133 -1
133 489 1
489 133 1
134 138 -1
138 134 -1
134 153 1
153 134 1
134 176 1
176 134 1
134 228 1
228 134 1
134 295 -1
295 134 -1
134 310 -1
310 134 -1
134 328 1
328 134 1
135 151 -1
151 135 -1
135 152 1
152 135 1
135 170 1
170 135 1
135 194 -1
194 135 -1
135 195 1
195 135 1
135 322 1
322 135 1
135 327 1
327 135 1
135 365 1
365 135 1
135 405 1
405 135 1
136 150 1
150 136 1
136 154 1
154 136 1
136 174 -1
174 136 -1
136 206 1
206 136 1
136 234 -1
234 136 -1
136 246 -1
246 136 -1
136 257 -1
257 136 -1
136 258 -1
258 136 -1
136 259 1
259 136 1
136 270 1
270 136 1
136 271 -1
271 136 -1
136 285 -1
285 136 -1
136 311 -1
311 136 -1
136 324 -1
324 136 -1
136 344 1
344 136 1
136 350 1
350 136 1
136 352 1
352 136 1
136 365 -1
365 136 -1
136 366 1
366 136 1
136 370 1
370 136 1
136 374 -1
374 136 -1
136 383 1
383 136 1
136 403 1
403 136 1
136 411 1
411 136 1
136 413 1
413 136 1
136 425 1
425 136 1
136 439 1
439 136 1
136 440 -1
440 136 -1
136 461 1
461 136 1
136 463 1
463 136 1
136 473 1
473 136 1
136 492 -1
492 136 -1
136 494 1
494 136 1
136 495 1
495 136 1
137 165 1
165 137 1
137 166 1
166 137 1
137 232 1
232 137 1
137 240 1
240 137 1
137 379 1
379 137 1
137 475 -1
475 137 -1
138 176 1
176 138 1
138 228 1
228 138 1
138 260 1
260 138 1
138 266 -1
266 138 -1
138 328 1
328 138 1
138 372 -1
372 138 -1
138 396 1
396 138 1
138 409 1
409 138 1
138 442 1
442 138 1
138 498 -1
498 138 -1
139 177 1
177 139 1
139 181 -1
181 139 -1
139 202 -1
202 139 -1
139 209 -1
209 139 -1
139 213 1
213 139 1
139 231 1
231 139 1
139 237 -1
237 139 -1
139 300 1
300 139 1
139 314 1
314 139 1
139 354 1
354 139 1
139 468 -1
468 139 -1
140 257 -1
257 140 -1
140 289 1
289 140 1
140 378 1
378 140 1
140 444 -1
444 140 -1
140 458 -1
458 140 -1
141 159 1
159 141 1
141 177 -1
177 141 -1
141 181 -1
181 141 -1
141 209 1
209 141 1
141 231 1
231 141 1
141 278 -1
278 141 -1
141 320 -1
320 141 -1
141 387 -1
387 141 -1
141 399 1
399 141 1
141 434 -1
434 141 -1
141 458 1
458 141 1
141 459 -1
459 141 -1
141 492 -1
492 141 -1
142 156 1
156 142 1
142 168 1
168 142 1
142 203 1
203 142 1
142 208 1
208 142 1
142 211 1
211 142 1
142 217 -1
217 142 -1
142 218 1
218 142 1
142 247 1
247 142 1
142 252 -1
252 142 -1
142 301 -1
301 142 -1
142 315 1
315 142 1
142 372 -1
372 142 -1
142 380 -1
380 142 -1
142 404 -1
404 142 -1
142 409 -1
409 142 -1
142 421 1
421 142 1
142 431 -1
431 142 -1
142 445 -1
445 142 -1
142 455 1
455 142 1
142 467 1
467 142 1
142 484 1
484 142 1
142 493 1
493 142 1
143 146 1
146 143 1
143 229 1
229 143 1
143 252 -1
252 143 -1
143 300 -1
300 143 -1
143 308 1
308 143 1
143 364 -1
364 143 -1
143 386 -1
386 143 -1
143 469 1
469 143 1
144 155 1
155 144 1
144 183 1
183 144 1
144 191 1
191 144 1
144 194 1
194 144 1
144 209 1
209 144 1
144 215 -1
215 144 -1
144 218 -1
218 144 -1
144 258 1
258 144 1
144 262 -1
262 144 -1
144 267 -1
267 144 -1
144 283 1
283 144 1
144 299 1
299 144 1
144 310 1
310 144 1
144 321 -1
321 144 -1
144 375 -1
375 144 -1
144 405 1
405 144 1
144 446 1
446 144 1
144 462 1
462 144 1
144 463 1
463 144 1
144 491 1
491 144 1
144 496 -1
496 144 -1
144 498 1
498 144 1
145 160 -1
160 145 -1
145 216 1
216 145 1
145 223 -1
223 145 -1
145 234 1
234 145 1
145 244 -1
244 145 -1
145 276 -1
276 145 -1
145 284 1
284 145 1
145 299 -1
299 145 -1
145 332 1
332 145 1
145 363 1
363 145 1
145 377 -1
377 145 -1
145 458 -1
458 145 -1
145 486 1
486 145 1
145 497 -1
497 145 -1
146 147 1
147 146 1
146 223 -1
223 146 -1
146 224 -1
224 146 -1
146 229 1
229 146 1
146 232 1
232 146 1
146 238 1
238 146 1
146 254 -1
254 146 -1
146 294 1
294 146 1
146 312 1
312 146 1
146 376 1
376 146 1
146 416 1
416 146 1
146 428 -1
428 146 -1
146 431 1
431 146 1
146 469 1
469 146 1
147 157 -1
157 147 -1
147 186 -1
186 147 -1
147 206 -1
206 147 -1
147 219 1
219 147 1
147 229 1
229 147 1
147 232 1
232 147 1
147 233 -1
233 147 -1
147 238 1
238 147 1
147 241 1
241 147 1
147 242 1
242 147 1
147 252 1
252 147 1
147 254 -1
254 147 -1
147 261 -1
261 147 -1
147 262 -1
262 147 -1
147 294 1
294 147 1
147 303 -1
303 147 -1
147 312 1
312 147 1
147 325 1
325 147 1
147 326 -1
326 147 -1
147 354 1
354 147 1
147 369 -1
369 147 -1
147 413 -1
413 147 -1
147 416 1
416 147 1
147 428 1
428 147 1
147 431 1
431 147 1
147 451 -1
451 147 -1
147 469 1
469 147 1
147 482 1
482 147 1
148 160 1
160 148 1
148 303 1
303 148 1
148 321 1
321 148 1
148 365 1
365 148 1
148 374 -1
374 148 -1
148 395 1
395 148 1
148 401 1
401 148 1
148 446 -1
446 148 -1
148 457 1
457 148 1
148 488 -1
488 148 -1
149 172 1
172 149 1
149 209 1
209 149 1
149 215 1
215 149 1
149 285 -1
285 149 -1
149 298 1
298 149 1
149 313 1
313 149 1
149 337 1
337 149 1
149 343 1
343 149 1
149 348 -1
348 149 -1
149 373 -1
373 149 -1
149 379 -1
379 149 -1
149 384 1
384 149 1
149 404 1
404 149 1
149 409 -1
409 149 -1
149 417 -1
417 149 -1
149 428 -1
428 149 -1
149 445 1
445 149 1
149 449 -1
449 149 -1
150 154 1
154 150 1
150 174 1
174 150 1
150 198 -1
198 150 -1
150 203 -1
203 150 -1
150 206 1
206 150 1
150 208 1
208 150 1
150 221 -1
221 150 -1
150 255 -1
255 150 -1
150 259 -1
259 150 -1
150 270 1
270 150 1
150 277 1
277 150 1
150 333 -1
333 150 -1
150 341 -1
341 150 -1
150 350 1
350 150 1
150 366 -1
366 150 -1
150 367 1
367 150 1
150 370 1
370 150 1
150 403 1
403 150 1
150 404 1
404 150 1
150 408 1
408 150 1
150 410 -1
410 150 -1
150 413 1
413 150 1
150 461 1
461 150 1
150 473 1
473 150 1
150 489 -1
489 150 -1
150 494 1
494 150 1
150 495 1
495 150 1
150 498 -1
498 150 -1
151 161 -1
161 151 -1
151 278 1
278 151 1
151 279 1
279 151 1
151 281 1
281 151 1
151 287 -1
287 151 -1
151 316 -1
316 151 -1
151 317 -1
317 151 -1
151 324 1
324 151 1
151 334 1
334 151 1
151 348 -1
348 151 -1
151 390 1
390 151 1
151 435 1
435 151 1
151 464 -1
464 151 -1
151 476 1
476 151 1
152 161 -1
161 152 -1
152 170 1
170 152 1
152 173 1
173 152 1
152 195 -1
195 152 -1
152 202 -1
202 152 -1
152 209 1
209 152 1
152 212 1
212 152 1
152 228 -1
228 152 -1
152 229 -1
229 152 -1
152 249 1
249 152 1
152 259 -1
259 152 -1
152 274 1
274 152 1
152 313 1
313 152 1
152 316 1
316 152 1
152 317 1
317 152 1
152 320 -1
320 152 -1
152 322 1
322 152 1
152 338 -1
338 152 -1
152 341 1
341 152 1
152 345 1
345 152 1
152 353 1
353 152 1
152 373 1
373 152 1
152 381 -1
381 152 -1
152 394 1
394 152 1
152 402 1
402 152 1
152 405 1
405 152 1
152 407 1
407 152 1
152 408 1
408 152 1
152 409 1
409 152 1
152 424 1
424 152 1
152 460 1
460 152 1
152 490 1
490 152 1
153 221 1
221 153 1
153 231 -1
231 153 -1
153 282 1
282 153 1
153 288 1
288 153 1
153 291 -1
291 153 -1
153 314 1
314 153 1
153 319 1
319 153 1
153 328 1
328 153 1
153 347 1
347 153 1
153 370 1
370 153 1
153 379 -1
379 153 -1
153 398 -1
398 153 -1
153 402 -1
402 153 -1
153 403 -1
403 153 -1
153 406 1
406 153 1
153 418 1
418 153 1
153 442 1
442 153 1
153 486 -1
486 153 -1
154 174 1
174 154 1
154 206 1
206 154 1
154 259 1
259 154 1
154 277 1
277 154 1
154 304 -1
304 154 -1
154 313 -1
313 154 -1
154 334 -1
334 154 -1
154 350 1
350 154 1
154 374 1
374 154 1
154 403 1
403 154 1
154 411 1
411 154 1
154 413 1
413 154 1
154 425 1
425 154 1
154 426 -1
426 154 -1
154 461 1
461 154 1
154 495 1
495 154 1
155 191 -1
191 155 -1
155 195 -1
195 155 -1
155 423 -1
423 155 -1
155 443 -1
443 155 -1
155 446 1
446 155 1
155 462 1
462 155 1
155 498 1
498 155 1
156 158 1
158 156 1
156 164 -1
164 156 -1
156 169 1
169 156 1
156 196 1
196 156 1
156 208 -1
208 156 -1
156 218 -1
218 156 -1
156 233 1
233 156 1
156 234 -1
234 156 -1
156 247 1
247 156 1
156 253 -1
253 156 -1
156 286 -1
286 156 -1
156 301 -1
301 156 -1
156 315 1
315 156 1
156 340 1
340 156 1
156 345 -1
345 156 -1
156 346 1
346 156 1
156 352 -1
352 156 -1
156 358 -1
358 156 -1
156 416 -1
416 156 -1
156 417 1
417 156 1
156 423 -1
423 156 -1
156 428 -1
428 156 -1
156 430 -1
430 156 -1
156 455 1
455 156 1
156 474 -1
474 156 -1
156 484 1
484 156 1
156 488 1
488 156 1
156 493 1
493 156 1
157 214 1
214 157 1
157 230 1
230 157 1
157 233 1
233 157 1
157 248 1
248 157 1
157 295 1
295 157 1
157 323 -1
323 157 -1
157 349 1
349 157 1
157 352 -1
352 157 -1
157 432 1
432 157 1
157 443 -1
443 157 -1
157 447 -1
447 157 -1
158 192 -1
192 158 -1
158 218 1
218 158 1
158 247 1
247 158 1
158 337 -1
337 158 -1
158 357 1
357 158 1
158 443 -1
443 158 -1
159 187 -1
187 159 -1
159 202 1
202 159 1
159 209 1
209 159 1
159 219 -1
219 159 -1
159 231 -1
231 159 -1
159 235 1
235 159 1
159 240 -1
240 159 -1
159 268 1
268 159 1
159 302 -1
302 159 -1
159 362 -1
362 159 -1
159 384 -1
384 159 -1
159 399 1
399 159 1
159 447 1
447 159 1
159 472 -1
472 159 -1
159 497 1
497 159 1
160 175 1
175 160 1
160 190 1
190 160 1
160 200 1
200 160 1
160 242 -1
242 160 -1
160 260 -1
260 160 -1
160 268 1
268 160 1
160 303 1
303 160 1
160 310 -1
310 160 -1
160 311 1
311 160 1
160 321 1
321 160 1
160 337 -1
337 160 -1
160 365 1
365 160 1
160 375 1
375 160 1
160 395 1
395 160 1
160 401 1
401 160 1
160 408 -1
408 160 -1
160 420 1
420 160 1
160 424 1
424 160 1
160 425 -1
425 160 -1
160 426 -1
426 160 -1
160 438 -1
438 160 -1
160 453 -1
453 160 -1
160 454 1
454 160 1
160 456 1
456 160 1
160 457 -1
457 160 -1
160 465 -1
465 160 -1
160 467 1
467 160 1
160 481 1
481 160 1
161 162 1
162 161 1
161 218 -1
218 161 -1
161 278 1
278 161 1
161 279 1
279 161 1
161 281 1
281 161 1
161 309 -1
309 161 -1
161 311 -1
311 161 -1
161 324 1
324 161 1
161 326 1
326 161 1
161 334 1
334 161 1
161 336 -1
336 161 -1
161 337 -1
337 161 -1
161 348 1
348 161 1
161 355 1
355 161 1
161 373 -1
373 161 -1
161 389 1
389 161 1
161 390 -1
390 161 -1
161 397 1
397 161 1
161 399 -1
399 161 -1
161 422 1
422 161 1
161 435 1
435 161 1
161 436 1
436 161 1
161 448 -1
448 161 -1
161 464 1
464 161 1
161 476 1
476 161 1
161 489 -1
489 161 -1
161 496 1
496 161 1
162 201 -1
201 162 -1
162 216 -1
216 162 -1
162 278 1
278 162 1
162 309 1
309 162 1
162 326 1
326 162 1
162 334 1
334 162 1
162 364 -1
364 162 -1
162 422 1
422 162 1
162 435 1
435 162 1
162 464 1
464 162 1
162 468 -1
468 162 -1
162 497 1
497 162 1
163 287 -1
287 163 -1
163 295 1
295 163 1
163 303 -1
303 163 -1
163 349 -1
349 163 -1
163 443 1
443 163 1
163 496 -1
496 163 -1
164 165 1
165 164 1
164 208 1
208 164 1
164 223 1
223 164 1
164 240 1
240 164 1
164 264 1
264 164 1
164 379 1
379 164 1
164 444 1
444 164 1
164 478 -1
478 164 -1
165 166 1
166 165 1
165 201 1
201 165 1
165 215 -1
215 165 -1
165 235 1
235 165 1
165 239 1
239 165 1
165 240 1
240 165 1
165 249 -1
249 165 -1
165 289 1
289 165 1
165 296 1
296 165 1
165 313 -1
313 165 -1
165 315 -1
315 165 -1
165 336 -1
336 165 -1
165 342 1
342 165 1
165 368 1
368 165 1
165 379 -1
379 165 -1
165 408 -1
408 165 -1
165 413 -1
413 165 -1
165 433 1
433 165 1
165 459 1
459 165 1
166 201 1
201 166 1
166 203 1
203 166 1
166 223 1
223 166 1
166 239 1
239 166 1
166 240 1
240 166 1
166 247 -1
247 166 -1
166 252 -1
252 166 -1
166 257 1
257 166 1
166 259 -1
259 166 -1
166 289 -1
289 166 -1
166 296 1
296 166 1
166 302 1
302 166 1
166 336 -1
336 166 -1
166 342 -1
342 166 -1
166 379 1
379 166 1
166 381 1
381 166 1
166 382 1
382 166 1
166 397 -1
397 166 -1
166 399 -1
399 166 -1
166 405 -1
405 166 -1
166 419 1
419 166 1
166 427 1
427 166 1
166 433 1
433 166 1
166 444 1
444 166 1
166 458 -1
458 166 -1
166 459 1
459 166 1
166 472 -1
472 166 -1
166 477 -1
477 166 -1
167 187 -1
187 167 -1
167 202 1
202 167 1
167 250 1
250 167 1
167 289 -1
289 167 -1
167 320 -1
320 167 -1
167 447 -1
447 167 -1
167 469 1
469 167 1
168 177 1
177 168 1
168 203 1
203 168 1
168 240 -1
240 168 -1
168 313 1
313 168 1
168 315 1
315 168 1
168 351 1
351 168 1
168 455 1
455 168 1
168 484 1
484 168 1
169 208 1
208 169 1
169 286 1
286 169 1
169 308 -1
308 169 -1
169 417 1
417 169 1
169 421 1
421 169 1
170 195 1
195 170 1
170 212 1
212 170 1
170 218 -1
218 170 -1
170 274 1
274 170 1
170 322 1
322 170 1
170 328 -1
328 170 -1
170 338 1
338 170 1
170 341 1
341 170 1
170 345 1
345 170 1
170 387 -1
387 170 -1
170 405 1
405 170 1
170 433 -1
433 170 -1
170 440 1
440 170 1
170 459 -1
459 170 -1
170 490 1
490 170 1
170 492 1
492 170 1
171 222 -1
222 171 -1
171 257 1
257 171 1
171 289 1
289 171 1
171 388 1
388 171 1
171 433 -1
433 171 -1
171 459 1
459 171 1
171 495 -1
495 171 -1
172 215 -1
215 172 -1
172 313 1
313 172 1
172 330 1
330 172 1
172 337 1
337 172 1
172 459 1
459 172 1
172 479 -1
479 172 -1
173 204 -1
204 173 -1
173 249 1
249 173 1
173 269 -1
269 173 -1
173 322 1
322 173 1
173 345 1
345 173 1
173 353 1
353 173 1
173 391 -1
391 173 -1
173 394 1
394 173 1
173 405 1
405 173 1
173 409 1
409 173 1
173 422 -1
422 173 -1
173 424 1
424 173 1
173 431 -1
431 173 -1
173 434 1
434 173 1
174 197 -1
197 174 -1
174 232 -1
232 174 -1
174 259 1
259 174 1
174 272 -1
272 174 -1
174 300 -1
300 174 -1
174 336 -1
336 174 -1
174 350 1
350 174 1
174 370 1
370 174 1
174 374 1
374 174 1
174 410 1
410 174 1
174 420 -1
420 174 -1
174 425 1
425 174 1
174 461 1
461 174 1
174 495 -1
495 174 -1
175 303 1
303 175 1
175 308 -1
308 175 -1
175 399 -1
399 175 -1
175 401 -1
401 175 -1
175 420 1
420 175 1
175 467 1
467 175 1
175 488 -1
488 175 -1
176 193 -1
193 176 -1
176 215 -1
215 176 -1
176 228 1
228 176 1
176 260 1
260 176 1
176 282 1
282 176 1
176 288 1
288 176 1
176 291 -1
291 176 -1
176 315 -1
315 176 -1
176 328 -1
328 176 -1
176 355 -1
355 176 -1
176 396 1
396 176 1
176 398 1
398 176 1
176 418 1
418 176 1
176 422 1
422 176 1
176 463 -1
463 176 -1
177 187 1
187 177 1
177 244 -1
244 177 -1
177 267 1
267 177 1
177 268 1
268 177 1
177 300 -1
300 177 -1
177 320 1
320 177 1
177 328 -1
328 177 -1
177 334 1
334 177 1
177 338 -1
338 177 -1
177 354 1
354 177 1
177 399 1
399 177 1
177 497 1
497 177 1
178 204 -1
204 178 -1
178 273 1
273 178 1
178 328 -1
328 178 -1
178 333 1
333 178 1
178 452 -1
452 178 -1
178 479 -1
479 178 -1
178 485 1
485 178 1
178 489 1
489 178 1
179 230 1
230 179 1
179 349 1
349 179 1
179 432 1
432 179 1
179 433 1
433 179 1
179 443 1
443 179 1
180 232 1
232 180 1
180 241 -1
241 180 -1
180 252 1
252 180 1
180 278 -1
278 180 -1
180 308 -1
308 180 -1
180 313 -1
313 180 -1
180 376 1
376 180 1
180 420 -1
420 180 -1
180 469 1
469 180 1
180 486 -1
486 180 -1
181 185 1
185 181 1
181 188 1
188 181 1
181 201 1
201 181 1
181 230 1
230 181 1
181 232 1
232 181 1
181 238 1
238 181 1
181 241 1
241 181 1
181 242 -1
242 181 -1
181 252 1
252 181 1
181 253 1
253 181 1
181 294 1
294 181 1
181 308 1
308 181 1
181 382 -1
382 181 -1
181 416 1
416 181 1
181 431 1
431 181 1
181 474 -1
474 181 -1
182 191 -1
191 182 -1
182 193 -1
193 182 -1
182 253 -1
253 182 -1
182 266 1
266 182 1
182 279 -1
279 182 -1
182 320 1
320 182 1
182 325 -1
325 182 -1
182 399 1
399 182 1
182 447 1
447 182 1
182 497 1
497 182 1
183 194 1
194 183 1
183 258 1
258 183 1
183 268 -1
268 183 -1
183 396 -1
396 183 -1
183 400 1
400 183 1
183 443 -1
443 183 -1
183 446 -1
446 183 -1
183 471 1
471 183 1
183 491 1
491 183 1
183 498 1
498 183 1
184 199 1
199 184 1
184 202 -1
202 184 -1
184 234 1
234 184 1
184 272 1
272 184 1
184 293 -1
293 184 -1
184 365 -1
365 184 -1
184 429 1
429 184 1
184 486 1
486 184 1
185 240 -1
240 185 -1
185 294 1
294 185 1
185 314 -1
314 185 -1
185 337 -1
337 185 -1
185 348 -1
348 185 -1
185 416 1
416 185 1
185 431 1
431 185 1
186 322 -1
322 186 -1
186 338 1
338 186 1
186 345 1
345 186 1
186 347 -1
347 186 -1
186 353 1
353 186 1
186 360 -1
360 186 -1
186 373 -1
373 186 -1
186 405 1
405 186 1
187 202 1
202 187 1
187 210 -1
210 187 -1
187 213 1
213 187 1
187 231 -1
231 187 -1
187 235 1
235 187 1
187 237 1
237 187 1
187 239 -1
239 187 -1
187 253 -1
253 187 -1
187 266 -1
266 187 -1
187 320 1
320 187 1
187 350 -1
350 187 -1
187 354 1
354 187 1
187 392 -1
392 187 -1
187 399 -1
399 187 -1
187 421 -1
421 187 -1
187 447 -1
447 187 -1
187 474 1
474 187 1
187 489 -1
489 187 -1
187 497 1
497 187 1
188 210 1
210 188 1
188 232 -1
232 188 -1
188 263 1
263 188 1
188 383 -1
383 188 -1
188 428 1
428 188 1
188 431 1
431 188 1
188 481 -1
481 188 -1
189 240 1
240 189 1
189 257 -1
257 189 -1
189 275 1
275 189 1
189 293 -1
293 189 -1
189 348 1
348 189 1
189 444 -1
444 189 -1
189 459 1
459 189 1
189 476 -1
476 189 -1
190 257 -1
257 190 -1
190 303 1
303 190 1
190 351 1
351 190 1
190 365 1
365 190 1
190 426 1
426 190 1
190 457 1
457 190 1
191 204 -1
204 191 -1
191 209 1
209 191 1
191 258 1
258 191 1
191 283 1
283 191 1
191 299 1
299 191 1
191 314 -1
314 191 -1
191 390 -1
390 191 -1
191 446 1
446 191 1
191 456 -1
456 191 -1
191 463 -1
463 191 -1
191 471 -1
471 191 -1
191 480 -1
480 191 -1
191 498 1
498 191 1
192 197 -1
197 192 -1
192 199 1
199 192 1
192 214 -1
214 192 -1
192 230 -1
230 192 -1
192 234 -1
234 192 -1
192 244 1
244 192 1
192 251 -1
251 192 -1
192 255 1
255 192 1
192 272 1
272 192 1
192 284 1
284 192 1
192 292 1
292 192 1
192 377 1
377 192 1
192 378 1
378 192 1
192 429 1
429 192 1
192 433 -1
433 192 -1
192 474 -1
474 192 -1
193 199 1
199 193 1
193 222 1
222 193 1
193 234 1
234 193 1
193 251 1
251 193 1
193 252 -1
252 193 -1
193 255 1
255 193 1
193 280 1
280 193 1
193 284 1
284 193 1
193 292 1
292 193 1
193 307 -1
307 193 -1
193 326 -1
326 193 -1
193 332 1
332 193 1
193 341 -1
341 193 -1
193 360 -1
360 193 -1
193 363 1
363 193 1
193 377 1
377 193 1
193 378 1
378 193 1
193 391 1
391 193 1
193 412 1
412 193 1
193 421 -1
421 193 -1
193 429 1
429 193 1
193 432 -1
432 193 -1
193 486 -1
486 193 -1
194 258 1
258 194 1
194 278 1
278 194 1
194 314 1
314 194 1
194 428 -1
428 194 -1
194 446 1
446 194 1
194 471 1
471 194 1
194 498 -1
498 194 -1
195 212 1
212 195 1
195 226 1
226 195 1
195 249 -1
249 195 -1
195 274 1
274 195 1
195 292 -1
292 195 -1
195 316 1
316 195 1
195 327 1
327 195 1
195 328 -1
328 195 -1
195 338 1
338 195 1
195 341 1
341 195 1
195 345 -1
345 195 -1
195 394 1
394 195 1
195 405 1
405 195 1
195 409 1
409 195 1
195 434 1
434 195 1
195 443 -1
443 195 -1
195 479 1
479 195 1
195 480 -1
480 195 -1
195 498 -1
498 195 -1
196 197 1
197 196 1
196 208 1
208 196 1
196 218 1
218 196 1
196 224 -1
224 196 -1
196 247 1
247 196 1
196 346 1
346 196 1
196 405 -1
405 196 -1
197 203 1
203 197 1
197 208 1
208 197 1
197 211 1
211 197 1
197 218 -1
218 197 -1
197 246 1
246 197 1
197 247 1
247 197 1
197 260 -1
260 197 -1
197 315 1
315 197 1
197 340 1
340 197 1
197 416 -1
416 197 -1
197 421 1
421 197 1
197 446 -1
446 197 -1
197 484 1
484 197 1
197 488 1
488 197 1
198 215 -1
215 198 -1
198 315 -1
315 198 -1
198 337 -1
337 198 -1
198 362 1
362 198 1
198 384 1
384 198 1
198 386 -1
386 198 -1
198 404 1
404 198 1
198 406 -1
406 198 -1
199 234 1
234 199 1
199 252 -1
252 199 -1
199 272 1
272 199 1
199 333 -1
333 199 -1
199 345 -1
345 199 -1
199 360 1
360 199 1
199 377 1
377 199 1
199 410 -1
410 199 -1
199 412 1
412 199 1
200 321 -1
321 200 -1
200 364 -1
364 200 -1
200 365 1
365 200 1
200 395 1
395 200 1
200 402 -1
402 200 -1
200 426 1
426 200 1
201 255 -1
255 201 -1
201 257 1
257 201 1
201 379 1
379 201 1
201 400 -1
400 201 -1
201 444 1
444 201 1
201 459 1
459 201 1
202 209 -1
209 202 -1
202 213 1
213 202 1
202 215 -1
215 202 -1
202 231 -1
231 202 -1
202 243 1
243 202 1
202 253 1
253 202 1
202 266 1
266 202 1
202 268 1
268 202 1
202 269 1
269 202 1
202 273 -1
273 202 -1
202 277 -1
277 202 -1
202 296 -1
296 202 -1
202 300 1
300 202 1
202 308 -1
308 202 -1
202 320 1
320 202 1
202 342 1
342 202 1
202 354 1
354 202 1
202 374 1
374 202 1
202 399 1
399 202 1
202 415 -1
415 202 -1
202 447 1
447 202 1
202 458 1
458 202 1
203 208 1
208 203 1
203 247 -1
247 203 -1
203 273 1
273 203 1
203 284 -1
284 203 -1
203 301 1
301 203 1
203 357 1
357 203 1
204 213 -1
213 204 -1
204 254 1
254 204 1
204 259 -1
259 204 -1
204 273 -1
273 204 -1
204 371 -1
371 204 -1
204 382 1
382 204 1
204 398 -1
398 204 -1
204 400 1
400 204 1
204 405 -1
405 204 -1
204 433 -1
433 204 -1
204 437 1
437 204 1
204 483 1
483 204 1
204 485 1
485 204 1
204 487 1
487 204 1
204 489 -1
489 204 -1
205 207 1
207 205 1
205 247 1
247 205 1
205 256 1
256 205 1
205 293 -1
293 205 -1
205 295 -1
295 205 -1
205 304 1
304 205 1
205 339 1
339 205 1
205 376 -1
376 205 -1
205 392 1
392 205 1
205 448 1
448 205 1
205 451 1
451 205 1
206 231 -1
231 206 -1
206 259 1
259 206 1
206 270 1
270 206 1
206 350 1
350 206 1
206 370 1
370 206 1
206 374 1
374 206 1
206 413 1
413 206 1
206 444 -1
444 206 -1
206 459 -1
459 206 -1
207 223 -1
223 207 -1
207 292 -1
292 207 -1
207 293 -1
293 207 -1
207 304 1
304 207 1
207 305 1
305 207 1
207 318 1
318 207 1
207 339 1
339 207 1
207 345 -1
345 207 -1
207 386 1
386 207 1
207 393 -1
393 207 -1
207 428 -1
428 207 -1
207 430 1
430 207 1
207 451 1
451 207 1
207 452 1
452 207 1
207 456 -1
456 207 -1
208 211 1
211 208 1
208 217 1
217 208 1
208 218 1
218 208 1
208 237 -1
237 208 -1
208 239 -1
239 208 -1
208 248 -1
248 208 -1
208 275 -1
275 208 -1
208 286 1
286 208 1
208 301 1
301 208 1
208 312 -1
312 208 -1
208 315 1
315 208 1
208 322 -1
322 208 -1
208 324 -1
324 208 -1
208 351 1
351 208 1
208 380 1
380 208 1
208 421 1
421 208 1
208 444 -1
444 208 -1
208 455 1
455 208 1
208 468 1
468 208 1
208 488 -1
488 208 -1
209 210 1
210 209 1
209 231 -1
231 209 -1
209 235 1
235 209 1
209 243 1
243 209 1
209 245 1
245 209 1
209 253 1
253 209 1
209 266 1
266 209 1
209 268 -1
268 209 -1
209 269 1
269 209 1
209 295 -1
295 209 -1
209 300 1
300 209 1
209 303 -1
303 209 -1
209 314 -1
314 209 -1
209 399 1
399 209 1
209 458 1
458 209 1
209 489 -1
489 209 -1
209 497 -1
497 209 -1
210 219 1
219 210 1
210 229 1
229 210 1
210 232 -1
232 210 -1
210 247 -1
247 210 -1
210 286 -1
286 210 -1
210 294 1
294 210 1
210 308 1
308 210 1
210 376 1
376 210 1
210 486 -1
486 210 -1
210 498 -1
498 210 -1
211 247 1
247 211 1
211 286 1
286 211 1
211 376 -1
376 211 -1
211 454 -1
454 211 -1
211 473 -1
473 211 -1
212 323 -1
323 212 -1
212 345 1
345 212 1
212 399 -1
399 212 -1
212 405 1
405 212 1
212 414 1
414 212 1
212 418 -1
418 212 -1
213 219 1
219 213 1
213 253 -1
253 213 -1
213 300 1
300 213 1
213 320 1
320 213 1
213 332 -1
332 213 -1
213 354 1
354 213 1
213 358 1
358 213 1
213 377 -1
377 213 -1
213 399 1
399 213 1
213 435 -1
435 213 -1
213 446 -1
446 213 -1
214 246 -1
246 214 -1
214 248 1
248 214 1
214 267 -1
267 214 -1
214 269 -1
269 214 -1
214 287 1
287 214 1
214 295 1
295 214 1
214 320 -1
320 214 -1
214 329 1
329 214 1
214 349 -1
349 214 -1
214 432 1
432 214 1
214 438 1
438 214 1
214 443 -1
443 214 -1
214 449 1
449 214 1
214 476 -1
476 214 -1
215 261 -1
261 215 -1
215 276 1
276 215 1
215 285 1
285 215 1
215 298 1
298 215 1
215 307 1
307 215 1
215 313 1
313 215 1
215 331 1
331 215 1
215 335 1
335 215 1
215 337 1
337 215 1
215 343 1
343 215 1
215 354 -1
354 215 -1
215 361 1
361 215 1
215 362 1
362 215 1
215 377 -1
377 215 -1
215 384 1
384 215 1
215 404 1
404 215 1
215 414 1
414 215 1
215 418 -1
418 215 -1
215 440 -1
440 215 -1
215 445 1
445 215 1
215 480 -1
480 215 -1
215 486 -1
486 215 -1
216 284 1
284 216 1
216 292 1
292 216 1
216 337 -1
337 216 -1
216 351 -1
351 216 -1
216 475 -1
475 216 -1
216 486 -1
486 216 -1
217 218 1
218 217 1
217 245 -1
245 217 -1
217 268 -1
268 217 -1
217 346 -1
346 217 -1
217 430 -1
430 217 -1
218 237 1
237 218 1
218 247 1
247 218 1
218 266 -1
266 218 -1
218 286 1
286 218 1
218 328 -1
328 218 -1
218 346 1
346 218 1
218 351 1
351 218 1
218 417 1
417 218 1
218 421 1
421 218 1
218 425 -1
425 218 -1
218 437 -1
437 218 -1
218 468 1
468 218 1
218 484 1
484 218 1
219 252 -1
252 219 -1
219 278 -1
278 219 -1
219 308 1
308 219 1
219 312 1
312 219 1
219 325 1
325 219 1
219 352 -1
352 219 -1
219 376 -1
376 219 -1
219 497 -1
497 219 -1
220 234 1
234 220 1
220 284 1
284 220 1
220 292 1
292 220 1
220 293 -1
293 220 -1
220 312 1
312 220 1
220 399 -1
399 220 -1
220 429 1
429 220 1
221 242 -1
242 221 -1
221 260 -1
260 221 -1
221 277 -1
277 221 -1
221 288 1
288 221 1
221 291 -1
291 221 -1
221 292 -1
292 221 -1
221 319 1
319 221 1
221 325 1
325 221 1
221 328 1
328 221 1
221 339 -1
339 221 -1
221 396 1
396 221 1
221 398 1
398 221 1
221 406 1
406 221 1
221 418 1
418 221 1
221 450 -1
450 221 -1
221 453 1
453 221 1
221 472 -1
472 221 -1
222 234 1
234 222 1
222 280 1
280 222 1
222 284 1
284 222 1
222 290 1
290 222 1
222 377 1
377 222 1
222 391 1
391 222 1
222 450 -1
450 222 -1
222 473 -1
473 222 -1
222 486 1
486 222 1
223 240 1
240 223 1
223 257 1
257 223 1
223 364 1
364 223 1
223 381 -1
381 223 -1
223 444 -1
444 223 -1
223 459 1
459 223 1
224 354 1
354 224 1
224 358 -1
358 224 -1
224 399 1
399 224 1
224 447 1
447 224 1
224 497 1
497 224 1
225 261 -1
261 225 -1
225 301 -1
301 225 -1
225 322 1
322 225 1
225 338 1
338 225 1
225 341 1
341 225 1
225 345 1
345 225 1
225 379 -1
379 225 -1
225 394 1
394 225 1
225 405 1
405 225 1
226 306 -1
306 226 -1
226 327 1
327 226 1
226 354 1
354 226 1
226 356 1
356 226 1
226 371 1
371 226 1
226 378 -1
378 226 -1
226 385 1
385 226 1
226 450 1
450 226 1
226 478 1
478 226 1
226 480 1
480 226 1
227 316 -1
316 227 -1
227 359 1
359 227 1
227 385 -1
385 227 -1
227 433 -1
433 227 -1
227 443 -1
443 227 -1
227 450 1
450 227 1
227 480 -1
480 227 -1
227 489 -1
489 227 -1
228 260 1
260 228 1
228 265 -1
265 228 -1
228 277 1
277 228 1
228 291 -1
291 228 -1
228 319 1
319 228 1
228 322 -1
322 228 -1
228 328 -1
328 228 -1
228 347 -1
347 228 -1
228 354 -1
354 228 -1
228 381 -1
381 228 -1
228 386 -1
386 228 -1
228 387 -1
387 228 -1
228 396 -1
396 228 -1
228 398 1
398 228 1
228 406 1
406 228 1
228 414 1
414 228 1
228 418 1
418 228 1
228 436 -1
436 228 -1
228 442 1
442 228 1
228 444 -1
444 228 -1
228 453 1
453 228 1
228 476 -1
476 228 -1
228 482 1
482 228 1
229 252 1
252 229 1
229 271 -1
271 229 -1
229 336 -1
336 229 -1
229 384 1
384 229 1
229 431 1
431 229 1
230 233 1
233 230 1
230 259 -1
259 230 -1
230 295 -1
295 230 -1
230 297 1
297 230 1
230 329 1
329 230 1
230 349 1
349 230 1
230 364 1
364 230 1
230 432 1
432 230 1
230 433 -1
433 230 -1
230 438 1
438 230 1
230 443 1
443 230 1
230 449 1
449 230 1
230 451 -1
451 230 -1
230 484 -1
484 230 -1
231 253 1
253 231 1
231 264 -1
264 231 -1
231 269 1
269 231 1
231 300 1
300 231 1
231 314 1
314 231 1
231 320 1
320 231 1
231 354 1
354 231 1
231 399 1
399 231 1
231 433 -1
433 231 -1
231 458 1
458 231 1
231 474 1
474 231 1
231 489 -1
489 231 -1
232 241 1
241 232 1
232 242 1
242 232 1
232 294 1
294 232 1
232 317 1
317 232 1
232 325 1
325 232 1
232 342 -1
342 232 -1
232 369 1
369 232 1
232 376 -1
376 232 -1
232 481 -1
481 232 -1
233 265 -1
265 233 -1
233 295 1
295 233 1
233 298 -1
298 233 -1
233 329 -1
329 233 -1
233 409 -1
409 233 -1
233 432 1
432 233 1
233 443 1
443 233 1
233 449 1
449 233 1
234 244 1
244 234 1
234 251 1
251 234 1
234 255 1
255 234 1
234 262 1
262 234 1
234 272 1
272 234 1
234 280 -1
280 234 -1
234 284 1
284 234 1
234 290 1
290 234 1
234 299 -1
299 234 -1
234 332 1
332 234 1
234 360 1
360 234 1
234 376 -1
376 234 -1
234 377 1
377 234 1
234 378 1
378 234 1
234 391 1
391 234 1
234 412 1
412 234 1
234 424 -1
424 234 -1
234 429 1
429 234 1
234 455 -1
455 234 -1
234 486 -1
486 234 -1
234 490 -1
490 234 -1
234 491 -1
491 234 -1
235 284 -1
284 235 -1
235 300 1
300 235 1
235 310 -1
310 235 -1
235 354 1
354 235 1
235 399 1
399 235 1
235 497 1
497 235 1
236 298 1
298 236 1
236 313 1
313 236 1
236 317 -1
317 236 -1
236 337 1
337 236 1
236 372 1
372 236 1
236 401 -1
401 236 -1
236 404 1
404 236 1
236 414 1
414 236 1
236 489 -1
489 236 -1
237 245 1
245 237 1
237 300 1
300 237 1
237 320 1
320 237 1
237 354 1
354 237 1
237 363 -1
363 237 -1
237 399 1
399 237 1
237 409 -1
409 237 -1
237 447 -1
447 237 -1
237 474 1
474 237 1
237 497 1
497 237 1
237 499 -1
499 237 -1
238 247 -1
247 238 -1
238 294 1
294 238 1
238 376 1
376 238 1
238 431 1
431 238 1
238 446 1
446 238 1
238 465 -1
465 238 -1
239 242 -1
242 239 -1
239 257 1
257 239 1
239 296 1
296 239 1
239 320 -1
320 239 -1
239 326 -1
326 239 -1
239 379 1
379 239 1
239 381 1
381 239 1
239 431 -1
431 239 -1
239 433 -1
433 239 -1
239 444 -1
444 239 -1
239 459 1
459 239 1
240 247 -1
247 240 -1
240 257 1
257 240 1
240 264 1
264 240 1
240 288 -1
288 240 -1
240 289 1
289 240 1
240 296 1
296 240 1
240 336 1
336 240 1
240 345 -1
345 240 -1
240 368 -1
368 240 -1
240 386 1
386 240 1
240 388 -1
388 240 -1
240 414 -1
414 240 -1
240 427 1
427 240 1
240 433 1
433 240 1
240 444 1
444 240 1
240 459 1
459 240 1
241 269 -1
269 241 -1
241 271 1
271 241 1
241 275 -1
275 241 -1
241 294 1
294 241 1
241 431 -1
431 241 -1
241 446 -1
446 241 -1
241 485 -1
485 241 -1
241 487 1
487 241 1
242 252 1
252 242 1
242 428 1
428 242 1
242 448 -1
448 242 -1
242 469 1
469 242 1
242 492 -1
492 242 -1
243 269 1
269 243 1
243 313 -1
313 243 -1
243 318 -1
318 243 -1
243 337 1
337 243 1
243 354 1
354 243 1
243 399 1
399 243 1
243 491 -1
491 243 -1
244 284 1
284 244 1
244 332 1
332 244 1
244 377 1
377 244 1
244 432 -1
432 244 -1
244 486 -1
486 244 -1
245 247 -1
247 245 -1
245 266 1
266 245 1
245 277 -1
277 245 -1
245 300 1
300 245 1
245 315 -1
315 245 -1
245 354 1
354 245 1
245 399 1
399 245 1
245 447 1
447 245 1
246 258 -1
258 246 -1
246 295 1
295 246 1
246 300 -1
300 246 -1
246 349 1
349 246 1
246 364 1
364 246 1
246 379 -1
379 246 -1
246 432 1
432 246 1
246 443 1
443 246 1
247 259 -1
259 247 -1
247 278 -1
278 247 -1
247 286 1
286 247 1
247 297 -1
297 247 -1
247 300 -1
300 247 -1
247 301 -1
301 247 -1
247 315 1
315 247 1
247 340 1
340 247 1
247 346 1
346 247 1
247 351 1
351 247 1
247 357 1
357 247 1
247 380 1
380 247 1
247 384 -1
384 247 -1
247 387 -1
387 247 -1
247 405 -1
405 247 -1
247 417 1
417 247 1
247 468 1
468 247 1
247 484 1
484 247 1
247 488 1
488 247 1
248 295 1
295 248 1
248 329 1
329 248 1
248 361 -1
361 248 -1
248 438 1
438 248 1
248 443 1
443 248 1
249 251 -1
251 249 -1
249 304 -1
304 249 -1
249 322 1
322 249 1
249 341 -1
341 249 -1
249 345 1
345 249 1
249 371 -1
371 249 -1
249 405 -1
405 249 -1
249 409 1
409 249 1
249 492 1
492 249 1
250 268 -1
268 250 -1
250 269 1
269 250 1
250 320 1
320 250 1
250 338 -1
338 250 -1
250 354 1
354 250 1
250 366 -1
366 250 -1
250 399 1
399 250 1
251 272 1
272 251 1
251 292 1
292 251 1
251 332 1
332 251 1
251 401 -1
401 251 -1
251 429 -1
429 251 -1
251 493 1
493 251 1
252 294 1
294 252 1
252 295 -1
295 252 -1
252 316 -1
316 252 -1
252 376 1
376 252 1
252 413 -1
413 252 -1
252 431 1
431 252 1
252 469 1
469 252 1
253 267 -1
267 253 -1
253 286 -1
286 253 -1
253 289 1
289 253 1
253 300 -1
300 253 -1
253 314 -1
314 253 -1
253 320 1
320 253 1
253 354 1
354 253 1
253 358 1
358 253 1
253 373 -1
373 253 -1
253 386 -1
386 253 -1
253 399 -1
399 253 -1
253 405 -1
405 253 -1
253 458 -1
458 253 -1
253 499 -1
499 253 -1
254 274 -1
274 254 -1
254 382 1
382 254 1
254 393 -1
393 254 -1
254 485 1
485 254 1
254 487 1
487 254 1
254 489 1
489 254 1
255 284 1
284 255 1
255 292 1
292 255 1
255 332 1
332 255 1
255 377 1
377 255 1
255 399 -1
399 255 -1
255 435 1
435 255 1
255 447 -1
447 255 -1
256 293 -1
293 256 -1
256 328 -1
328 256 -1
256 339 1
339 256 1
256 386 1
386 256 1
256 387 1
387 256 1
256 448 1
448 256 1
256 459 -1
459 256 -1
256 479 -1
479 256 -1
257 302 1
302 257 1
257 332 -1
332 257 -1
257 373 -1
373 257 -1
257 401 1
401 257 1
257 419 1
419 257 1
257 427 1
427 257 1
257 433 -1
433 257 -1
258 291 -1
291 258 -1
258 295 -1
295 258 -1
258 446 1
446 258 1
258 463 1
463 258 1
258 471 1
471 258 1
258 498 -1
498 258 -1
259 266 -1
266 259 -1
259 270 1
270 259 1
259 344 1
344 259 1
259 350 1
350 259 1
259 352 1
352 259 1
259 366 1
366 259 1
259 367 1
367 259 1
259 383 -1
383 259 -1
259 403 1
403 259 1
259 408 1
408 259 1
259 411 1
411 259 1
259 413 1
413 259 1
259 438 -1
438 259 -1
259 439 1
439 259 1
259 446 -1
446 259 -1
259 461 1
461 259 1
259 473 -1
473 259 -1
260 288 -1
288 260 -1
260 289 -1
289 260 -1
260 291 1
291 260 1
260 328 1
328 260 1
260 442 1
442 260 1
260 443 -1
443 260 -1
261 285 1
285 261 1
261 294 -1
294 261 -1
261 307 1
307 261 1
261 313 1
313 261 1
261 331 -1
331 261 -1
261 337 -1
337 261 -1
261 396 -1
396 261 -1
261 433 -1
433 261 -1
261 485 -1
485 261 -1
262 272 1
272 262 1
262 284 1
284 262 1
262 308 -1
308 262 -1
262 378 1
378 262 1
262 395 -1
395 262 -1
262 431 -1
431 262 -1
262 486 1
486 262 1
263 280 1
280 263 1
263 284 1
284 263 1
263 337 -1
337 263 -1
263 360 1
360 263 1
263 418 -1
418 263 -1
264 368 1
368 264 1
264 433 1
433 264 1
264 490 -1
490 264 -1
265 287 1
287 265 1
265 295 1
295 265 1
265 300 1
300 265 1
265 322 -1
322 265 -1
265 349 1
349 265 1
265 364 1
364 265 1
265 432 1
432 265 1
265 438 1
438 265 1
265 443 1
443 265 1
265 470 1
470 265 1
266 353 -1
353 266 -1
266 354 1
354 266 1
266 358 1
358 266 1
266 385 1
385 266 1
266 399 1
399 266 1
266 432 1
432 266 1
266 436 -1
436 266 -1
266 458 1
458 266 1
266 474 1
474 266 1
266 499 1
499 266 1
267 322 -1
322 267 -1
267 399 1
399 267 1
267 447 -1
447 267 -1
267 464 -1
464 267 -1
267 497 1
497 267 1
268 269 1
269 268 1
268 300 1
300 268 1
268 320 1
320 268 1
268 354 -1
354 268 -1
268 358 1
358 268 1
268 388 -1
388 268 -1
268 461 1
461 268 1
268 497 1
497 268 1
269 330 -1
330 269 -1
269 354 1
354 269 1
269 380 1
380 269 1
269 399 1
399 269 1
269 443 -1
443 269 -1
269 458 1
458 269 1
270 321 1
321 270 1
270 345 -1
345 270 -1
270 347 -1
347 270 -1
270 350 1
350 270 1
270 408 1
408 270 1
270 461 -1
461 270 -1
271 308 1
308 271 1
271 312 1
312 271 1
271 315 -1
315 271 -1
271 413 -1
413 271 -1
271 416 1
416 271 1
271 431 1
431 271 1
272 291 -1
291 272 -1
272 322 -1
322 272 -1
272 326 -1
326 272 -1
272 332 1
332 272 1
272 360 1
360 272 1
272 363 1
363 272 1
272 377 1
377 272 1
272 378 1
378 272 1
272 386 -1
386 272 -1
272 391 1
391 272 1
272 412 1
412 272 1
272 429 1
429 272 1
272 435 -1
435 272 -1
272 438 -1
438 272 -1
272 445 1
445 272 1
272 461 -1
461 272 -1
273 279 1
279 273 1
273 286 1
286 273 1
273 381 -1
381 273 -1
273 393 1
393 273 1
273 437 1
437 273 1
273 483 1
483 273 1
273 485 1
485 273 1
273 489 -1
489 273 -1
274 317 1
317 274 1
274 322 1
322 274 1
274 327 1
327 274 1
274 395 -1
395 274 -1
274 399 1
399 274 1
274 466 -1
466 274 -1
275 289 1
289 275 1
275 362 -1
362 275 -1
275 379 -1
379 275 -1
275 433 1
433 275 1
275 444 1
444 275 1
275 490 -1
490 275 -1
276 313 1
313 276 1
276 318 -1
318 276 -1
276 337 1
337 276 1
276 372 1
372 276 1
276 414 -1
414 276 -1
276 434 -1
434 276 -1
276 445 1
445 276 1
276 495 -1
495 276 -1
277 288 -1
288 277 -1
277 291 1
291 277 1
277 300 -1
300 277 -1
277 328 1
328 277 1
277 347 1
347 277 1
277 349 -1
349 277 -1
277 396 1
396 277 1
277 398 1
398 277 1
277 418 1
418 277 1
277 433 -1
433 277 -1
277 442 -1
442 277 -1
277 453 1
453 277 1
278 279 -1
279 278 -1
278 281 1
281 278 1
278 294 -1
294 278 -1
278 305 1
305 278 1
278 309 1
309 278 1
278 324 1
324 278 1
278 326 1
326 278 1
278 330 -1
330 278 -1
278 334 -1
334 278 -1
278 348 1
348 278 1
278 355 -1
355 278 -1
278 389 1
389 278 1
278 390 1
390 278 1
278 397 1
397 278 1
278 422 1
422 278 1
278 435 1
435 278 1
278 436 -1
436 278 -1
278 459 -1
459 278 -1
278 464 1
464 278 1
278 476 1
476 278 1
278 496 1
496 278 1
279 326 1
326 279 1
279 334 1
334 279 1
279 348 -1
348 279 -1
279 390 1
390 279 1
279 422 1
422 279 1
279 435 1
435 279 1
279 436 -1
436 279 -1
279 443 -1
443 279 -1
279 487 -1
487 279 -1
280 284 -1
284 280 -1
280 288 -1
288 280 -1
280 377 1
377 280 1
280 429 -1
429 280 -1
280 448 1
448 280 1
280 457 -1
457 280 -1
280 486 -1
486 280 -1
281 317 -1
317 281 -1
281 324 1
324 281 1
281 326 1
326 281 1
281 348 1
348 281 1
281 421 -1
421 281 -1
281 432 -1
432 281 -1
281 435 1
435 281 1
281 496 1
496 281 1
282 285 1
285 282 1
282 294 1
294 282 1
282 328 1
328 282 1
282 442 1
442 282 1
283 316 -1
316 283 -1
283 446 -1
446 283 -1
283 471 -1
471 283 -1
283 498 1
498 283 1
284 292 1
292 284 1
284 332 1
332 284 1
284 345 -1
345 284 -1
284 350 -1
350 284 -1
284 360 1
360 284 1
284 363 1
363 284 1
284 377 1
377 284 1
284 378 1
378 284 1
284 389 1
389 284 1
284 392 -1
392 284 -1
284 427 -1
427 284 -1
284 429 1
429 284 1
284 433 -1
433 284 -1
284 436 -1
436 284 -1
284 445 -1
445 284 -1
284 447 -1
447 284 -1
284 480 -1
480 284 -1
284 486 1
486 284 1
285 288 -1
288 285 -1
285 317 -1
317 285 -1
285 326 1
326 285 1
285 343 -1
343 285 -1
285 362 1
362 285 1
285 372 1
372 285 1
285 404 1
404 285 1
285 445 1
445 285 1
286 301 1
301 286 1
286 315 -1
315 286 -1
286 340 1
340 286 1
286 346 1
346 286 1
286 348 -1
348 286 -1
286 410 -1
410 286 -1
286 484 -1
484 286 -1
287 342 -1
342 287 -1
287 349 1
349 287 1
287 364 1
364 287 1
287 387 -1
387 287 -1
287 397 1
397 287 1
287 432 1
432 287 1
287 443 1
443 287 1
287 481 -1
481 287 -1
288 291 1
291 288 1
288 319 1
319 288 1
288 327 1
327 288 1
288 384 -1
384 288 -1
288 418 1
418 288 1
288 464 -1
464 288 -1
289 322 1
322 289 1
289 336 1
336 289 1
289 342 1
342 289 1
289 379 1
379 289 1
289 419 1
419 289 1
289 444 1
444 289 1
289 459 1
459 289 1
289 472 1
472 289 1
289 476 -1
476 289 -1
289 488 1
488 289 1
290 336 -1
336 290 -1
290 377 1
377 290 1
290 391 1
391 290 1
291 328 1
328 291 1
291 396 1
396 291 1
291 414 -1
414 291 -1
291 418 -1
418 291 -1
291 442 1
442 291 1
291 447 -1
447 291 -1
291 453 1
453 291 1
292 294 -1
294 292 -1
292 329 -1
329 292 -1
292 345 -1
345 292 -1
292 359 -1
359 292 -1
292 391 1
391 292 1
292 429 1
429 292 1
292 449 -1
449 292 -1
293 304 1
304 293 1
293 305 1
305 293 1
293 318 -1
318 293 -1
293 339 1
339 293 1
293 386 1
386 293 1
293 387 -1
387 293 -1
293 426 -1
426 293 -1
293 448 1
448 293 1
293 451 1
451 293 1
294 308 1
308 294 1
294 350 -1
350 294 -1
294 360 -1
360 294 -1
294 369 -1
369 294 -1
294 376 -1
376 294 -1
294 428 1
428 294 1
294 431 1
431 294 1
294 446 -1
446 294 -1
294 457 -1
457 294 -1
294 469 1
469 294 1
294 489 -1
489 294 -1
295 338 -1
338 295 -1
295 348 -1
348 295 -1
295 349 1
349 295 1
295 364 1
364 295 1
295 432 1
432 295 1
295 438 1
438 295 1
295 443 1
443 295 1
295 449 1
449 295 1
295 470 1
470 295 1
295 480 -1
480 295 -1
296 336 -1
336 296 -1
296 342 1
342 296 1
296 425 1
425 296 1
297 329 1
329 297 1
297 349 1
349 297 1
297 371 -1
371 297 -1
297 392 -1
392 297 -1
297 432 -1
432 297 -1
297 443 1
443 297 1
297 449 1
449 297 1
298 313 1
313 298 1
298 330 1
330 298 1
298 337 1
337 298 1
298 362 1
362 298 1
298 369 -1
369 298 -1
298 433 -1
433 298 -1
299 310 1
310 299 1
299 314 1
314 299 1
299 317 -1
317 299 -1
299 320 1
320 299 1
299 446 1
446 299 1
299 471 1
471 299 1
299 491 1
491 299 1
299 498 -1
498 299 -1
300 313 -1
313 300 -1
300 320 1
320 300 1
300 371 -1
371 300 -1
300 399 -1
399 300 -1
300 419 1
419 300 1
300 447 1
447 300 1
300 455 -1
455 300 -1
300 458 1
458 300 1
300 459 1
459 300 1
300 474 1
474 300 1
300 499 1
499 300 1
301 382 -1
382 301 -1
301 454 -1
454 301 -1
301 478 -1
478 301 -1
301 484 1
484 301 1
302 336 1
336 302 1
302 379 1
379 302 1
302 427 1
427 302 1
302 433 1
433 302 1
302 439 -1
439 302 -1
302 457 -1
457 302 -1
302 459 -1
459 302 -1
303 311 1
311 303 1
303 321 1
321 303 1
303 346 1
346 303 1
303 365 1
365 303 1
303 375 1
375 303 1
303 395 1
395 303 1
303 401 1
401 303 1
303 413 -1
413 303 -1
303 416 -1
416 303 -1
303 420 -1
420 303 -1
303 426 1
426 303 1
303 454 1
454 303 1
303 456 1
456 303 1
303 457 1
457 303 1
303 465 1
465 303 1
303 467 1
467 303 1
303 481 1
481 303 1
304 339 1
339 304 1
304 360 -1
360 304 -1
304 375 -1
375 304 -1
304 386 1
386 304 1
304 387 1
387 304 1
304 415 1
415 304 1
304 451 1
451 304 1
305 386 1
386 305 1
305 387 1
387 305 1
306 343 1
343 306 1
306 371 1
371 306 1
306 441 1
441 306 1
306 444 -1
444 306 -1
306 466 1
466 306 1
306 477 1
477 306 1
306 478 -1
478 306 -1
306 480 1
480 306 1
307 313 1
313 307 1
307 337 1
337 307 1
307 361 1
361 307 1
307 384 1
384 307 1
307 386 -1
386 307 -1
307 446 -1
446 307 -1
308 325 -1
325 308 -1
308 337 -1
337 308 -1
308 415 -1
415 308 -1
309 324 1
324 309 1
309 334 1
334 309 1
309 359 -1
359 309 -1
309 367 -1
367 309 -1
309 422 1
422 309 1
309 435 1
435 309 1
309 436 1
436 309 1
309 485 -1
485 309 -1
310 396 -1
396 310 -1
310 421 -1
421 310 -1
310 446 1
446 310 1
310 491 1
491 310 1
310 498 -1
498 310 -1
311 342 -1
342 311 -1
311 365 -1
365 311 -1
311 394 -1
394 311 -1
311 395 1
395 311 1
311 426 1
426 311 1
311 454 1
454 311 1
311 456 1
456 311 1
311 484 1
484 311 1
312 376 1
376 312 1
312 435 -1
435 312 -1
312 469 -1
469 312 -1
313 324 -1
324 313 -1
313 330 1
330 313 1
313 331 -1
331 313 -1
313 337 1
337 313 1
313 361 1
361 313 1
313 362 1
362 313 1
313 369 -1
369 313 -1
313 371 -1
371 313 -1
313 372 1
372 313 1
313 414 1
414 313 1
313 445 1
445 313 1
313 473 1
473 313 1
314 446 1
446 314 1
314 491 -1
491 314 -1
314 498 1
498 314 1
315 346 1
346 315 1
315 360 -1
360 315 -1
315 397 -1
397 315 -1
315 410 -1
410 315 -1
315 421 1
421 315 1
315 484 -1
484 315 -1
315 488 1
488 315 1
315 493 1
493 315 1
316 317 1
317 316 1
316 405 1
405 316 1
316 460 -1
460 316 -1
317 322 1
322 317 1
317 323 1
323 317 1
317 326 -1
326 317 -1
317 327 1
327 317 1
317 338 1
338 317 1
317 341 1
341 317 1
317 345 1
345 317 1
317 353 1
353 317 1
317 372 -1
372 317 -1
317 373 1
373 317 1
317 394 1
394 317 1
317 405 1
405 317 1
317 407 1
407 317 1
317 409 1
409 317 1
317 434 1
434 317 1
317 460 1
460 317 1
317 490 1
490 317 1
317 492 1
492 317 1
318 334 -1
334 318 -1
318 339 -1
339 318 -1
318 351 1
351 318 1
318 386 1
386 318 1
318 392 -1
392 318 -1
318 452 1
452 318 1
319 320 -1
320 319 -1
319 328 1
328 319 1
319 418 1
418 319 1
320 345 -1
345 320 -1
320 354 1
354 320 1
320 357 -1
357 320 -1
320 364 1
364 320 1
320 366 -1
366 320 -1
320 382 -1
382 320 -1
320 399 1
399 320 1
320 435 -1
435 320 -1
320 458 1
458 320 1
320 497 1
497 320 1
320 499 -1
499 320 -1
321 354 -1
354 321 -1
321 457 1
457 321 1
321 467 1
467 321 1
321 481 1
481 321 1
322 323 1
323 322 1
322 330 -1
330 322 -1
322 338 1
338 322 1
322 341 1
341 322 1
322 345 1
345 322 1
322 349 -1
349 322 -1
322 361 -1
361 322 -1
322 363 -1
363 322 -1
322 364 -1
364 322 -1
322 373 1
373 322 1
322 394 1
394 322 1
322 399 -1
399 322 -1
322 402 -1
402 322 -1
322 405 1
405 322 1
322 409 1
409 322 1
322 424 1
424 322 1
322 460 1
460 322 1
322 479 1
479 322 1
322 492 1
492 322 1
322 496 -1
496 322 -1
322 499 1
499 322 1
323 373 -1
373 323 -1
323 473 -1
473 323 -1
324 326 1
326 324 1
324 378 1
378 324 1
324 407 -1
407 324 -1
324 435 1
435 324 1
324 436 1
436 324 1
324 464 1
464 324 1
325 405 1
405 325 1
325 428 1
428 325 1
325 431 1
431 325 1
326 331 -1
331 326 -1
326 344 -1
344 326 -1
326 348 1
348 326 1
326 355 1
355 326 1
326 397 1
397 326 1
326 435 1
435 326 1
326 436 1
436 326 1
326 443 -1
443 326 -1
326 476 1
476 326 1
326 496 1
496 326 1
327 341 -1
341 327 -1
327 373 1
373 327 1
327 391 -1
391 327 -1
327 405 -1
405 327 -1
327 451 1
451 327 1
328 347 1
347 328 1
328 349 -1
349 328 -1
328 398 1
398 328 1
328 404 1
404 328 1
328 406 1
406 328 1
328 418 1
418 328 1
328 420 -1
420 328 -1
328 442 1
442 328 1
328 453 -1
453 328 -1
328 462 -1
462 328 -1
328 482 1
482 328 1
329 341 -1
341 329 -1
329 364 1
364 329 1
329 431 -1
431 329 -1
329 432 -1
432 329 -1
329 438 1
438 329 1
329 443 1
443 329 1
329 462 -1
462 329 -1
329 470 1
470 329 1
330 337 1
337 330 1
331 384 1
384 331 1
332 391 1
391 332 1
333 358 1
358 333 1
333 393 1
393 333 1
333 418 1
418 333 1
333 485 1
485 333 1
333 489 1
489 333 1
334 348 1
348 334 1
334 355 1
355 334 1
334 389 1
389 334 1
334 390 1
390 334 1
334 435 1
435 334 1
334 442 1
442 334 1
334 496 1
496 334 1
335 337 1
337 335 1
335 343 1
343 335 1
335 361 1
361 335 1
335 384 1
384 335 1
335 396 -1
396 335 -1
335 471 -1
471 335 -1
335 485 -1
485 335 -1
336 379 1
379 336 1
336 427 -1
427 336 -1
336 433 1
433 336 1
336 459 1
459 336 1
336 461 -1
461 336 -1
337 343 1
343 337 1
337 352 -1
352 337 -1
337 361 1
361 337 1
337 362 1
362 337 1
337 372 1
372 337 1
337 382 -1
382 337 -1
337 384 1
384 337 1
337 404 1
404 337 1
337 441 -1
441 337 -1
337 445 1
445 337 1
337 470 -1
470 337 -1
337 485 1
485 337 1
338 345 1
345 338 1
338 361 -1
361 338 -1
338 373 1
373 338 1
338 376 -1
376 338 -1
338 394 -1
394 338 -1
338 398 -1
398 338 -1
338 402 -1
402 338 -1
338 412 -1
412 338 -1
339 349 -1
349 339 -1
339 350 1
350 339 1
339 351 -1
351 339 -1
339 386 1
386 339 1
339 387 1
387 339 1
339 394 -1
394 339 -1
339 415 1
415 339 1
339 416 -1
416 339 -1
339 423 1
423 339 1
339 430 1
430 339 1
339 436 -1
436 339 -1
339 443 1
443 339 1
339 448 1
448 339 1
339 451 -1
451 339 -1
340 451 -1
451 340 -1
340 455 1
455 340 1
340 457 -1
457 340 -1
340 484 1
484 340 1
340 494 -1
494 340 -1
341 345 -1
345 341 -1
341 349 -1
349 341 -1
341 405 1
405 341 1
341 409 1
409 341 1
341 426 -1
426 341 -1
341 442 -1
442 341 -1
341 492 1
492 341 1
342 379 1
379 342 1
342 413 -1
413 342 -1
342 444 1
444 342 1
342 459 1
459 342 1
343 394 -1
394 343 -1
343 404 1
404 343 1
343 461 -1
461 343 -1
343 474 -1
474 343 -1
344 350 1
350 344 1
344 366 1
366 344 1
344 408 1
408 344 1
344 413 -1
413 344 -1
345 347 -1
347 345 -1
345 348 -1
348 345 -1
345 353 1
353 345 1
345 389 -1
389 345 -1
345 402 1
402 345 1
345 405 1
405 345 1
345 409 1
409 345 1
345 424 1
424 345 1
345 447 -1
447 345 -1
345 460 1
460 345 1
345 479 1
479 345 1
345 490 1
490 345 1
346 428 -1
428 346 -1
346 448 -1
448 346 -1
346 458 1
458 346 1
346 468 1
468 346 1
346 488 1
488 346 1
347 402 -1
402 347 -1
347 442 1
442 347 1
348 350 1
350 348 1
348 354 -1
354 348 -1
348 355 1
355 348 1
348 359 -1
359 348 -1
348 389 1
389 348 1
348 390 1
390 348 1
348 397 1
397 348 1
348 435 1
435 348 1
348 464 1
464 348 1
348 476 1
476 348 1
349 354 -1
354 349 -1
349 364 1
364 349 1
349 411 1
411 349 1
349 432 1
432 349 1
349 443 1
443 349 1
349 449 1
449 349 1
349 461 1
461 349 1
349 495 -1
495 349 -1
350 366 1
366 350 1
350 367 1
367 350 1
350 374 1
374 350 1
350 403 -1
403 350 -1
350 406 -1
406 350 -1
350 410 1
410 350 1
350 413 1
413 350 1
350 429 -1
429 350 -1
350 439 1
439 350 1
350 440 1
440 350 1
350 461 1
461 350 1
350 473 1
473 350 1
350 494 -1
494 350 -1
350 495 1
495 350 1
352 370 1
370 352 1
352 403 -1
403 352 -1
352 404 1
404 352 1
352 411 1
411 352 1
352 425 1
425 352 1
352 440 1
440 352 1
352 461 1
461 352 1
352 473 1
473 352 1
352 494 1
494 352 1
353 405 1
405 353 1
354 358 -1
358 354 -1
354 399 1
399 354 1
354 405 -1
405 354 -1
354 446 -1
446 354 -1
354 447 -1
447 354 -1
354 458 1
458 354 1
354 459 -1
459 354 -1
354 473 -1
473 354 -1
354 474 1
474 354 1
354 480 -1
480 354 -1
354 497 1
497 354 1
354 499 1
499 354 1
355 389 1
389 355 1
355 405 -1
405 355 -1
355 418 -1
418 355 -1
355 435 1
435 355 1
355 436 1
436 355 1
356 371 1
371 356 1
356 385 -1
385 356 -1
356 478 1
478 356 1
356 480 -1
480 356 -1
356 498 1
498 356 1
357 370 -1
370 357 -1
357 390 -1
390 357 -1
357 460 -1
460 357 -1
358 370 -1
370 358 -1
358 399 1
399 358 1
358 403 -1
403 358 -1
358 474 1
474 358 1
359 441 -1
441 359 -1
359 477 1
477 359 1
359 480 1
480 359 1
359 483 -1
483 359 -1
360 363 1
363 360 1
360 378 1
378 360 1
360 429 1
429 360 1
360 445 -1
445 360 -1
360 471 -1
471 360 -1
360 486 1
486 360 1
361 362 1
362 361 1
361 372 1
372 361 1
361 442 -1
442 361 -1
362 370 1
370 362 1
362 372 1
372 362 1
362 382 -1
382 362 -1
362 384 -1
384 362 -1
362 446 -1
446 362 -1
362 497 1
497 362 1
363 429 1
429 363 1
363 437 -1
437 363 -1
364 438 1
438 364 1
364 443 1
443 364 1
364 461 -1
461 364 -1
365 375 -1
375 365 -1
365 377 1
377 365 1
365 379 -1
379 365 -1
365 395 1
395 365 1
365 423 -1
423 365 -1
365 426 1
426 365 1
365 457 1
457 365 1
365 465 1
465 365 1
366 403 1
403 366 1
366 473 1
473 366 1
366 495 -1
495 366 -1
367 379 -1
379 367 -1
367 381 -1
381 367 -1
367 439 1
439 367 1
367 441 -1
441 367 -1
367 473 1
473 367 1
367 495 1
495 367 1
368 373 -1
373 368 -1
368 377 -1
377 368 -1
368 433 1
433 368 1
368 444 -1
444 368 -1
368 459 1
459 368 1
369 427 -1
427 369 -1
369 431 1
431 369 1
369 442 -1
442 369 -1
370 411 1
411 370 1
370 440 -1
440 370 -1
370 461 1
461 370 1
370 495 1
495 370 1
371 385 -1
385 371 -1
371 450 1
450 371 1
371 466 -1
466 371 -1
371 469 1
469 371 1
371 477 1
477 371 1
371 478 1
478 371 1
371 480 1
480 371 1
372 384 1
384 372 1
372 404 1
404 372 1
372 405 -1
405 372 -1
372 409 -1
409 372 -1
372 445 1
445 372 1
372 488 -1
488 372 -1
373 405 1
405 373 1
373 409 1
409 373 1
373 424 1
424 373 1
373 459 -1
459 373 -1
373 492 1
492 373 1
374 494 1
494 374 1
375 376 1
376 375 1
375 457 1
457 375 1
375 491 1
491 375 1
376 379 -1
379 376 -1
376 416 1
416 376 1
376 428 1
428 376 1
377 411 -1
411 377 -1
377 423 -1
423 377 -1
377 486 1
486 377 1
378 427 1
427 378 1
378 429 1
429 378 1
378 483 -1
483 378 -1
379 419 1
419 379 1
379 427 -1
427 379 -1
379 433 1
433 379 1
379 435 -1
435 379 -1
379 444 -1
444 379 -1
379 459 -1
459 379 -1
379 472 1
472 379 1
380 468 -1
468 380 -1
381 433 1
433 381 1
382 393 1
393 382 1
382 437 1
437 382 1
382 475 1
475 382 1
382 483 -1
483 382 -1
382 485 1
485 382 1
382 489 1
489 382 1
383 408 1
408 383 1
383 411 1
411 383 1
383 413 1
413 383 1
383 459 -1
459 383 -1
384 409 -1
409 384 -1
384 455 -1
455 384 -1
384 459 -1
459 384 -1
384 485 -1
485 384 -1
385 394 -1
394 385 -1
385 416 -1
416 385 -1
385 441 1
441 385 1
385 450 1
450 385 1
385 471 -1
471 385 -1
385 477 1
477 385 1
385 480 1
480 385 1
385 497 -1
497 385 -1
386 387 1
387 386 1
386 392 1
392 386 1
386 415 1
415 386 1
386 423 1
423 386 1
386 430 1
430 386 1
386 431 -1
431 386 -1
386 448 1
448 386 1
386 451 1
451 386 1
386 452 1
452 386 1
387 415 1
415 387 1
387 423 -1
423 387 -1
387 430 1
430 387 1
387 448 1
448 387 1
387 449 -1
449 387 -1
387 451 1
451 387 1
387 465 -1
465 387 -1
388 392 -1
392 388 -1
388 433 1
433 388 1
388 459 1
459 388 1
389 422 1
422 389 1
389 435 -1
435 389 -1
390 435 1
435 390 1
390 464 1
464 390 1
392 415 1
415 392 1
392 421 1
421 392 1
392 430 1
430 392 1
392 451 1
451 392 1
393 400 1
400 393 1
393 473 -1
473 393 -1
393 483 1
483 393 1
393 487 -1
487 393 -1
393 489 1
489 393 1
393 495 1
495 393 1
395 401 -1
401 395 -1
395 406 -1
406 395 -1
395 426 1
426 395 1
395 454 1
454 395 1
395 457 1
457 395 1
395 465 1
465 395 1
395 481 -1
481 395 -1
396 429 -1
429 396 -1
396 442 1
442 396 1
397 435 1
435 397 1
397 498 -1
498 397 -1
398 435 -1
435 398 -1
399 402 -1
402 399 -1
399 424 -1
424 399 -1
399 435 1
435 399 1
399 447 1
447 399 1
399 483 1
483 399 1
399 499 1
499 399 1
400 437 1
437 400 1
400 485 -1
485 400 -1
400 489 1
489 400 1
401 420 1
420 401 1
401 426 1
426 401 1
401 454 1
454 401 1
401 481 1
481 401 1
402 407 1
407 402 1
402 409 -1
409 402 -1
403 413 1
413 403 1
403 425 1
425 403 1
403 440 1
440 403 1
404 445 1
445 404 1
405 409 1
409 405 1
405 416 -1
416 405 -1
405 434 -1
434 405 -1
405 445 -1
445 405 -1
405 460 1
460 405 1
405 479 1
479 405 1
405 490 1
490 405 1
405 492 1
492 405 1
406 418 1
418 406 1
407 452 -1
452 407 -1
407 490 1
490 407 1
408 411 1
411 408 1
409 443 -1
443 409 -1
409 460 1
460 409 1
409 479 1
479 409 1
410 413 1
413 410 1
410 440 -1
440 410 -1
410 461 1
461 410 1
410 473 1
473 410 1
411 495 1
495 411 1
412 429 1
429 412 1
412 431 -1
431 412 -1
412 445 -1
445 412 -1
412 452 -1
452 412 -1
413 425 1
425 413 1
413 439 1
439 413 1
413 440 1
440 413 1
415 451 1
451 415 1
415 452 1
452 415 1
415 497 -1
497 415 -1
416 428 1
428 416 1
416 431 1
431 416 1
416 471 -1
471 416 -1
416 489 -1
489 416 -1
417 497 -1
497 417 -1
418 442 1
442 418 1
418 445 -1
445 418 -1
418 480 -1
480 418 -1
418 495 -1
495 418 -1
419 449 -1
449 419 -1
420 426 1
426 420 1
420 429 -1
429 420 -1
420 465 1
465 420 1
420 467 1
467 420 1
420 488 1
488 420 1
421 488 1
488 421 1
422 435 1
435 422 1
422 436 1
436 422 1
422 496 1
496 422 1
423 430 -1
430 423 -1
423 448 1
448 423 1
423 451 -1
451 423 -1
424 494 -1
494 424 -1
425 427 -1
427 425 -1
425 461 1
461 425 1
426 430 -1
430 426 -1
426 456 1
456 426 1
426 457 1
457 426 1
426 484 -1
484 426 -1
426 499 -1
499 426 -1
427 433 1
433 427 1
427 444 1
444 427 1
427 459 1
459 427 1
428 431 1
431 428 1
429 433 1
433 429 1
429 486 1
486 429 1
430 431 -1
431 430 -1
430 452 1
452 430 1
430 478 -1
478 430 -1
431 469 1
469 431 1
431 486 -1
486 431 -1
432 438 1
438 432 1
432 443 1
443 432 1
432 449 1
449 432 1
432 457 -1
457 432 -1
432 470 1
470 432 1
432 498 -1
498 432 -1
433 444 1
444 433 1
433 459 -1
459 433 -1
433 482 1
482 433 1
434 486 -1
486 434 -1
434 489 -1
489 434 -1
435 436 1
436 435 1
435 451 -1
451 435 -1
435 476 1
476 435 1
435 496 1
496 435 1
436 469 -1
469 436 -1
437 475 -1
475 437 -1
437 483 1
483 437 1
437 485 1
485 437 1
437 489 -1
489 437 -1
438 443 1
443 438 1
440 461 -1
461 440 -1
441 450 1
450 441 1
441 478 1
478 441 1
441 480 1
480 441 1
441 484 -1
484 441 -1
442 453 1
453 442 1
442 455 1
455 442 1
443 444 1
444 443 1
443 449 1
449 443 1
443 470 1
470 443 1
444 459 1
459 444 1
444 461 -1
461 444 -1
444 465 -1
465 444 -1
444 472 -1
472 444 -1
446 462 -1
462 446 -1
446 463 1
463 446 1
446 471 1
471 446 1
446 491 1
491 446 1
446 498 1
498 446 1
447 450 -1
450 447 -1
448 452 -1
452 448 -1
449 470 1
470 449 1
449 486 -1
486 449 -1
450 459 1
459 450 1
450 466 -1
466 450 -1
450 478 1
478 450 1
450 480 1
480 450 1
451 452 1
452 451 1
451 498 -1
498 451 -1
453 482 1
482 453 1
454 456 1
456 454 1
454 493 -1
493 454 -1
457 481 1
481 457 1
458 471 -1
471 458 -1
459 472 -1
472 459 -1
460 469 -1
469 460 -1
461 494 1
494 461 1
461 495 1
495 461 1
462 498 1
498 462 1
463 498 1
498 463 1
466 478 1
478 466 1
466 480 1
480 466 1
469 498 1
498 469 1
471 491 1
491 471 1
471 498 1
498 471 1
472 480 1
480 472 1
472 494 -1
494 472 -1
473 486 -1
486 473 -1
473 494 1
494 473 1
473 495 1
495 473 1
474 494 1
494 474 1
474 497 1
497 474 1
475 487 1
487 475 1
475 489 1
489 475 1
477 480 1
480 477 1
478 480 1
480 478 1
478 498 -1
498 478 -1
483 485 -1
485 483 -1
483 489 1
489 483 1
483 496 1
496 483 1
484 486 -1
486 484 -1
484 488 1
488 484 1
485 487 1
487 485 1
485 489 -1
489 485 -1
487 489 -1
489 487 -1
488 493 1
493 488 1
488 494 -1
494 488 -1
491 498 -1
498 491 -1
