0 20 1
20 0 1
0 77 1
77 0 1
0 81 -1
81 0 -1
0 117 -1
117 0 -1
0 147 -1
147 0 -1
0 154 1
154 0 1
0 170 1
170 0 1
0 188 1
188 0 1
0 204 1
204 0 1
0 249 1
249 0 1
0 252 1
252 0 1
0 295 1
295 0 1
0 321 1
321 0 1
0 334 -1
334 0 -1
0 390 -1
390 0 -1
0 428 1
428 0 1
0 455 -1
455 0 -1
1 110 1
110 1 1
1 121 -1
121 1 -1
1 141 -1
141 1 -1
1 147 1
147 1 1
1 191 -1
191 1 -1
1 205 1
205 1 1
1 217 1
217 1 1
1 267 -1
267 1 -1
1 276 -1
276 1 -1
1 277 1
277 1 1
1 405 -1
405 1 -1
1 408 1
408 1 1
1 416 -1
416 1 -1
1 423 -1
423 1 -1
1 428 -1
428 1 -1
1 432 -1
432 1 -1
1 467 -1
467 1 -1
1 472 1
472 1 1
1 497 -1
497 1 -1
2 25 1
25 2 1
2 44 1
44 2 1
2 53 -1
53 2 -1
2 70 1
70 2 1
2 197 -1
197 2 -1
2 214 1
214 2 1
2 219 -1
219 2 -1
2 253 1
253 2 1
2 274 -1
274 2 -1
2 342 1
342 2 1
2 379 1
379 2 1
2 391 1
391 2 1
2 454 -1
454 2 -1
2 471 -1
471 2 -1
3 54 1
54 3 1
3 78 1
78 3 1
3 89 1
89 3 1
3 122 -1
122 3 -1
3 195 1
195 3 1
3 228 -1
228 3 -1
3 238 -1
238 3 -1
3 271 -1
271 3 -1
3 289 1
289 3 1
3 346 -1
346 3 -1
3 370 1
370 3 1
3 409 -1
409 3 -1
3 422 1
422 3 1
3 476 -1
476 3 -1
3 483 1
483 3 1
3 486 1
486 3 1
4 16 -1
16 4 -1
4 55 1
55 4 1
4 186 -1
186 4 -1
4 193 -1
193 4 -1
4 220 -1
220 4 -1
4 252 -1
252 4 -1
4 282 1
282 4 1
4 291 1
291 4 1
4 309 -1
309 4 -1
4 334 1
334 4 1
4 423 -1
423 4 -1
4 460 -1
460 4 -1
4 476 1
476 4 1
4 480 1
480 4 1
4 484 1
484 4 1
4 499 1
499 4 1
5 69 -1
69 5 -1
5 107 -1
107 5 -1
5 125 -1
125 5 -1
5 162 1
162 5 1
5 219 -1
219 5 -1
5 265 1
265 5 1
5 282 -1
282 5 -1
5 415 1
415 5 1
5 434 -1
434 5 -1
5 455 1
455 5 1
5 491 -1
491 5 -1
5 492 1
492 5 1
6 69 -1
69 6 -1
6 110 1
110 6 1
6 185 1
185 6 1
6 239 -1
239 6 -1
6 309 1
309 6 1
6 330 -1
330 6 -1
6 400 1
400 6 1
6 432 1
432 6 1
6 467 1
467 6 1
6 468 -1
468 6 -1
6 472 1
472 6 1
6 479 1
479 6 1
7 12 1
12 7 1
7 70 -1
70 7 -1
7 127 1
127 7 1
7 172 1
172 7 1
7 195 1
195 7 1
7 210 1
210 7 1
7 214 1
214 7 1
7 220 -1
220 7 -1
7 228 1
228 7 1
7 274 1
274 7 1
7 275 -1
275 7 -1
7 276 -1
276 7 -1
7 290 1
290 7 1
7 300 -1
300 7 -1
7 317 -1
317 7 -1
7 323 1
323 7 1
7 342 -1
342 7 -1
7 357 1
357 7 1
7 398 1
398 7 1
7 438 1
438 7 1
8 37 1
37 8 1
8 100 1
100 8 1
8 105 -1
105 8 -1
8 125 -1
125 8 -1
8 162 1
162 8 1
8 217 -1
217 8 -1
8 285 1
285 8 1
8 296 1
296 8 1
8 298 -1
298 8 -1
8 390 -1
390 8 -1
8 434 -1
434 8 -1
8 465 1
465 8 1
9 44 -1
44 9 -1
9 109 1
109 9 1
9 125 -1
125 9 -1
9 138 -1
138 9 -1
9 171 -1
171 9 -1
9 172 -1
172 9 -1
9 259 1
259 9 1
9 272 1
272 9 1
9 291 1
291 9 1
9 315 -1
315 9 -1
9 323 -1
323 9 -1
9 325 -1
325 9 -1
9 334 1
334 9 1
9 338 -1
338 9 -1
9 359 1
359 9 1
9 363 1
363 9 1
9 368 1
368 9 1
9 383 -1
383 9 -1
9 398 -1
398 9 -1
9 456 1
456 9 1
10 30 -1
30 10 -1
10 42 1
42 10 1
10 55 -1
55 10 -1
10 87 1
87 10 1
10 116 -1
116 10 -1
10 161 -1
161 10 -1
10 177 1
177 10 1
10 184 1
184 10 1
10 193 -1
193 10 -1
10 210 -1
210 10 -1
10 246 1
246 10 1
10 250 -1
250 10 -1
10 257 -1
257 10 -1
10 291 1
291 10 1
10 300 1
300 10 1
10 309 1
309 10 1
10 349 -1
349 10 -1
10 372 -1
372 10 -1
10 376 1
376 10 1
10 405 1
405 10 1
10 434 1
434 10 1
10 440 1
440 10 1
10 449 1
449 10 1
10 457 1
457 10 1
10 461 -1
461 10 -1
10 484 -1
484 10 -1
11 64 -1
64 11 -1
11 95 -1
95 11 -1
11 145 -1
145 11 -1
11 178 1
178 11 1
11 195 -1
195 11 -1
11 237 -1
237 11 -1
11 250 -1
250 11 -1
11 293 -1
293 11 -1
11 307 1
307 11 1
11 319 1
319 11 1
11 328 1
328 11 1
11 337 1
337 11 1
11 349 1
349 11 1
11 356 -1
356 11 -1
11 391 1
391 11 1
11 495 1
495 11 1
12 23 -1
23 12 -1
12 25 1
25 12 1
12 44 1
44 12 1
12 121 -1
121 12 -1
12 129 -1
129 12 -1
12 210 1
210 12 1
12 228 1
228 12 1
12 262 1
262 12 1
12 426 -1
426 12 -1
13 20 -1
20 13 -1
13 38 -1
38 13 -1
13 49 -1
49 13 -1
13 98 1
98 13 1
13 122 1
122 13 1
13 213 1
213 13 1
13 236 1
236 13 1
13 293 1
293 13 1
13 318 -1
318 13 -1
13 473 -1
473 13 -1
14 16 1
16 14 1
14 21 -1
21 14 -1
14 32 1
32 14 1
14 44 -1
44 14 -1
14 62 -1
62 14 -1
14 77 1
77 14 1
14 95 1
95 14 1
14 114 1
114 14 1
14 132 1
132 14 1
14 164 1
164 14 1
14 166 -1
166 14 -1
14 176 1
176 14 1
14 234 1
234 14 1
14 252 -1
252 14 -1
14 305 1
305 14 1
14 394 1
394 14 1
14 456 1
456 14 1
14 498 1
498 14 1
15 94 -1
94 15 -1
15 143 -1
143 15 -1
15 201 -1
201 15 -1
15 228 -1
228 15 -1
15 279 -1
279 15 -1
15 292 1
292 15 1
15 319 -1
319 15 -1
15 329 1
329 15 1
15 391 -1
391 15 -1
15 402 1
402 15 1
15 403 1
403 15 1
15 405 1
405 15 1
15 424 1
424 15 1
15 493 1
493 15 1
16 18 1
18 16 1
16 32 1
32 16 1
16 44 -1
44 16 -1
16 45 1
45 16 1
16 46 -1
46 16 -1
16 69 -1
69 16 -1
16 75 1
75 16 1
16 77 1
77 16 1
16 85 1
85 16 1
16 95 1
95 16 1
16 96 -1
96 16 -1
16 106 -1
106 16 -1
16 114 1
114 16 1
16 119 -1
119 16 -1
16 120 1
120 16 1
16 130 -1
130 16 -1
16 132 1
132 16 1
16 138 1
138 16 1
16 164 1
164 16 1
16 175 1
175 16 1
16 176 1
176 16 1
16 178 -1
178 16 -1
16 200 -1
200 16 -1
16 234 1
234 16 1
16 244 1
244 16 1
16 304 -1
304 16 -1
16 307 -1
307 16 -1
16 308 -1
308 16 -1
16 313 -1
313 16 -1
16 328 -1
328 16 -1
16 348 1
348 16 1
16 362 -1
362 16 -1
16 372 -1
372 16 -1
16 378 1
378 16 1
16 385 -1
385 16 -1
16 426 -1
426 16 -1
16 430 1
430 16 1
16 437 1
437 16 1
16 438 -1
438 16 -1
16 445 1
445 16 1
16 489 -1
489 16 -1
16 498 1
498 16 1
17 29 1
29 17 1
17 30 1
30 17 1
17 88 -1
88 17 -1
17 99 1
99 17 1
17 103 1
103 17 1
17 116 1
116 17 1
17 166 -1
166 17 -1
17 222 1
222 17 1
17 241 -1
241 17 -1
17 278 -1
278 17 -1
17 298 -1
298 17 -1
17 302 1
302 17 1
17 307 -1
307 17 -1
17 328 -1
328 17 -1
17 331 1
331 17 1
17 335 1
335 17 1
17 350 -1
350 17 -1
17 455 -1
455 17 -1
18 77 1
77 18 1
18 85 1
85 18 1
18 95 1
95 18 1
18 96 -1
96 18 -1
18 111 -1
111 18 -1
18 114 1
114 18 1
18 138 1
138 18 1
18 160 -1
160 18 -1
18 212 -1
212 18 -1
18 230 1
230 18 1
18 232 -1
232 18 -1
18 234 1
234 18 1
18 239 -1
239 18 -1
18 244 1
244 18 1
18 318 1
318 18 1
18 348 1
348 18 1
18 354 -1
354 18 -1
18 437 1
437 18 1
18 459 1
459 18 1
18 498 1
498 18 1
19 20 -1
20 19 -1
19 37 1
37 19 1
19 62 1
62 19 1
19 197 1
197 19 1
19 299 1
299 19 1
19 370 1
370 19 1
19 423 -1
423 19 -1
19 455 1
455 19 1
19 465 1
465 19 1
19 467 -1
467 19 -1
19 469 -1
469 19 -1
19 479 -1
479 19 -1
19 491 -1
491 19 -1
20 68 1
68 20 1
20 93 1
93 20 1
20 98 1
98 20 1
20 152 1
152 20 1
20 158 -1
158 20 -1
20 179 -1
179 20 -1
20 191 1
191 20 1
20 271 -1
271 20 -1
20 290 -1
290 20 -1
20 301 1
301 20 1
20 337 -1
337 20 -1
20 354 1
354 20 1
20 373 1
373 20 1
20 448 -1
448 20 -1
20 467 -1
467 20 -1
21 27 1
27 21 1
21 69 1
69 21 1
21 78 -1
78 21 -1
21 89 1
89 21 1
21 102 -1
102 21 -1
21 122 1
122 21 1
21 131 -1
131 21 -1
21 195 -1
195 21 -1
21 218 1
218 21 1
21 233 -1
233 21 -1
21 241 -1
241 21 -1
21 246 -1
246 21 -1
21 256 1
256 21 1
21 267 1
267 21 1
21 362 -1
362 21 -1
21 365 -1
365 21 -1
21 422 1
422 21 1
21 486 1
486 21 1
21 488 -1
488 21 -1
22 28 -1
28 22 -1
22 65 1
65 22 1
22 152 -1
152 22 -1
22 163 1
163 22 1
22 174 -1
174 22 -1
22 178 1
178 22 1
22 328 1
328 22 1
22 361 -1
361 22 -1
22 391 1
391 22 1
22 399 -1
399 22 -1
22 428 -1
428 22 -1
22 466 -1
466 22 -1
23 34 1
34 23 1
23 58 1
58 23 1
23 81 1
81 23 1
23 83 1
83 23 1
23 141 1
141 23 1
23 174 -1
174 23 -1
23 188 -1
188 23 -1
23 223 -1
223 23 -1
23 272 1
272 23 1
23 426 -1
426 23 -1
24 61 -1
61 24 -1
24 88 -1
88 24 -1
24 94 1
94 24 1
24 152 1
152 24 1
24 330 1
330 24 1
24 379 -1
379 24 -1
24 398 -1
398 24 -1
24 442 1
442 24 1
24 468 1
468 24 1
24 472 -1
472 24 -1
25 39 1
39 25 1
25 42 -1
42 25 -1
25 44 -1
44 25 -1
25 70 1
70 25 1
25 127 1
127 25 1
25 147 1
147 25 1
25 153 1
153 25 1
25 168 1
168 25 1
25 171 1
171 25 1
25 172 1
172 25 1
25 180 1
180 25 1
25 187 -1
187 25 -1
25 192 -1
192 25 -1
25 195 -1
195 25 -1
25 197 1
197 25 1
25 210 1
210 25 1
25 214 1
214 25 1
25 221 1
221 25 1
25 228 1
228 25 1
25 239 -1
239 25 -1
25 241 -1
241 25 -1
25 248 -1
248 25 -1
25 251 1
251 25 1
25 269 1
269 25 1
25 272 -1
272 25 -1
25 291 -1
291 25 -1
25 293 -1
293 25 -1
25 297 1
297 25 1
25 299 1
299 25 1
25 303 -1
303 25 -1
25 305 -1
305 25 -1
25 315 -1
315 25 -1
25 323 1
323 25 1
25 342 1
342 25 1
25 346 -1
346 25 -1
25 354 -1
354 25 -1
25 364 -1
364 25 -1
25 371 -1
371 25 -1
25 379 1
379 25 1
25 397 1
397 25 1
25 399 -1
399 25 -1
25 411 -1
411 25 -1
25 438 1
438 25 1
25 443 -1
443 25 -1
25 449 -1
449 25 -1
25 467 -1
467 25 -1
25 493 -1
493 25 -1
26 64 -1
64 26 -1
26 82 1
82 26 1
26 99 1
99 26 1
26 129 1
129 26 1
26 182 1
182 26 1
26 260 1
260 26 1
26 273 1
273 26 1
26 331 -1
331 26 -1
26 350 -1
350 26 -1
26 420 -1
420 26 -1
27 69 1
69 27 1
27 78 -1
78 27 -1
27 105 1
105 27 1
27 125 -1
125 27 -1
27 127 -1
127 27 -1
27 148 -1
148 27 -1
27 250 1
250 27 1
27 337 -1
337 27 -1
27 343 -1
343 27 -1
27 355 -1
355 27 -1
27 448 -1
448 27 -1
27 466 1
466 27 1
28 69 1
69 28 1
28 89 -1
89 28 -1
28 113 1
113 28 1
28 122 1
122 28 1
28 159 -1
159 28 -1
28 166 -1
166 28 -1
28 207 -1
207 28 -1
28 349 -1
349 28 -1
28 422 1
422 28 1
28 453 -1
453 28 -1
28 486 1
486 28 1
29 39 -1
39 29 -1
29 47 -1
47 29 -1
29 77 -1
77 29 -1
29 78 -1
78 29 -1
29 79 1
79 29 1
29 82 1
82 29 1
29 85 -1
85 29 -1
29 99 1
99 29 1
29 102 1
102 29 1
29 103 1
103 29 1
29 116 1
116 29 1
29 119 -1
119 29 -1
29 129 1
129 29 1
29 134 -1
134 29 -1
29 139 1
139 29 1
29 142 1
142 29 1
29 148 1
148 29 1
29 159 1
159 29 1
29 181 1
181 29 1
29 195 -1
195 29 -1
29 204 1
204 29 1
29 218 1
218 29 1
29 219 -1
219 29 -1
29 222 1
222 29 1
29 228 -1
228 29 -1
29 266 -1
266 29 -1
29 273 -1
273 29 -1
29 275 1
275 29 1
29 302 1
302 29 1
29 331 1
331 29 1
29 339 1
339 29 1
29 354 -1
354 29 -1
29 368 -1
368 29 -1
29 374 1
374 29 1
29 453 1
453 29 1
29 457 1
457 29 1
29 494 1
494 29 1
29 498 -1
498 29 -1
30 41 1
41 30 1
30 78 -1
78 30 -1
30 97 -1
97 30 -1
30 99 1
99 30 1
30 101 1
101 30 1
30 102 1
102 30 1
30 104 -1
104 30 -1
30 113 -1
113 30 -1
30 129 1
129 30 1
30 132 -1
132 30 -1
30 148 1
148 30 1
30 159 1
159 30 1
30 179 -1
179 30 -1
30 183 1
183 30 1
30 218 1
218 30 1
30 222 1
222 30 1
30 289 -1
289 30 -1
30 302 1
302 30 1
30 311 1
311 30 1
30 331 1
331 30 1
30 339 -1
339 30 -1
30 359 -1
359 30 -1
30 361 1
361 30 1
30 380 1
380 30 1
30 424 -1
424 30 -1
30 468 -1
468 30 -1
30 469 -1
469 30 -1
31 62 1
62 31 1
31 87 1
87 31 1
31 124 -1
124 31 -1
31 152 -1
152 31 -1
31 162 1
162 31 1
31 386 -1
386 31 -1
31 387 1
387 31 1
31 445 -1
445 31 -1
31 455 1
455 31 1
31 491 1
491 31 1
32 45 1
45 32 1
32 60 -1
60 32 -1
32 75 1
75 32 1
32 77 1
77 32 1
32 82 1
82 32 1
32 85 1
85 32 1
32 95 1
95 32 1
32 114 1
114 32 1
32 138 1
138 32 1
32 175 1
175 32 1
32 200 -1
200 32 -1
32 234 1
234 32 1
32 238 -1
238 32 -1
32 240 -1
240 32 -1
32 287 -1
287 32 -1
32 297 -1
297 32 -1
32 348 -1
348 32 -1
32 379 -1
379 32 -1
32 439 -1
439 32 -1
32 467 -1
467 32 -1
32 498 -1
498 32 -1
33 87 1
87 33 1
33 256 1
256 33 1
33 266 1
266 33 1
33 283 -1
283 33 -1
33 291 -1
291 33 -1
33 364 1
364 33 1
33 370 -1
370 33 -1
33 390 -1
390 33 -1
33 478 1
478 33 1
33 490 1
490 33 1
34 37 -1
37 34 -1
34 64 1
64 34 1
34 81 1
81 34 1
34 83 -1
83 34 -1
34 108 1
108 34 1
34 160 1
160 34 1
34 192 -1
192 34 -1
34 223 1
223 34 1
34 224 1
224 34 1
34 258 1
258 34 1
34 347 -1
347 34 -1
34 428 -1
428 34 -1
34 451 -1
451 34 -1
34 476 -1
476 34 -1
34 486 1
486 34 1
34 496 -1
496 34 -1
35 73 1
73 35 1
35 85 1
85 35 1
35 95 -1
95 35 -1
35 111 1
111 35 1
35 114 1
114 35 1
35 138 1
138 35 1
35 234 -1
234 35 -1
35 270 1
270 35 1
35 348 1
348 35 1
35 435 -1
435 35 -1
35 438 1
438 35 1
35 480 -1
480 35 -1
35 498 1
498 35 1
36 40 1
40 36 1
36 68 1
68 36 1
36 73 1
73 36 1
36 74 1
74 36 1
36 95 -1
95 36 -1
36 157 1
157 36 1
36 178 -1
178 36 -1
36 293 1
293 36 1
36 336 1
336 36 1
36 372 -1
372 36 -1
36 401 -1
401 36 -1
36 482 1
482 36 1
37 62 1
62 37 1
37 102 -1
102 37 -1
37 106 -1
106 37 -1
37 131 1
131 37 1
37 142 1
142 37 1
37 213 -1
213 37 -1
37 339 -1
339 37 -1
37 345 1
345 37 1
37 370 -1
370 37 -1
37 426 -1
426 37 -1
37 440 -1
440 37 -1
37 455 1
455 37 1
37 465 1
465 37 1
38 53 -1
53 38 -1
38 55 1
55 38 1
38 60 1
60 38 1
38 95 -1
95 38 -1
38 98 -1
98 38 -1
38 315 -1
315 38 -1
38 381 -1
381 38 -1
38 434 1
434 38 1
38 440 1
440 38 1
38 449 1
449 38 1
38 460 1
460 38 1
38 468 1
468 38 1
38 488 -1
488 38 -1
39 44 1
44 39 1
39 69 -1
69 39 -1
39 70 1
70 39 1
39 96 1
96 39 1
39 171 1
171 39 1
39 210 1
210 39 1
39 238 -1
238 39 -1
39 251 -1
251 39 -1
39 262 1
262 39 1
39 291 1
291 39 1
39 315 1
315 39 1
39 323 1
323 39 1
39 342 1
342 39 1
39 350 -1
350 39 -1
39 361 -1
361 39 -1
39 399 -1
399 39 -1
39 424 -1
424 39 -1
39 446 -1
446 39 -1
40 45 -1
45 40 -1
40 67 1
67 40 1
40 83 -1
83 40 -1
40 91 1
91 40 1
40 100 1
100 40 1
40 131 1
131 40 1
40 162 1
162 40 1
40 249 -1
249 40 -1
40 273 -1
273 40 -1
40 305 -1
305 40 -1
40 415 1
415 40 1
40 455 1
455 40 1
40 477 -1
477 40 -1
41 45 1
45 41 1
41 82 1
82 41 1
41 102 1
102 41 1
41 116 1
116 41 1
41 125 -1
125 41 -1
41 202 -1
202 41 -1
41 277 -1
277 41 -1
41 307 1
307 41 1
41 310 -1
310 41 -1
41 331 1
331 41 1
41 335 1
335 41 1
41 361 1
361 41 1
41 453 1
453 41 1
41 473 -1
473 41 -1
42 43 -1
43 42 -1
42 78 -1
78 42 -1
42 194 1
194 42 1
42 208 1
208 42 1
42 227 -1
227 42 -1
42 243 -1
243 42 -1
42 261 1
261 42 1
42 338 1
338 42 1
42 381 1
381 42 1
42 423 -1
423 42 -1
42 424 1
424 42 1
42 470 1
470 42 1
43 52 1
52 43 1
43 102 -1
102 43 -1
43 115 1
115 43 1
43 130 1
130 43 1
43 136 1
136 43 1
43 138 -1
138 43 -1
43 150 1
150 43 1
43 174 1
174 43 1
43 182 -1
182 43 -1
43 200 -1
200 43 -1
43 261 1
261 43 1
43 269 -1
269 43 -1
43 277 -1
277 43 -1
43 302 -1
302 43 -1
43 329 1
329 43 1
43 336 -1
336 43 -1
43 338 1
338 43 1
43 355 1
355 43 1
43 360 -1
360 43 -1
43 365 -1
365 43 -1
43 398 -1
398 43 -1
43 401 -1
401 43 -1
43 402 1
402 43 1
43 410 1
410 43 1
43 424 1
424 43 1
43 443 1
443 43 1
43 462 -1
462 43 -1
43 465 -1
465 43 -1
43 470 1
470 43 1
43 487 -1
487 43 -1
43 492 -1
492 43 -1
43 496 1
496 43 1
44 56 -1
56 44 -1
44 99 -1
99 44 -1
44 119 -1
119 44 -1
44 190 -1
190 44 -1
44 197 1
197 44 1
44 210 1
210 44 1
44 221 1
221 44 1
44 228 1
228 44 1
44 262 1
262 44 1
44 269 -1
269 44 -1
44 308 -1
308 44 -1
44 314 -1
314 44 -1
44 323 1
323 44 1
44 338 -1
338 44 -1
44 342 1
342 44 1
44 399 1
399 44 1
44 414 -1
414 44 -1
45 67 -1
67 45 -1
45 95 -1
95 45 -1
45 97 -1
97 45 -1
45 132 1
132 45 1
45 234 1
234 45 1
45 288 -1
288 45 -1
45 430 1
430 45 1
46 125 1
125 46 1
46 156 1
156 46 1
46 201 -1
201 46 -1
46 261 -1
261 46 -1
46 330 -1
330 46 -1
46 334 1
334 46 1
46 413 -1
413 46 -1
46 449 -1
449 46 -1
46 456 1
456 46 1
46 462 1
462 46 1
46 477 -1
477 46 -1
47 57 -1
57 47 -1
47 59 1
59 47 1
47 61 1
61 47 1
47 70 -1
70 47 -1
47 88 -1
88 47 -1
47 97 -1
97 47 -1
47 104 1
104 47 1
47 107 1
107 47 1
47 113 -1
113 47 -1
47 114 1
114 47 1
47 123 1
123 47 1
47 127 -1
127 47 -1
47 130 1
130 47 1
47 152 1
152 47 1
47 158 -1
158 47 -1
47 189 -1
189 47 -1
47 202 1
202 47 1
47 211 1
211 47 1
47 232 1
232 47 1
47 246 -1
246 47 -1
47 266 1
266 47 1
47 304 1
304 47 1
47 310 -1
310 47 -1
47 313 1
313 47 1
47 330 1
330 47 1
47 341 1
341 47 1
47 346 1
346 47 1
47 406 1
406 47 1
47 407 1
407 47 1
47 433 1
433 47 1
47 451 1
451 47 1
47 458 -1
458 47 -1
47 462 1
462 47 1
47 488 -1
488 47 -1
47 493 -1
493 47 -1
48 51 1
51 48 1
48 59 1
59 48 1
48 89 -1
89 48 -1
48 92 1
92 48 1
48 152 1
152 48 1
48 165 -1
165 48 -1
48 211 1
211 48 1
48 266 1
266 48 1
48 330 1
330 48 1
48 346 1
346 48 1
48 379 -1
379 48 -1
48 413 -1
413 48 -1
48 433 1
433 48 1
48 442 1
442 48 1
49 62 -1
62 49 -1
49 81 1
81 49 1
49 83 1
83 49 1
49 135 1
135 49 1
49 206 -1
206 49 -1
49 223 1
223 49 1
49 224 -1
224 49 -1
49 463 1
463 49 1
49 490 -1
490 49 -1
50 102 -1
102 50 -1
50 140 -1
140 50 -1
50 165 -1
165 50 -1
50 216 1
216 50 1
50 219 1
219 50 1
50 239 -1
239 50 -1
50 242 -1
242 50 -1
50 253 1
253 50 1
50 283 -1
283 50 -1
50 287 1
287 50 1
50 349 -1
349 50 -1
50 375 -1
375 50 -1
50 419 -1
419 50 -1
50 461 1
461 50 1
51 69 -1
69 51 -1
51 73 -1
73 51 -1
51 89 1
89 51 1
51 119 1
119 51 1
51 135 1
135 51 1
51 151 1
151 51 1
51 154 -1
154 51 -1
51 162 1
162 51 1
51 200 -1
200 51 -1
51 207 1
207 51 1
51 270 1
270 51 1
51 279 1
279 51 1
51 295 1
295 51 1
51 307 -1
307 51 -1
51 310 1
310 51 1
51 332 -1
332 51 -1
51 349 -1
349 51 -1
51 357 1
357 51 1
51 362 -1
362 51 -1
51 382 1
382 51 1
51 399 -1
399 51 -1
51 408 -1
408 51 -1
51 441 1
441 51 1
51 477 1
477 51 1
51 482 1
482 51 1
51 485 1
485 51 1
51 499 -1
499 51 -1
52 83 -1
83 52 -1
52 112 -1
112 52 -1
52 174 1
174 52 1
52 175 -1
175 52 -1
52 218 -1
218 52 -1
52 249 -1
249 52 -1
52 261 1
261 52 1
52 329 1
329 52 1
52 338 1
338 52 1
52 361 -1
361 52 -1
52 398 1
398 52 1
52 405 1
405 52 1
52 416 1
416 52 1
52 470 1
470 52 1
52 495 -1
495 52 -1
53 65 -1
65 53 -1
53 89 1
89 53 1
53 113 1
113 53 1
53 122 1
122 53 1
53 156 -1
156 53 -1
53 171 -1
171 53 -1
53 195 1
195 53 1
53 235 1
235 53 1
53 286 -1
286 53 -1
53 327 1
327 53 1
53 332 -1
332 53 -1
53 422 1
422 53 1
53 466 1
466 53 1
53 486 1
486 53 1
54 73 1
73 54 1
54 119 1
119 54 1
54 188 -1
188 54 -1
54 281 -1
281 54 -1
54 288 1
288 54 1
54 353 -1
353 54 -1
54 388 -1
388 54 -1
54 396 1
396 54 1
54 422 -1
422 54 -1
54 436 1
436 54 1
54 446 -1
446 54 -1
54 456 -1
456 54 -1
54 471 -1
471 54 -1
54 485 -1
485 54 -1
55 60 -1
60 55 -1
55 72 1
72 55 1
55 78 -1
78 55 -1
55 131 -1
131 55 -1
55 158 -1
158 55 -1
55 184 1
184 55 1
55 189 -1
189 55 -1
55 195 -1
195 55 -1
55 203 1
203 55 1
55 219 -1
219 55 -1
55 229 -1
229 55 -1
55 291 1
291 55 1
55 305 1
305 55 1
55 309 1
309 55 1
55 321 -1
321 55 -1
55 336 -1
336 55 -1
55 376 1
376 55 1
55 377 -1
377 55 -1
55 393 1
393 55 1
55 404 1
404 55 1
55 449 1
449 55 1
55 460 1
460 55 1
55 468 1
468 55 1
55 476 -1
476 55 -1
55 491 -1
491 55 -1
56 63 -1
63 56 -1
56 125 1
125 56 1
56 136 1
136 56 1
56 147 -1
147 56 -1
56 156 -1
156 56 -1
56 194 1
194 56 1
56 259 -1
259 56 -1
56 270 -1
270 56 -1
56 292 1
292 56 1
56 329 1
329 56 1
56 381 1
381 56 1
56 394 1
394 56 1
56 411 1
411 56 1
56 416 -1
416 56 -1
56 424 1
424 56 1
56 434 -1
434 56 -1
56 462 -1
462 56 -1
56 470 1
470 56 1
56 493 1
493 56 1
57 69 -1
69 57 -1
57 80 -1
80 57 -1
57 109 1
109 57 1
57 160 -1
160 57 -1
57 171 -1
171 57 -1
57 237 -1
237 57 -1
57 259 1
259 57 1
57 261 -1
261 57 -1
57 272 1
272 57 1
57 308 1
308 57 1
57 332 1
332 57 1
57 334 1
334 57 1
57 337 -1
337 57 -1
57 362 -1
362 57 -1
57 367 1
367 57 1
57 377 1
377 57 1
57 427 1
427 57 1
57 456 1
456 57 1
57 487 1
487 57 1
58 70 -1
70 58 -1
58 81 1
81 58 1
58 185 1
185 58 1
58 223 1
223 58 1
58 249 -1
249 58 -1
58 325 -1
325 58 -1
58 358 -1
358 58 -1
58 442 -1
442 58 -1
58 463 1
463 58 1
59 94 -1
94 59 -1
59 107 1
107 59 1
59 152 1
152 59 1
59 158 -1
158 59 -1
59 211 -1
211 59 -1
59 247 1
247 59 1
59 277 -1
277 59 -1
59 326 1
326 59 1
59 328 -1
328 59 -1
59 354 -1
354 59 -1
59 390 -1
390 59 -1
59 433 1
433 59 1
59 469 -1
469 59 -1
59 483 -1
483 59 -1
60 140 1
140 60 1
60 184 1
184 60 1
60 195 1
195 60 1
60 273 -1
273 60 -1
60 384 -1
384 60 -1
60 449 -1
449 60 -1
60 499 1
499 60 1
61 90 1
90 61 1
61 104 1
104 61 1
61 122 -1
122 61 -1
61 152 1
152 61 1
61 167 1
167 61 1
61 211 1
211 61 1
61 217 -1
217 61 -1
61 232 1
232 61 1
61 259 -1
259 61 -1
61 326 -1
326 61 -1
61 330 1
330 61 1
61 346 1
346 61 1
61 349 -1
349 61 -1
61 370 -1
370 61 -1
61 394 -1
394 61 -1
61 407 1
407 61 1
61 442 1
442 61 1
61 449 -1
449 61 -1
62 63 1
63 62 1
62 65 -1
65 62 -1
62 67 1
67 62 1
62 80 -1
80 62 -1
62 91 1
91 62 1
62 100 1
100 62 1
62 113 -1
113 62 -1
62 131 1
131 62 1
62 162 1
162 62 1
62 178 1
178 62 1
62 187 -1
187 62 -1
62 194 -1
194 62 -1
62 217 -1
217 62 -1
62 220 -1
220 62 -1
62 239 -1
239 62 -1
62 249 -1
249 62 -1
62 261 -1
261 62 -1
62 265 1
265 62 1
62 285 1
285 62 1
62 299 1
299 62 1
62 313 -1
313 62 -1
62 321 -1
321 62 -1
62 344 -1
344 62 -1
62 345 1
345 62 1
62 348 -1
348 62 -1
62 355 1
355 62 1
62 370 1
370 62 1
62 371 -1
371 62 -1
62 387 -1
387 62 -1
62 414 1
414 62 1
62 420 1
420 62 1
62 422 -1
422 62 -1
62 435 -1
435 62 -1
62 447 1
447 62 1
62 455 1
455 62 1
62 474 -1
474 62 -1
62 475 1
475 62 1
62 491 1
491 62 1
62 492 1
492 62 1
63 78 -1
78 63 -1
63 131 1
131 63 1
63 145 -1
145 63 -1
63 162 1
162 63 1
63 165 -1
165 63 -1
63 325 -1
325 63 -1
63 370 1
370 63 1
63 386 1
386 63 1
63 387 1
387 63 1
63 400 -1
400 63 -1
63 403 -1
403 63 -1
63 411 -1
411 63 -1
63 415 1
415 63 1
63 443 1
443 63 1
63 455 1
455 63 1
63 465 1
465 63 1
63 492 1
492 63 1
64 72 -1
72 64 -1
64 81 1
81 64 1
64 83 1
83 64 1
64 108 1
108 64 1
64 112 -1
112 64 -1
64 135 1
135 64 1
64 224 -1
224 64 -1
64 258 1
258 64 1
64 357 1
357 64 1
64 424 1
424 64 1
64 432 -1
432 64 -1
64 486 -1
486 64 -1
65 76 1
76 65 1
65 89 -1
89 65 -1
65 96 -1
96 65 -1
65 158 1
158 65 1
65 162 -1
162 65 -1
65 165 -1
165 65 -1
65 166 -1
166 65 -1
65 178 -1
178 65 -1
65 195 -1
195 65 -1
65 212 1
212 65 1
65 235 -1
235 65 -1
65 240 1
240 65 1
65 241 1
241 65 1
65 249 -1
249 65 -1
65 256 -1
256 65 -1
65 295 -1
295 65 -1
65 299 1
299 65 1
65 307 -1
307 65 -1
65 308 -1
308 65 -1
65 314 1
314 65 1
65 319 1
319 65 1
65 328 -1
328 65 -1
65 329 -1
329 65 -1
65 337 1
337 65 1
65 347 1
347 65 1
65 349 1
349 65 1
65 356 1
356 65 1
65 366 1
366 65 1
65 391 1
391 65 1
65 392 1
392 65 1
65 395 -1
395 65 -1
65 403 -1
403 65 -1
65 423 1
423 65 1
65 428 1
428 65 1
65 431 1
431 65 1
65 439 -1
439 65 -1
65 450 1
450 65 1
65 466 -1
466 65 -1
65 495 1
495 65 1
66 104 1
104 66 1
66 150 -1
150 66 -1
66 158 -1
158 66 -1
66 171 -1
171 66 -1
66 211 1
211 66 1
66 266 1
266 66 1
66 304 1
304 66 1
66 329 -1
329 66 -1
66 330 -1
330 66 -1
66 346 1
346 66 1
66 400 -1
400 66 -1
66 407 1
407 66 1
66 427 1
427 66 1
66 433 1
433 66 1
66 442 1
442 66 1
66 477 -1
477 66 -1
66 485 -1
485 66 -1
67 68 -1
68 67 -1
67 80 1
80 67 1
67 95 -1
95 67 -1
67 131 1
131 67 1
67 144 1
144 67 1
67 145 -1
145 67 -1
67 157 -1
157 67 -1
67 162 1
162 67 1
67 182 -1
182 67 -1
67 265 1
265 67 1
67 279 -1
279 67 -1
67 312 1
312 67 1
67 364 -1
364 67 -1
67 370 1
370 67 1
67 415 1
415 67 1
67 446 1
446 67 1
67 451 -1
451 67 -1
67 492 1
492 67 1
68 74 1
74 68 1
68 90 1
90 68 1
68 98 1
98 68 1
68 106 1
106 68 1
68 107 -1
107 68 -1
68 110 -1
110 68 -1
68 111 -1
111 68 -1
68 128 1
128 68 1
68 145 -1
145 68 -1
68 151 1
151 68 1
68 153 -1
153 68 -1
68 154 1
154 68 1
68 158 1
158 68 1
68 168 -1
168 68 -1
68 194 -1
194 68 -1
68 208 -1
208 68 -1
68 210 -1
210 68 -1
68 213 1
213 68 1
68 231 1
231 68 1
68 239 -1
239 68 -1
68 242 -1
242 68 -1
68 243 -1
243 68 -1
68 252 1
252 68 1
68 262 1
262 68 1
68 264 1
264 68 1
68 279 1
279 68 1
68 288 1
288 68 1
68 291 -1
291 68 -1
68 295 1
295 68 1
68 308 -1
308 68 -1
68 310 1
310 68 1
68 324 -1
324 68 -1
68 336 1
336 68 1
68 354 1
354 68 1
68 357 1
357 68 1
68 373 -1
373 68 -1
68 382 1
382 68 1
68 395 -1
395 68 -1
68 396 1
396 68 1
68 400 -1
400 68 -1
68 402 -1
402 68 -1
68 434 -1
434 68 -1
68 441 1
441 68 1
68 461 -1
461 68 -1
68 480 1
480 68 1
68 485 1
485 68 1
68 487 -1
487 68 -1
69 81 -1
81 69 -1
69 84 1
84 69 1
69 89 1
89 69 1
69 105 1
105 69 1
69 113 1
113 69 1
69 115 -1
115 69 -1
69 122 1
122 69 1
69 196 1
196 69 1
69 225 -1
225 69 -1
69 250 1
250 69 1
69 307 -1
307 69 -1
69 324 1
324 69 1
69 358 1
358 69 1
69 362 -1
362 69 -1
69 395 1
395 69 1
69 418 -1
418 69 -1
69 455 -1
455 69 -1
69 486 1
486 69 1
69 491 -1
491 69 -1
70 109 1
109 70 1
70 114 -1
114 70 -1
70 168 1
168 70 1
70 201 -1
201 70 -1
70 210 1
210 70 1
70 214 1
214 70 1
70 228 1
228 70 1
70 234 -1
234 70 -1
70 242 -1
242 70 -1
70 252 -1
252 70 -1
70 262 1
262 70 1
70 269 1
269 70 1
70 274 1
274 70 1
70 303 1
303 70 1
70 309 1
309 70 1
70 315 1
315 70 1
70 328 1
328 70 1
70 342 1
342 70 1
70 379 1
379 70 1
70 416 -1
416 70 -1
71 73 -1
73 71 -1
71 81 1
81 71 1
71 83 1
83 71 1
71 121 1
121 71 1
71 135 -1
135 71 -1
71 213 -1
213 71 -1
71 223 1
223 71 1
71 229 1
229 71 1
71 230 1
230 71 1
71 258 1
258 71 1
71 332 -1
332 71 -1
71 441 -1
441 71 -1
71 494 1
494 71 1
72 87 -1
87 72 -1
72 96 -1
96 72 -1
72 97 1
97 72 1
72 146 1
146 72 1
72 162 -1
162 72 -1
72 165 1
165 72 1
72 174 -1
174 72 -1
72 187 1
187 72 1
72 200 1
200 72 1
72 204 -1
204 72 -1
72 216 1
216 72 1
72 217 -1
217 72 -1
72 219 -1
219 72 -1
72 225 1
225 72 1
72 229 1
229 72 1
72 252 -1
252 72 -1
72 256 1
256 72 1
72 278 1
278 72 1
72 283 1
283 72 1
72 287 1
287 72 1
72 294 -1
294 72 -1
72 306 -1
306 72 -1
72 322 1
322 72 1
72 330 -1
330 72 -1
72 354 -1
354 72 -1
72 372 -1
372 72 -1
72 375 -1
375 72 -1
72 391 -1
391 72 -1
72 423 -1
423 72 -1
72 455 -1
455 72 -1
72 461 1
461 72 1
72 462 -1
462 72 -1
72 473 1
473 72 1
72 493 -1
493 72 -1
73 74 1
74 73 1
73 78 -1
78 73 -1
73 93 1
93 73 1
73 98 1
98 73 1
73 102 -1
102 73 -1
73 114 -1
114 73 -1
73 119 1
119 73 1
73 125 -1
125 73 -1
73 147 1
147 73 1
73 151 1
151 73 1
73 153 -1
153 73 -1
73 158 -1
158 73 -1
73 170 1
170 73 1
73 172 -1
172 73 -1
73 174 -1
174 73 -1
73 188 1
188 73 1
73 204 1
204 73 1
73 207 1
207 73 1
73 216 -1
216 73 -1
73 238 1
238 73 1
73 242 1
242 73 1
73 252 1
252 73 1
73 293 1
293 73 1
73 327 -1
327 73 -1
73 328 -1
328 73 -1
73 330 -1
330 73 -1
73 336 1
336 73 1
73 344 -1
344 73 -1
73 346 -1
346 73 -1
73 354 1
354 73 1
73 370 -1
370 73 -1
73 398 -1
398 73 -1
73 415 -1
415 73 -1
73 418 -1
418 73 -1
73 434 -1
434 73 -1
73 436 1
436 73 1
73 443 -1
443 73 -1
73 458 1
458 73 1
73 480 -1
480 73 -1
74 79 -1
79 74 -1
74 90 1
90 74 1
74 107 -1
107 74 -1
74 135 -1
135 74 -1
74 188 1
188 74 1
74 204 -1
204 74 -1
74 210 -1
210 74 -1
74 215 -1
215 74 -1
74 243 -1
243 74 -1
74 251 1
251 74 1
74 252 1
252 74 1
74 261 -1
261 74 -1
74 263 1
263 74 1
74 295 1
295 74 1
74 303 -1
303 74 -1
74 310 -1
310 74 -1
74 351 1
351 74 1
74 389 -1
389 74 -1
74 405 -1
405 74 -1
74 422 -1
422 74 -1
74 441 -1
441 74 -1
74 477 1
477 74 1
75 85 1
85 75 1
75 95 1
95 75 1
75 136 1
136 75 1
75 144 -1
144 75 -1
75 234 1
234 75 1
75 271 1
271 75 1
75 303 -1
303 75 -1
75 378 1
378 75 1
75 416 -1
416 75 -1
76 90 -1
90 76 -1
76 125 -1
125 76 -1
76 163 1
163 76 1
76 240 1
240 76 1
76 241 1
241 76 1
76 242 -1
242 76 -1
76 271 -1
271 76 -1
76 296 -1
296 76 -1
76 297 -1
297 76 -1
76 307 1
307 76 1
76 314 1
314 76 1
76 319 1
319 76 1
76 328 1
328 76 1
76 349 -1
349 76 -1
76 356 1
356 76 1
76 363 -1
363 76 -1
76 380 -1
380 76 -1
76 416 -1
416 76 -1
76 428 1
428 76 1
76 450 -1
450 76 -1
76 467 -1
467 76 -1
76 492 -1
492 76 -1
77 82 -1
82 77 -1
77 95 1
95 77 1
77 96 1
96 77 1
77 114 1
114 77 1
77 120 1
120 77 1
77 126 -1
126 77 -1
77 138 1
138 77 1
77 162 -1
162 77 -1
77 175 1
175 77 1
77 176 -1
176 77 -1
77 214 -1
214 77 -1
77 219 -1
219 77 -1
77 234 1
234 77 1
77 238 -1
238 77 -1
77 258 -1
258 77 -1
77 348 1
348 77 1
77 357 -1
357 77 -1
77 378 1
378 77 1
77 387 -1
387 77 -1
77 405 -1
405 77 -1
77 437 1
437 77 1
77 475 1
475 77 1
77 489 -1
489 77 -1
77 498 1
498 77 1
78 89 1
89 78 1
78 95 1
95 78 1
78 105 1
105 78 1
78 108 -1
108 78 -1
78 113 1
113 78 1
78 122 1
122 78 1
78 133 -1
133 78 -1
78 145 -1
145 78 -1
78 165 1
165 78 1
78 178 -1
178 78 -1
78 183 1
183 78 1
78 195 1
195 78 1
78 198 -1
198 78 -1
78 208 -1
208 78 -1
78 213 -1
213 78 -1
78 271 1
271 78 1
78 289 1
289 78 1
78 327 1
327 78 1
78 329 -1
329 78 -1
78 331 -1
331 78 -1
78 333 1
333 78 1
78 339 -1
339 78 -1
78 343 1
343 78 1
78 358 1
358 78 1
78 362 -1
362 78 -1
78 395 1
395 78 1
78 422 1
422 78 1
78 462 -1
462 78 -1
78 483 -1
483 78 -1
78 486 1
486 78 1
79 82 1
82 79 1
79 93 -1
93 79 -1
79 102 1
102 79 1
79 159 1
159 79 1
79 178 1
178 79 1
79 181 -1
181 79 -1
79 209 -1
209 79 -1
79 222 1
222 79 1
79 339 1
339 79 1
79 374 1
374 79 1
79 395 1
395 79 1
79 449 -1
449 79 -1
79 453 1
453 79 1
79 473 -1
473 79 -1
80 285 1
285 80 1
80 336 1
336 80 1
80 368 -1
368 80 -1
80 414 1
414 80 1
80 416 -1
416 80 -1
80 426 1
426 80 1
80 451 -1
451 80 -1
80 492 1
492 80 1
81 83 1
83 81 1
81 90 -1
90 81 -1
81 108 -1
108 81 -1
81 112 1
112 81 1
81 118 1
118 81 1
81 119 -1
119 81 -1
81 121 1
121 81 1
81 125 -1
125 81 -1
81 133 -1
133 81 -1
81 135 -1
135 81 -1
81 138 -1
138 81 -1
81 141 1
141 81 1
81 149 1
149 81 1
81 151 1
151 81 1
81 160 -1
160 81 -1
81 173 1
173 81 1
81 185 1
185 81 1
81 209 -1
209 81 -1
81 210 -1
210 81 -1
81 223 1
223 81 1
81 224 1
224 81 1
81 229 -1
229 81 -1
81 230 -1
230 81 -1
81 258 -1
258 81 -1
81 271 1
271 81 1
81 307 1
307 81 1
81 323 -1
323 81 -1
81 334 -1
334 81 -1
81 356 -1
356 81 -1
81 362 1
362 81 1
81 381 -1
381 81 -1
81 414 -1
414 81 -1
81 422 -1
422 81 -1
81 445 1
445 81 1
81 463 -1
463 81 -1
81 481 -1
481 81 -1
82 102 1
102 82 1
82 116 1
116 82 1
82 138 -1
138 82 -1
82 148 -1
148 82 -1
82 151 -1
151 82 -1
82 181 1
181 82 1
82 198 -1
198 82 -1
82 203 1
203 82 1
82 218 1
218 82 1
82 222 1
222 82 1
82 233 1
233 82 1
82 239 -1
239 82 -1
82 282 -1
282 82 -1
82 302 1
302 82 1
82 307 -1
307 82 -1
82 311 1
311 82 1
82 329 -1
329 82 -1
82 331 1
331 82 1
82 332 -1
332 82 -1
82 335 1
335 82 1
82 357 -1
357 82 -1
82 360 -1
360 82 -1
82 361 1
361 82 1
82 378 -1
378 82 -1
82 380 -1
380 82 -1
82 411 -1
411 82 -1
82 432 1
432 82 1
82 434 -1
434 82 -1
82 453 1
453 82 1
82 493 -1
493 82 -1
82 494 1
494 82 1
83 118 1
118 83 1
83 127 -1
127 83 -1
83 133 1
133 83 1
83 179 -1
179 83 -1
83 224 1
224 83 1
83 230 1
230 83 1
83 309 -1
309 83 -1
83 342 -1
342 83 -1
83 345 1
345 83 1
83 450 -1
450 83 -1
83 463 1
463 83 1
84 122 1
122 84 1
84 178 -1
178 84 -1
84 198 1
198 84 1
84 222 -1
222 84 -1
84 237 1
237 84 1
84 273 -1
273 84 -1
84 281 -1
281 84 -1
84 324 1
324 84 1
84 343 -1
343 84 -1
84 467 -1
467 84 -1
84 483 1
483 84 1
85 95 1
95 85 1
85 96 1
96 85 1
85 138 1
138 85 1
85 176 1
176 85 1
85 234 -1
234 85 -1
85 240 -1
240 85 -1
85 274 -1
274 85 -1
85 289 -1
289 85 -1
85 301 -1
301 85 -1
85 334 -1
334 85 -1
85 383 1
383 85 1
85 413 1
413 85 1
85 498 1
498 85 1
86 102 -1
102 86 -1
86 103 -1
103 86 -1
86 109 1
109 86 1
86 143 -1
143 86 -1
86 295 -1
295 86 -1
86 305 -1
305 86 -1
86 368 1
368 86 1
86 380 -1
380 86 -1
86 401 1
401 86 1
86 452 1
452 86 1
86 456 1
456 86 1
86 469 1
469 86 1
87 165 1
165 87 1
87 200 1
200 87 1
87 219 -1
219 87 -1
87 253 1
253 87 1
87 279 -1
279 87 -1
87 327 -1
327 87 -1
87 364 1
364 87 1
87 400 -1
400 87 -1
87 453 -1
453 87 -1
88 152 1
152 88 1
88 208 -1
208 88 -1
88 330 1
330 88 1
88 346 1
346 88 1
88 407 1
407 88 1
88 480 -1
480 88 -1
88 499 -1
499 88 -1
89 102 -1
102 89 -1
89 103 -1
103 89 -1
89 105 1
105 89 1
89 110 -1
110 89 -1
89 122 -1
122 89 -1
89 154 -1
154 89 -1
89 165 -1
165 89 -1
89 180 -1
180 89 -1
89 183 1
183 89 1
89 193 1
193 89 1
89 195 1
195 89 1
89 198 1
198 89 1
89 199 1
199 89 1
89 201 -1
201 89 -1
89 210 1
210 89 1
89 237 1
237 89 1
89 250 1
250 89 1
89 271 -1
271 89 -1
89 279 -1
279 89 -1
89 296 -1
296 89 -1
89 309 -1
309 89 -1
89 316 -1
316 89 -1
89 324 1
324 89 1
89 333 1
333 89 1
89 335 -1
335 89 -1
89 341 -1
341 89 -1
89 357 -1
357 89 -1
89 358 -1
358 89 -1
89 360 -1
360 89 -1
89 362 1
362 89 1
89 365 1
365 89 1
89 368 -1
368 89 -1
89 388 -1
388 89 -1
89 422 1
422 89 1
89 486 1
486 89 1
90 95 -1
95 90 -1
90 97 -1
97 90 -1
90 119 1
119 90 1
90 188 1
188 90 1
90 238 1
238 90 1
90 242 1
242 90 1
90 243 1
243 90 1
90 258 -1
258 90 -1
90 264 1
264 90 1
90 281 1
281 90 1
90 293 1
293 90 1
90 321 1
321 90 1
90 328 1
328 90 1
90 396 1
396 90 1
90 403 -1
403 90 -1
90 419 -1
419 90 -1
90 480 1
480 90 1
90 499 -1
499 90 -1
91 128 -1
128 91 -1
91 162 -1
162 91 -1
91 166 -1
166 91 -1
91 232 -1
232 91 -1
91 342 -1
342 91 -1
91 420 -1
420 91 -1
91 445 1
445 91 1
91 455 -1
455 91 -1
92 161 1
161 92 1
92 195 -1
195 92 -1
92 196 -1
196 92 -1
92 268 -1
268 92 -1
92 305 1
305 92 1
92 326 -1
326 92 -1
92 334 -1
334 92 -1
92 369 1
369 92 1
92 460 1
460 92 1
92 468 1
468 92 1
93 147 1
147 93 1
93 151 1
151 93 1
93 207 1
207 93 1
93 213 -1
213 93 -1
93 218 -1
218 93 -1
93 228 1
228 93 1
93 238 1
238 93 1
93 313 -1
313 93 -1
93 324 -1
324 93 -1
93 406 -1
406 93 -1
93 422 -1
422 93 -1
93 441 1
441 93 1
93 480 1
480 93 1
94 152 1
152 94 1
94 168 -1
168 94 -1
94 182 1
182 94 1
94 206 -1
206 94 -1
94 247 1
247 94 1
94 313 1
313 94 1
94 337 1
337 94 1
94 346 1
346 94 1
94 382 1
382 94 1
94 407 1
407 94 1
95 114 1
114 95 1
95 129 -1
129 95 -1
95 132 1
132 95 1
95 138 1
138 95 1
95 164 1
164 95 1
95 188 -1
188 95 -1
95 190 -1
190 95 -1
95 232 1
232 95 1
95 244 1
244 95 1
95 272 -1
272 95 -1
95 329 -1
329 95 -1
95 348 1
348 95 1
95 407 -1
407 95 -1
95 408 -1
408 95 -1
95 430 1
430 95 1
95 431 -1
431 95 -1
95 437 1
437 95 1
95 470 -1
470 95 -1
95 480 -1
480 95 -1
95 489 1
489 95 1
95 498 1
498 95 1
96 114 1
114 96 1
96 120 1
120 96 1
96 138 1
138 96 1
96 164 -1
164 96 -1
96 176 1
176 96 1
96 230 -1
230 96 -1
96 288 -1
288 96 -1
96 322 -1
322 96 -1
96 348 -1
348 96 -1
96 413 -1
413 96 -1
96 474 -1
474 96 -1
97 100 1
100 97 1
97 106 1
106 97 1
97 146 1
146 97 1
97 165 1
165 97 1
97 206 1
206 97 1
97 219 1
219 97 1
97 223 -1
223 97 -1
97 225 1
225 97 1
97 252 -1
252 97 -1
97 253 1
253 97 1
97 256 1
256 97 1
97 260 1
260 97 1
97 280 1
280 97 1
97 282 -1
282 97 -1
97 283 -1
283 97 -1
97 290 1
290 97 1
97 315 -1
315 97 -1
97 316 1
316 97 1
97 318 1
318 97 1
97 321 -1
321 97 -1
97 334 -1
334 97 -1
97 357 -1
357 97 -1
97 364 1
364 97 1
97 392 -1
392 97 -1
97 458 -1
458 97 -1
97 461 1
461 97 1
97 478 -1
478 97 -1
97 491 -1
491 97 -1
97 496 -1
496 97 -1
98 119 1
119 98 1
98 147 1
147 98 1
98 150 -1
150 98 -1
98 155 -1
155 98 -1
98 158 1
158 98 1
98 180 1
180 98 1
98 195 1
195 98 1
98 198 -1
198 98 -1
98 210 -1
210 98 -1
98 213 1
213 98 1
98 219 -1
219 98 -1
98 238 1
238 98 1
98 249 1
249 98 1
98 252 -1
252 98 -1
98 253 -1
253 98 -1
98 270 1
270 98 1
98 272 -1
272 98 -1
98 289 -1
289 98 -1
98 293 1
293 98 1
98 336 1
336 98 1
98 339 1
339 98 1
98 354 1
354 98 1
98 357 1
357 98 1
98 391 1
391 98 1
98 404 -1
404 98 -1
98 421 -1
421 98 -1
98 423 -1
423 98 -1
98 436 1
436 98 1
98 458 1
458 98 1
98 470 -1
470 98 -1
98 474 -1
474 98 -1
98 477 -1
477 98 -1
98 486 -1
486 98 -1
99 102 1
102 99 1
99 114 -1
114 99 -1
99 119 1
119 99 1
99 138 -1
138 99 -1
99 203 1
203 99 1
99 216 -1
216 99 -1
99 217 -1
217 99 -1
99 222 1
222 99 1
99 331 1
331 99 1
99 377 -1
377 99 -1
100 202 1
202 100 1
100 220 -1
220 100 -1
100 226 -1
226 100 -1
100 317 1
317 100 1
100 324 -1
324 100 -1
100 329 -1
329 100 -1
100 355 1
355 100 1
100 370 1
370 100 1
100 420 1
420 100 1
100 455 1
455 100 1
100 465 1
465 100 1
101 102 1
102 101 1
101 159 -1
159 101 -1
101 160 -1
160 101 -1
101 181 1
181 101 1
101 186 -1
186 101 -1
101 187 1
187 101 1
101 188 -1
188 101 -1
101 277 -1
277 101 -1
101 331 1
331 101 1
101 335 1
335 101 1
101 339 -1
339 101 -1
101 361 -1
361 101 -1
101 374 1
374 101 1
101 469 1
469 101 1
101 473 -1
473 101 -1
101 494 1
494 101 1
102 103 1
103 102 1
102 142 1
142 102 1
102 148 1
148 102 1
102 159 1
159 102 1
102 167 -1
167 102 -1
102 190 1
190 102 1
102 196 -1
196 102 -1
102 203 1
203 102 1
102 214 1
214 102 1
102 218 1
218 102 1
102 233 1
233 102 1
102 242 -1
242 102 -1
102 273 1
273 102 1
102 280 -1
280 102 -1
102 307 1
307 102 1
102 311 1
311 102 1
102 331 -1
331 102 -1
102 339 1
339 102 1
102 349 -1
349 102 -1
102 359 -1
359 102 -1
102 361 1
361 102 1
102 380 1
380 102 1
103 203 1
203 103 1
103 235 -1
235 103 -1
103 256 -1
256 103 -1
103 275 1
275 103 1
103 311 1
311 103 1
103 328 -1
328 103 -1
103 331 1
331 103 1
103 340 -1
340 103 -1
103 377 -1
377 103 -1
103 380 1
380 103 1
103 418 -1
418 103 -1
104 169 -1
169 104 -1
104 284 -1
284 104 -1
104 330 1
330 104 1
104 346 1
346 104 1
104 348 -1
348 104 -1
104 349 -1
349 104 -1
104 407 1
407 104 1
104 442 1
442 104 1
105 145 -1
145 105 -1
105 183 1
183 105 1
105 193 1
193 105 1
105 212 -1
212 105 -1
105 239 -1
239 105 -1
105 422 1
422 105 1
105 431 -1
431 105 -1
106 200 -1
200 106 -1
106 216 1
216 106 1
106 219 1
219 106 1
106 364 1
364 106 1
106 434 1
434 106 1
106 461 1
461 106 1
107 152 1
152 107 1
107 238 -1
238 107 -1
107 337 -1
337 107 -1
107 407 -1
407 107 -1
107 442 1
442 107 1
107 451 1
451 107 1
108 121 1
121 108 1
108 135 -1
135 108 -1
108 149 1
149 108 1
108 167 -1
167 108 -1
108 254 -1
254 108 -1
108 403 -1
403 108 -1
108 445 1
445 108 1
108 463 -1
463 108 -1
108 486 -1
486 108 -1
109 125 1
125 109 1
109 138 -1
138 109 -1
109 152 -1
152 109 -1
109 155 1
155 109 1
109 172 -1
172 109 -1
109 190 1
190 109 1
109 194 -1
194 109 -1
109 234 -1
234 109 -1
109 235 -1
235 109 -1
109 261 -1
261 109 -1
109 263 -1
263 109 -1
109 281 -1
281 109 -1
109 289 -1
289 109 -1
109 306 1
306 109 1
109 308 1
308 109 1
109 320 1
320 109 1
109 322 -1
322 109 -1
109 326 -1
326 109 -1
109 331 -1
331 109 -1
109 332 1
332 109 1
109 333 -1
333 109 -1
109 334 1
334 109 1
109 355 1
355 109 1
109 359 1
359 109 1
109 367 -1
367 109 -1
109 368 1
368 109 1
109 372 1
372 109 1
109 381 -1
381 109 -1
109 383 1
383 109 1
109 401 -1
401 109 -1
109 427 1
427 109 1
109 433 -1
433 109 -1
109 438 1
438 109 1
109 452 1
452 109 1
109 456 1
456 109 1
109 462 1
462 109 1
109 469 -1
469 109 -1
110 116 -1
116 110 -1
110 126 1
126 110 1
110 217 1
217 110 1
110 241 -1
241 110 -1
110 255 1
255 110 1
110 268 1
268 110 1
110 283 -1
283 110 -1
110 298 1
298 110 1
110 301 1
301 110 1
110 346 -1
346 110 -1
110 353 1
353 110 1
110 400 1
400 110 1
110 406 -1
406 110 -1
110 408 1
408 110 1
110 432 1
432 110 1
110 442 -1
442 110 -1
110 459 1
459 110 1
110 467 1
467 110 1
111 114 -1
114 111 -1
111 136 1
136 111 1
111 145 -1
145 111 -1
111 194 1
194 111 1
111 209 1
209 111 1
111 258 -1
258 111 -1
111 261 1
261 111 1
111 329 1
329 111 1
111 338 1
338 111 1
111 340 -1
340 111 -1
111 353 1
353 111 1
111 403 1
403 111 1
111 424 -1
424 111 -1
111 498 -1
498 111 -1
112 149 1
149 112 1
112 173 1
173 112 1
112 258 1
258 112 1
112 291 -1
291 112 -1
112 403 -1
403 112 -1
112 413 -1
413 112 -1
112 499 -1
499 112 -1
113 157 1
157 113 1
113 181 -1
181 113 -1
113 193 1
193 113 1
113 226 1
226 113 1
113 228 -1
228 113 -1
113 271 1
271 113 1
113 282 -1
282 113 -1
113 327 1
327 113 1
113 358 -1
358 113 -1
113 362 1
362 113 1
113 384 -1
384 113 -1
113 391 -1
391 113 -1
113 395 1
395 113 1
113 460 -1
460 113 -1
113 466 1
466 113 1
113 477 -1
477 113 -1
114 138 -1
138 114 -1
114 176 1
176 114 1
114 220 -1
220 114 -1
114 234 1
234 114 1
114 245 -1
245 114 -1
114 275 -1
275 114 -1
114 295 -1
295 114 -1
114 348 1
348 114 1
114 355 -1
355 114 -1
114 378 1
378 114 1
114 396 1
396 114 1
114 426 -1
426 114 -1
114 432 1
432 114 1
114 489 1
489 114 1
114 498 1
498 114 1
114 499 -1
499 114 -1
115 118 -1
118 115 -1
115 119 -1
119 115 -1
115 130 1
130 115 1
115 261 1
261 115 1
115 328 -1
328 115 -1
115 338 1
338 115 1
115 351 -1
351 115 -1
115 391 1
391 115 1
115 396 -1
396 115 -1
115 405 1
405 115 1
115 416 1
416 115 1
115 424 1
424 115 1
115 444 1
444 115 1
115 494 1
494 115 1
115 496 1
496 115 1
116 129 1
129 116 1
116 143 1
143 116 1
116 187 -1
187 116 -1
116 210 -1
210 116 -1
116 331 1
331 116 1
116 453 1
453 116 1
117 215 1
215 117 1
117 294 1
294 117 1
117 298 1
298 117 1
117 364 -1
364 117 -1
117 378 -1
378 117 -1
117 408 1
408 117 1
117 432 1
432 117 1
117 434 -1
434 117 -1
117 467 1
467 117 1
118 133 1
133 118 1
118 223 1
223 118 1
118 230 1
230 118 1
118 258 1
258 118 1
118 368 -1
368 118 -1
118 404 -1
404 118 -1
118 437 1
437 118 1
118 439 -1
439 118 -1
118 471 -1
471 118 -1
119 152 -1
152 119 -1
119 161 -1
161 119 -1
119 165 -1
165 119 -1
119 168 -1
168 119 -1
119 170 1
170 119 1
119 180 1
180 119 1
119 188 1
188 119 1
119 210 -1
210 119 -1
119 216 1
216 119 1
119 238 1
238 119 1
119 243 1
243 119 1
119 264 1
264 119 1
119 288 1
288 119 1
119 293 1
293 119 1
119 301 1
301 119 1
119 322 1
322 119 1
119 334 -1
334 119 -1
119 343 -1
343 119 -1
119 351 1
351 119 1
119 352 1
352 119 1
119 357 -1
357 119 -1
119 366 1
366 119 1
119 373 -1
373 119 -1
119 385 1
385 119 1
119 408 -1
408 119 -1
119 456 -1
456 119 -1
119 458 1
458 119 1
119 464 -1
464 119 -1
119 477 1
477 119 1
119 480 1
480 119 1
119 482 1
482 119 1
119 485 1
485 119 1
120 147 1
147 120 1
120 200 -1
200 120 -1
120 232 -1
232 120 -1
120 234 1
234 120 1
120 257 -1
257 120 -1
120 294 1
294 120 1
120 498 1
498 120 1
121 130 -1
130 121 -1
121 135 1
135 121 1
121 140 -1
140 121 -1
121 141 1
141 121 1
121 185 -1
185 121 -1
121 224 1
224 121 1
121 230 -1
230 121 -1
121 234 -1
234 121 -1
121 441 -1
441 121 -1
122 156 -1
156 122 -1
122 164 -1
164 122 -1
122 183 1
183 122 1
122 192 -1
192 122 -1
122 195 1
195 122 1
122 198 -1
198 122 -1
122 199 -1
199 122 -1
122 225 -1
225 122 -1
122 226 1
226 122 1
122 237 -1
237 122 -1
122 247 -1
247 122 -1
122 249 -1
249 122 -1
122 271 -1
271 122 -1
122 291 -1
291 122 -1
122 330 1
330 122 1
122 343 1
343 122 1
122 362 1
362 122 1
122 395 -1
395 122 -1
122 418 1
418 122 1
122 425 1
425 122 1
122 440 1
440 122 1
122 441 -1
441 122 -1
122 442 -1
442 122 -1
122 486 1
486 122 1
122 495 -1
495 122 -1
122 497 -1
497 122 -1
122 498 -1
498 122 -1
123 125 -1
125 123 -1
123 182 1
182 123 1
123 211 -1
211 123 -1
123 228 -1
228 123 -1
123 241 -1
241 123 -1
123 266 1
266 123 1
123 330 1
330 123 1
123 346 -1
346 123 -1
123 408 -1
408 123 -1
123 442 -1
442 123 -1
123 472 -1
472 123 -1
124 162 1
162 124 1
124 180 1
180 124 1
124 213 1
213 124 1
124 231 -1
231 124 -1
124 259 -1
259 124 -1
124 300 -1
300 124 -1
124 340 1
340 124 1
124 344 1
344 124 1
124 462 -1
462 124 -1
124 477 1
477 124 1
124 497 -1
497 124 -1
125 128 -1
128 125 -1
125 136 -1
136 125 -1
125 157 1
157 125 1
125 168 -1
168 125 -1
125 214 -1
214 125 -1
125 230 -1
230 125 -1
125 234 -1
234 125 -1
125 245 1
245 125 1
125 287 1
287 125 1
125 308 1
308 125 1
125 317 1
317 125 1
125 325 -1
325 125 -1
125 334 1
334 125 1
125 349 -1
349 125 -1
125 350 1
350 125 1
125 367 1
367 125 1
125 368 1
368 125 1
125 371 -1
371 125 -1
125 383 1
383 125 1
125 389 1
389 125 1
125 413 1
413 125 1
125 427 1
427 125 1
125 452 1
452 125 1
125 456 1
456 125 1
125 462 -1
462 125 -1
125 469 1
469 125 1
125 472 -1
472 125 -1
125 477 -1
477 125 -1
125 481 1
481 125 1
125 487 1
487 125 1
126 165 -1
165 126 -1
126 169 1
169 126 1
126 188 -1
188 126 -1
126 234 -1
234 126 -1
126 238 1
238 126 1
126 279 1
279 126 1
126 306 -1
306 126 -1
126 385 1
385 126 1
126 424 -1
424 126 -1
126 458 1
458 126 1
126 482 1
482 126 1
127 131 -1
131 127 -1
127 153 1
153 127 1
127 161 -1
161 127 -1
127 164 -1
164 127 -1
127 171 1
171 127 1
127 172 1
172 127 1
127 217 -1
217 127 -1
127 221 1
221 127 1
127 269 1
269 127 1
127 274 1
274 127 1
127 315 1
315 127 1
127 323 1
323 127 1
127 342 -1
342 127 -1
127 349 -1
349 127 -1
127 370 1
370 127 1
127 379 1
379 127 1
127 413 -1
413 127 -1
127 431 -1
431 127 -1
127 438 1
438 127 1
127 474 -1
474 127 -1
128 207 1
207 128 1
128 293 1
293 128 1
128 340 -1
340 128 -1
128 344 1
344 128 1
128 432 -1
432 128 -1
128 461 -1
461 128 -1
128 480 1
480 128 1
129 304 -1
304 129 -1
129 361 1
361 129 1
129 472 -1
472 129 -1
129 494 1
494 129 1
130 145 -1
145 130 -1
130 174 1
174 130 1
130 219 -1
219 130 -1
130 292 1
292 130 1
130 338 1
338 130 1
130 364 -1
364 130 -1
130 424 -1
424 130 -1
131 165 -1
165 131 -1
131 244 -1
244 131 -1
131 285 1
285 131 1
131 294 -1
294 131 -1
131 296 1
296 131 1
131 331 -1
331 131 -1
131 334 -1
334 131 -1
131 355 -1
355 131 -1
131 379 1
379 131 1
131 455 1
455 131 1
131 465 1
465 131 1
131 491 -1
491 131 -1
132 138 1
138 132 1
132 175 -1
175 132 -1
132 190 -1
190 132 -1
132 194 -1
194 132 -1
132 207 -1
207 132 -1
133 136 -1
136 133 -1
133 149 -1
149 133 -1
133 158 -1
158 133 -1
133 160 1
160 133 1
133 208 -1
208 133 -1
133 230 -1
230 133 -1
133 369 -1
369 133 -1
134 156 1
156 134 1
134 245 1
245 134 1
134 261 -1
261 134 -1
134 293 -1
293 134 -1
134 342 -1
342 134 -1
134 350 1
350 134 1
134 363 1
363 134 1
134 413 1
413 134 1
134 437 -1
437 134 -1
134 442 -1
442 134 -1
134 456 1
456 134 1
134 469 1
469 134 1
135 149 1
149 135 1
135 162 1
162 135 1
135 223 1
223 135 1
135 230 1
230 135 1
135 252 -1
252 135 -1
135 256 -1
256 135 -1
135 346 -1
346 135 -1
135 406 -1
406 135 -1
135 487 -1
487 135 -1
136 174 1
174 136 1
136 203 -1
203 136 -1
136 209 1
209 136 1
136 213 -1
213 136 -1
136 230 -1
230 136 -1
136 233 -1
233 136 -1
136 254 1
254 136 1
136 255 -1
255 136 -1
136 261 1
261 136 1
136 265 -1
265 136 -1
136 292 -1
292 136 -1
136 320 1
320 136 1
136 338 1
338 136 1
136 342 -1
342 136 -1
136 348 -1
348 136 -1
136 381 1
381 136 1
136 390 1
390 136 1
136 410 1
410 136 1
136 416 1
416 136 1
136 493 1
493 136 1
137 160 -1
160 137 -1
137 171 -1
171 137 -1
137 204 -1
204 137 -1
137 240 -1
240 137 -1
137 328 1
328 137 1
137 349 1
349 137 1
137 366 1
366 137 1
137 428 1
428 137 1
137 450 1
450 137 1
137 487 -1
487 137 -1
138 144 -1
144 138 -1
138 164 1
164 138 1
138 176 1
176 138 1
138 234 1
234 138 1
138 237 -1
237 138 -1
138 238 -1
238 138 -1
138 244 1
244 138 1
138 290 1
290 138 1
138 325 -1
325 138 -1
138 348 -1
348 138 -1
138 357 -1
357 138 -1
138 378 -1
378 138 -1
138 387 -1
387 138 -1
138 424 -1
424 138 -1
138 430 1
430 138 1
138 437 1
437 138 1
138 456 -1
456 138 -1
138 480 -1
480 138 -1
138 489 1
489 138 1
138 498 1
498 138 1
139 151 -1
151 139 -1
139 155 1
155 139 1
139 157 -1
157 139 -1
139 173 -1
173 139 -1
139 190 1
190 139 1
139 211 1
211 139 1
139 234 -1
234 139 -1
139 245 1
245 139 1
139 308 1
308 139 1
139 332 1
332 139 1
139 334 -1
334 139 -1
139 335 -1
335 139 -1
139 343 -1
343 139 -1
139 361 -1
361 139 -1
139 371 1
371 139 1
139 431 -1
431 139 -1
139 438 -1
438 139 -1
139 452 1
452 139 1
139 456 1
456 139 1
139 469 1
469 139 1
139 478 -1
478 139 -1
139 481 1
481 139 1
139 487 1
487 139 1
140 177 1
177 140 1
140 189 1
189 140 1
140 211 -1
211 140 -1
140 222 -1
222 140 -1
140 291 1
291 140 1
140 295 -1
295 140 -1
140 300 1
300 140 1
140 335 -1
335 140 -1
140 371 -1
371 140 -1
140 409 1
409 140 1
140 457 1
457 140 1
140 460 1
460 140 1
140 499 -1
499 140 -1
141 149 1
149 141 1
141 173 1
173 141 1
141 174 -1
174 141 -1
141 209 -1
209 141 -1
141 213 -1
213 141 -1
141 230 1
230 141 1
141 441 -1
441 141 -1
142 209 1
209 142 1
142 218 1
218 142 1
142 222 -1
222 142 -1
142 243 -1
243 142 -1
142 278 -1
278 142 -1
142 302 1
302 142 1
142 331 1
331 142 1
142 339 1
339 142 1
142 421 1
421 142 1
142 464 -1
464 142 -1
143 255 -1
255 143 -1
143 307 -1
307 143 -1
143 320 1
320 143 1
143 334 -1
334 143 -1
143 368 1
368 143 1
143 371 1
371 143 1
143 438 -1
438 143 -1
143 469 1
469 143 1
143 481 -1
481 143 -1
143 487 1
487 143 1
144 162 1
162 144 1
144 210 -1
210 144 -1
144 265 1
265 144 1
144 301 -1
301 144 -1
144 304 1
304 144 1
144 312 1
312 144 1
144 355 1
355 144 1
144 387 1
387 144 1
144 401 -1
401 144 -1
144 414 1
414 144 1
144 420 1
420 144 1
144 455 1
455 144 1
144 499 1
499 144 1
145 189 1
189 145 1
145 259 -1
259 145 -1
145 261 1
261 145 1
145 329 1
329 145 1
145 344 -1
344 145 -1
145 381 1
381 145 1
145 394 1
394 145 1
145 411 1
411 145 1
145 416 -1
416 145 -1
145 443 1
443 145 1
145 470 1
470 145 1
145 493 1
493 145 1
146 171 -1
171 146 -1
146 219 1
219 146 1
146 229 1
229 146 1
146 256 1
256 146 1
146 291 -1
291 146 -1
146 318 -1
318 146 -1
146 347 -1
347 146 -1
146 364 1
364 146 1
146 427 1
427 146 1
146 493 -1
493 146 -1
147 158 1
158 147 1
147 172 -1
172 147 -1
147 179 -1
179 147 -1
147 207 -1
207 147 -1
147 237 1
237 147 1
147 242 1
242 147 1
147 243 1
243 147 1
147 274 -1
274 147 -1
147 344 1
344 147 1
147 357 1
357 147 1
147 381 -1
381 147 -1
147 433 -1
433 147 -1
147 469 -1
469 147 -1
147 472 -1
472 147 -1
147 477 1
477 147 1
147 482 1
482 147 1
148 279 -1
279 148 -1
148 300 -1
300 148 -1
148 302 1
302 148 1
148 339 1
339 148 1
148 407 -1
407 148 -1
148 442 -1
442 148 -1
148 453 1
453 148 1
148 484 -1
484 148 -1
149 152 -1
152 149 -1
149 173 1
173 149 1
149 342 -1
342 149 -1
149 346 -1
346 149 -1
149 428 1
428 149 1
149 445 1
445 149 1
149 461 1
461 149 1
149 473 -1
473 149 -1
150 169 -1
169 150 -1
150 174 1
174 150 1
150 254 1
254 150 1
150 261 -1
261 150 -1
150 304 1
304 150 1
150 350 -1
350 150 -1
150 403 1
403 150 1
150 416 1
416 150 1
150 442 -1
442 150 -1
151 152 -1
152 151 -1
151 158 -1
158 151 -1
151 169 1
169 151 1
151 172 -1
172 151 -1
151 180 1
180 151 1
151 188 1
188 151 1
151 196 -1
196 151 -1
151 207 1
207 151 1
151 210 -1
210 151 -1
151 213 1
213 151 1
151 249 -1
249 151 -1
151 250 -1
250 151 -1
151 287 -1
287 151 -1
151 293 1
293 151 1
151 344 1
344 151 1
151 357 1
357 151 1
151 370 -1
370 151 -1
151 387 -1
387 151 -1
151 393 -1
393 151 -1
151 407 -1
407 151 -1
151 423 -1
423 151 -1
151 458 1
458 151 1
151 474 1
474 151 1
152 202 1
202 152 1
152 211 1
211 152 1
152 232 1
232 152 1
152 247 1
247 152 1
152 266 1
266 152 1
152 276 -1
276 152 -1
152 283 1
283 152 1
152 301 -1
301 152 -1
152 304 1
304 152 1
152 313 1
313 152 1
152 330 1
330 152 1
152 346 -1
346 152 -1
152 396 -1
396 152 -1
152 406 1
406 152 1
152 408 -1
408 152 -1
152 422 -1
422 152 -1
152 451 1
451 152 1
152 465 -1
465 152 -1
152 484 -1
484 152 -1
153 160 -1
160 153 -1
153 172 -1
172 153 -1
153 214 -1
214 153 -1
153 315 1
315 153 1
153 342 1
342 153 1
153 474 -1
474 153 -1
154 185 -1
185 154 -1
154 215 -1
215 154 -1
154 286 -1
286 154 -1
154 293 1
293 154 1
154 329 -1
329 154 -1
154 456 1
456 154 1
154 474 1
474 154 1
154 477 1
477 154 1
154 482 1
482 154 1
154 485 1
485 154 1
155 190 1
190 155 1
155 272 1
272 155 1
155 399 -1
399 155 -1
155 456 -1
456 155 -1
155 461 -1
461 155 -1
155 470 1
470 155 1
155 498 -1
498 155 -1
156 157 1
157 156 1
156 236 -1
236 156 -1
156 246 -1
246 156 -1
156 259 1
259 156 1
156 308 1
308 156 1
156 320 -1
320 156 -1
156 325 1
325 156 1
156 330 1
330 156 1
156 334 1
334 156 1
156 348 1
348 156 1
156 359 1
359 156 1
156 371 1
371 156 1
156 427 -1
427 156 -1
156 444 -1
444 156 -1
156 461 -1
461 156 -1
156 481 -1
481 156 -1
157 169 -1
169 157 -1
157 272 1
272 157 1
157 334 1
334 157 1
157 350 1
350 157 1
157 362 -1
362 157 -1
157 452 1
452 157 1
157 481 1
481 157 1
158 169 1
169 158 1
158 181 -1
181 158 -1
158 204 1
204 158 1
158 207 1
207 158 1
158 213 1
213 158 1
158 231 1
231 158 1
158 238 1
238 158 1
158 239 -1
239 158 -1
158 252 1
252 158 1
158 261 -1
261 158 -1
158 263 1
263 158 1
158 264 1
264 158 1
158 269 -1
269 158 -1
158 295 -1
295 158 -1
158 310 1
310 158 1
158 314 -1
314 158 -1
158 337 -1
337 158 -1
158 340 1
340 158 1
158 344 -1
344 158 -1
158 350 -1
350 158 -1
158 352 1
352 158 1
158 391 -1
391 158 -1
158 446 -1
446 158 -1
158 454 1
454 158 1
158 473 -1
473 158 -1
158 477 1
477 158 1
159 222 1
222 159 1
159 239 1
239 159 1
159 244 -1
244 159 -1
159 245 -1
245 159 -1
159 248 1
248 159 1
159 266 -1
266 159 -1
159 275 -1
275 159 -1
159 287 -1
287 159 -1
159 294 -1
294 159 -1
159 331 1
331 159 1
159 339 -1
339 159 -1
159 442 -1
442 159 -1
159 453 1
453 159 1
159 494 1
494 159 1
160 185 1
185 160 1
160 224 1
224 160 1
160 230 1
230 160 1
160 445 1
445 160 1
161 189 1
189 161 1
161 207 1
207 161 1
161 214 1
214 161 1
161 282 1
282 161 1
161 329 -1
329 161 -1
161 389 -1
389 161 -1
161 393 -1
393 161 -1
161 409 1
409 161 1
161 434 -1
434 161 -1
161 449 1
449 161 1
162 171 1
171 162 1
162 184 -1
184 162 -1
162 261 -1
261 162 -1
162 283 -1
283 162 -1
162 285 1
285 162 1
162 291 -1
291 162 -1
162 296 -1
296 162 -1
162 312 1
312 162 1
162 323 1
323 162 1
162 328 -1
328 162 -1
162 343 -1
343 162 -1
162 345 1
345 162 1
162 346 -1
346 162 -1
162 367 -1
367 162 -1
162 370 1
370 162 1
162 386 1
386 162 1
162 387 1
387 162 1
162 402 -1
402 162 -1
162 415 1
415 162 1
162 447 1
447 162 1
162 455 -1
455 162 -1
162 456 -1
456 162 -1
162 461 -1
461 162 -1
162 464 1
464 162 1
162 491 1
491 162 1
162 492 1
492 162 1
163 178 -1
178 163 -1
163 186 -1
186 163 -1
163 235 -1
235 163 -1
163 306 -1
306 163 -1
163 319 1
319 163 1
163 328 -1
328 163 -1
163 349 1
349 163 1
163 386 -1
386 163 -1
163 391 1
391 163 1
163 428 1
428 163 1
163 470 1
470 163 1
164 234 1
234 164 1
164 236 -1
236 164 -1
164 460 -1
460 164 -1
164 466 -1
466 164 -1
164 498 1
498 164 1
165 169 1
169 165 1
165 187 1
187 165 1
165 200 1
200 165 1
165 212 -1
212 165 -1
165 216 1
216 165 1
165 219 1
219 165 1
165 229 -1
229 165 -1
165 253 1
253 165 1
165 256 -1
256 165 -1
165 260 1
260 165 1
165 278 1
278 165 1
165 283 1
283 165 1
165 286 1
286 165 1
165 287 -1
287 165 -1
165 290 1
290 165 1
165 293 -1
293 165 -1
165 327 1
327 165 1
165 338 -1
338 165 -1
165 364 1
364 165 1
165 381 -1
381 165 -1
165 432 -1
432 165 -1
165 456 -1
456 165 -1
165 461 1
461 165 1
165 491 -1
491 165 -1
165 497 1
497 165 1
166 212 1
212 166 1
166 307 1
307 166 1
166 328 1
328 166 1
166 349 1
349 166 1
166 356 1
356 166 1
166 412 -1
412 166 -1
166 423 1
423 166 1
166 434 -1
434 166 -1
166 436 -1
436 166 -1
167 187 -1
187 167 -1
167 232 1
232 167 1
167 266 -1
266 167 -1
167 304 1
304 167 1
167 330 -1
330 167 -1
167 341 1
341 167 1
167 346 -1
346 167 -1
167 351 -1
351 167 -1
167 359 -1
359 167 -1
167 375 -1
375 167 -1
167 407 1
407 167 1
167 433 1
433 167 1
167 477 -1
477 167 -1
168 210 1
210 168 1
168 228 -1
228 168 -1
168 259 -1
259 168 -1
168 297 1
297 168 1
168 342 -1
342 168 -1
168 438 1
438 168 1
168 498 -1
498 168 -1
169 176 -1
176 169 -1
169 179 1
179 169 1
169 188 -1
188 169 -1
169 190 -1
190 169 -1
169 207 1
207 169 1
169 213 1
213 169 1
169 242 1
242 169 1
169 253 -1
253 169 -1
169 263 1
263 169 1
169 280 -1
280 169 -1
169 295 1
295 169 1
169 321 1
321 169 1
169 342 1
342 169 1
169 354 1
354 169 1
169 368 -1
368 169 -1
169 373 1
373 169 1
169 384 -1
384 169 -1
169 400 -1
400 169 -1
169 477 -1
477 169 -1
170 198 1
198 170 1
170 240 1
240 170 1
170 252 1
252 170 1
170 270 1
270 170 1
170 328 -1
328 170 -1
170 386 -1
386 170 -1
170 387 -1
387 170 -1
170 441 1
441 170 1
170 477 1
477 170 1
170 479 -1
479 170 -1
171 197 1
197 171 1
171 214 -1
214 171 -1
171 228 1
228 171 1
171 251 1
251 171 1
171 252 1
252 171 1
171 269 1
269 171 1
171 310 -1
310 171 -1
171 315 1
315 171 1
171 323 1
323 171 1
171 331 -1
331 171 -1
171 366 -1
366 171 -1
171 397 1
397 171 1
171 399 1
399 171 1
172 190 -1
190 172 -1
172 193 -1
193 172 -1
172 196 -1
196 172 -1
172 197 1
197 172 1
172 210 1
210 172 1
172 221 1
221 172 1
172 228 1
228 172 1
172 251 1
251 172 1
172 262 1
262 172 1
172 269 1
269 172 1
172 272 -1
272 172 -1
172 302 -1
302 172 -1
172 303 -1
303 172 -1
172 326 -1
326 172 -1
172 342 1
342 172 1
172 349 -1
349 172 -1
172 379 1
379 172 1
172 438 1
438 172 1
172 442 -1
442 172 -1
173 204 -1
204 173 -1
173 224 1
224 173 1
173 230 -1
230 173 -1
173 269 -1
269 173 -1
173 434 -1
434 173 -1
173 482 1
482 173 1
174 187 1
187 174 1
174 219 -1
219 174 -1
174 261 1
261 174 1
174 307 -1
307 174 -1
174 329 1
329 174 1
174 338 1
338 174 1
174 364 -1
364 174 -1
174 384 -1
384 174 -1
174 394 1
394 174 1
174 398 1
398 174 1
174 403 1
403 174 1
174 405 1
405 174 1
174 410 1
410 174 1
174 424 1
424 174 1
174 437 -1
437 174 -1
174 442 -1
442 174 -1
174 444 -1
444 174 -1
174 448 1
448 174 1
174 470 1
470 174 1
174 480 -1
480 174 -1
175 176 1
176 175 1
175 178 -1
178 175 -1
175 339 1
339 175 1
175 348 1
348 175 1
175 408 1
408 175 1
176 189 1
189 176 1
176 200 -1
200 176 -1
176 232 -1
232 176 -1
176 234 -1
234 176 -1
176 244 1
244 176 1
176 272 -1
272 176 -1
176 342 -1
342 176 -1
176 348 1
348 176 1
176 381 -1
381 176 -1
176 419 1
419 176 1
176 470 -1
470 176 -1
176 498 -1
498 176 -1
177 188 -1
188 177 -1
177 231 -1
231 177 -1
177 283 -1
283 177 -1
177 356 1
356 177 1
177 414 -1
414 177 -1
177 434 1
434 177 1
177 443 -1
443 177 -1
177 449 -1
449 177 -1
177 460 1
460 177 1
177 499 1
499 177 1
178 192 -1
192 178 -1
178 238 -1
238 178 -1
178 240 1
240 178 1
178 314 1
314 178 1
178 328 -1
328 178 -1
178 335 -1
335 178 -1
178 337 1
337 178 1
178 349 1
349 178 1
178 356 1
356 178 1
178 362 -1
362 178 -1
178 391 1
391 178 1
178 417 1
417 178 1
178 423 1
423 178 1
178 428 1
428 178 1
178 431 1
431 178 1
178 433 -1
433 178 -1
178 439 1
439 178 1
178 444 -1
444 178 -1
178 449 -1
449 178 -1
178 450 1
450 178 1
178 467 -1
467 178 -1
178 482 -1
482 178 -1
178 495 1
495 178 1
179 180 1
180 179 1
179 188 1
188 179 1
179 194 1
194 179 1
179 204 1
204 179 1
179 220 -1
220 179 -1
179 238 1
238 179 1
179 242 -1
242 179 -1
179 252 1
252 179 1
179 263 1
263 179 1
179 315 -1
315 179 -1
179 320 -1
320 179 -1
179 349 -1
349 179 -1
179 362 -1
362 179 -1
179 441 1
441 179 1
179 450 -1
450 179 -1
179 452 -1
452 179 -1
179 458 1
458 179 1
179 472 1
472 179 1
180 213 1
213 180 1
180 222 -1
222 180 -1
180 235 -1
235 180 -1
180 239 -1
239 180 -1
180 252 1
252 180 1
180 266 -1
266 180 -1
180 293 -1
293 180 -1
180 295 1
295 180 1
180 301 1
301 180 1
180 311 -1
311 180 -1
180 325 -1
325 180 -1
180 329 1
329 180 1
180 352 1
352 180 1
180 368 -1
368 180 -1
180 396 1
396 180 1
180 407 1
407 180 1
180 441 -1
441 180 -1
180 474 -1
474 180 -1
180 499 -1
499 180 -1
181 199 -1
199 181 -1
181 244 -1
244 181 -1
181 302 1
302 181 1
181 420 -1
420 181 -1
182 200 -1
200 182 -1
182 211 1
211 182 1
182 341 1
341 182 1
182 373 -1
373 182 -1
182 406 1
406 182 1
182 407 1
407 182 1
182 433 1
433 182 1
182 440 -1
440 182 -1
182 442 1
442 182 1
183 235 1
235 183 1
183 267 1
267 183 1
183 366 -1
366 183 -1
183 387 -1
387 183 -1
183 411 -1
411 183 -1
183 452 1
452 183 1
183 455 -1
455 183 -1
184 256 1
256 184 1
184 272 -1
272 184 -1
184 282 1
282 184 1
184 285 -1
285 184 -1
184 291 1
291 184 1
184 320 -1
320 184 -1
184 322 -1
322 184 -1
184 334 -1
334 184 -1
184 341 -1
341 184 -1
184 369 1
369 184 1
184 389 -1
389 184 -1
184 409 1
409 184 1
184 434 1
434 184 1
184 440 1
440 184 1
184 468 -1
468 184 -1
184 499 1
499 184 1
185 223 1
223 185 1
185 247 1
247 185 1
185 258 1
258 185 1
185 461 1
461 185 1
186 190 1
190 186 1
186 261 -1
261 186 -1
186 291 -1
291 186 -1
186 306 1
306 186 1
186 367 1
367 186 1
186 377 1
377 186 1
186 425 1
425 186 1
186 462 1
462 186 1
186 469 1
469 186 1
187 206 1
206 187 1
187 216 1
216 187 1
187 219 1
219 187 1
187 283 1
283 187 1
187 287 1
287 187 1
187 288 1
288 187 1
187 290 -1
290 187 -1
187 375 1
375 187 1
187 398 -1
398 187 -1
187 461 -1
461 187 -1
187 466 1
466 187 1
188 194 -1
194 188 -1
188 213 1
213 188 1
188 253 -1
253 188 -1
188 279 -1
279 188 -1
188 309 -1
309 188 -1
188 321 -1
321 188 -1
188 331 -1
331 188 -1
188 423 1
423 188 1
188 468 -1
468 188 -1
188 474 1
474 188 1
188 476 -1
476 188 -1
188 477 1
477 188 1
188 495 1
495 188 1
189 191 1
191 189 1
189 193 -1
193 189 -1
189 246 1
246 189 1
189 282 1
282 189 1
189 291 1
291 189 1
189 309 1
309 189 1
189 328 -1
328 189 -1
189 365 -1
365 189 -1
189 379 -1
379 189 -1
189 393 1
393 189 1
189 394 1
394 189 1
189 409 1
409 189 1
189 434 1
434 189 1
189 440 -1
440 189 -1
189 449 1
449 189 1
189 477 1
477 189 1
189 479 -1
479 189 -1
189 484 -1
484 189 -1
189 488 1
488 189 1
189 499 1
499 189 1
190 207 -1
207 190 -1
190 272 1
272 190 1
190 280 -1
280 190 -1
190 317 -1
317 190 -1
190 334 -1
334 190 -1
190 338 -1
338 190 -1
190 350 1
350 190 1
190 368 -1
368 190 -1
190 401 1
401 190 1
190 413 1
413 190 1
190 456 1
456 190 1
190 467 -1
467 190 -1
191 215 -1
215 191 -1
191 268 1
268 191 1
191 300 -1
300 191 -1
191 329 -1
329 191 -1
191 408 1
408 191 1
191 419 1
419 191 1
191 467 1
467 191 1
191 495 1
495 191 1
192 203 -1
203 192 -1
192 240 1
240 192 1
192 241 -1
241 192 -1
192 290 -1
290 192 -1
192 307 1
307 192 1
192 321 1
321 192 1
192 328 -1
328 192 -1
192 330 -1
330 192 -1
192 349 1
349 192 1
192 356 -1
356 192 -1
192 366 1
366 192 1
192 391 1
391 192 1
192 398 -1
398 192 -1
192 423 1
423 192 1
192 439 1
439 192 1
192 477 -1
477 192 -1
192 495 1
495 192 1
193 343 1
343 193 1
193 466 1
466 193 1
193 486 1
486 193 1
193 496 -1
496 193 -1
194 201 1
201 194 1
194 207 1
207 194 1
194 209 -1
209 194 -1
194 213 1
213 194 1
194 220 1
220 194 1
194 257 1
257 194 1
194 261 1
261 194 1
194 280 -1
280 194 -1
194 356 1
356 194 1
194 360 1
360 194 1
194 390 1
390 194 1
194 398 1
398 194 1
194 411 1
411 194 1
194 422 -1
422 194 -1
194 424 1
424 194 1
194 443 -1
443 194 -1
194 444 1
444 194 1
194 456 -1
456 194 -1
194 466 1
466 194 1
194 470 1
470 194 1
194 493 1
493 194 1
195 199 1
199 195 1
195 226 1
226 195 1
195 235 1
235 195 1
195 250 -1
250 195 -1
195 267 1
267 195 1
195 271 1
271 195 1
195 302 -1
302 195 -1
195 307 1
307 195 1
195 324 1
324 195 1
195 327 1
327 195 1
195 329 -1
329 195 -1
195 343 1
343 195 1
195 362 1
362 195 1
195 368 -1
368 195 -1
195 388 1
388 195 1
195 413 -1
413 195 -1
195 418 1
418 195 1
195 422 1
422 195 1
195 461 -1
461 195 -1
195 466 1
466 195 1
195 482 -1
482 195 -1
195 483 1
483 195 1
195 486 -1
486 195 -1
195 492 -1
492 195 -1
195 499 -1
499 195 -1
196 220 -1
220 196 -1
196 301 -1
301 196 -1
196 434 1
434 196 1
196 440 1
440 196 1
196 449 -1
449 196 -1
196 468 1
468 196 1
196 471 -1
471 196 -1
196 499 1
499 196 1
197 210 1
210 197 1
197 228 1
228 197 1
197 273 -1
273 197 -1
197 319 -1
319 197 -1
197 358 -1
358 197 -1
197 438 1
438 197 1
197 452 1
452 197 1
197 459 -1
459 197 -1
197 494 1
494 197 1
198 237 1
237 198 1
198 252 -1
252 198 -1
198 259 -1
259 198 -1
198 271 1
271 198 1
198 282 -1
282 198 -1
198 333 1
333 198 1
198 347 -1
347 198 -1
198 362 1
362 198 1
198 365 1
365 198 1
198 395 1
395 198 1
198 432 -1
432 198 -1
198 466 1
466 198 1
198 470 -1
470 198 -1
199 222 1
222 199 1
199 226 -1
226 199 -1
199 343 1
343 199 1
199 362 -1
362 199 -1
199 395 1
395 199 1
199 408 1
408 199 1
199 432 -1
432 199 -1
200 216 1
216 200 1
200 219 1
219 200 1
200 229 -1
229 200 -1
200 238 -1
238 200 -1
200 253 1
253 200 1
200 256 1
256 200 1
200 272 -1
272 200 -1
200 280 1
280 200 1
200 282 1
282 200 1
200 317 -1
317 200 -1
200 318 1
318 200 1
200 364 1
364 200 1
200 413 -1
413 200 -1
200 461 1
461 200 1
200 478 1
478 200 1
200 497 1
497 200 1
201 261 1
261 201 1
201 278 -1
278 201 -1
201 329 1
329 201 1
201 338 -1
338 201 -1
201 339 -1
339 201 -1
201 360 1
360 201 1
201 364 -1
364 201 -1
201 398 1
398 201 1
201 429 1
429 201 1
201 433 -1
433 201 -1
202 251 1
251 202 1
202 261 -1
261 202 -1
202 346 1
346 202 1
202 351 -1
351 202 -1
202 407 1
407 202 1
202 442 1
442 202 1
202 451 1
451 202 1
203 292 -1
292 203 -1
203 309 -1
309 203 -1
203 380 1
380 203 1
203 494 1
494 203 1
204 236 1
236 204 1
204 252 1
252 204 1
204 281 1
281 204 1
204 340 1
340 204 1
204 344 1
344 204 1
204 346 -1
346 204 -1
204 370 -1
370 204 -1
204 388 -1
388 204 -1
204 490 -1
490 204 -1
205 217 1
217 205 1
205 226 -1
226 205 -1
205 239 1
239 205 1
205 259 -1
259 205 -1
205 302 -1
302 205 -1
205 349 -1
349 205 -1
205 408 1
408 205 1
205 412 1
412 205 1
205 419 1
419 205 1
205 432 1
432 205 1
205 467 1
467 205 1
205 472 1
472 205 1
206 216 1
216 206 1
206 290 -1
290 206 -1
206 322 -1
322 206 -1
206 339 -1
339 206 -1
206 356 -1
356 206 -1
206 477 -1
477 206 -1
207 232 -1
232 207 -1
207 261 -1
261 207 -1
207 264 1
264 207 1
207 279 1
279 207 1
207 281 -1
281 207 -1
207 297 -1
297 207 -1
207 319 -1
319 207 -1
207 336 1
336 207 1
207 354 1
354 207 1
207 364 -1
364 207 -1
207 382 1
382 207 1
207 387 -1
387 207 -1
207 436 1
436 207 1
207 478 -1
478 207 -1
207 489 -1
489 207 -1
208 329 1
329 208 1
208 338 1
338 208 1
208 370 1
370 208 1
208 390 1
390 208 1
208 405 1
405 208 1
208 408 -1
408 208 -1
208 411 1
411 208 1
208 416 1
416 208 1
208 465 -1
465 208 -1
209 329 1
329 209 1
209 386 -1
386 209 -1
209 391 1
391 209 1
209 398 -1
398 209 -1
209 403 1
403 209 1
209 424 1
424 209 1
209 426 -1
426 209 -1
209 443 1
443 209 1
209 448 -1
448 209 -1
210 221 1
221 210 1
210 223 -1
223 210 -1
210 228 1
228 210 1
210 229 -1
229 210 -1
210 248 -1
248 210 -1
210 251 1
251 210 1
210 256 -1
256 210 -1
210 261 -1
261 210 -1
210 274 1
274 210 1
210 297 1
297 210 1
210 303 1
303 210 1
210 315 1
315 210 1
210 323 1
323 210 1
210 397 1
397 210 1
210 432 -1
432 210 -1
210 438 1
438 210 1
210 446 -1
446 210 -1
211 215 -1
215 211 -1
211 229 -1
229 211 -1
211 232 1
232 211 1
211 239 -1
239 211 -1
211 269 1
269 211 1
211 304 1
304 211 1
211 313 1
313 211 1
211 330 1
330 211 1
211 331 -1
331 211 -1
211 334 -1
334 211 -1
211 341 1
341 211 1
211 346 1
346 211 1
211 373 -1
373 211 -1
211 407 1
407 211 1
211 433 1
433 211 1
211 442 1
442 211 1
211 451 1
451 211 1
211 458 -1
458 211 -1
211 465 -1
465 211 -1
211 470 1
470 211 1
211 472 -1
472 211 -1
212 241 -1
241 212 -1
212 307 -1
307 212 -1
212 309 1
309 212 1
212 328 -1
328 212 -1
212 337 1
337 212 1
212 386 -1
386 212 -1
212 391 1
391 212 1
212 405 -1
405 212 -1
212 423 -1
423 212 -1
212 424 -1
424 212 -1
212 450 1
450 212 1
212 455 1
455 212 1
212 495 1
495 212 1
213 238 1
238 213 1
213 252 1
252 213 1
213 261 -1
261 213 -1
213 269 -1
269 213 -1
213 279 1
279 213 1
213 321 1
321 213 1
213 341 -1
341 213 -1
213 352 1
352 213 1
213 382 1
382 213 1
213 396 1
396 213 1
213 412 1
412 213 1
213 416 -1
416 213 -1
213 425 -1
425 213 -1
213 429 1
429 213 1
213 441 1
441 213 1
213 447 -1
447 213 -1
213 460 -1
460 213 -1
213 470 -1
470 213 -1
213 472 1
472 213 1
213 480 1
480 213 1
214 228 1
228 214 1
214 248 1
248 214 1
214 269 -1
269 214 -1
214 288 1
288 214 1
214 329 -1
329 214 -1
214 379 -1
379 214 -1
214 427 1
427 214 1
214 432 -1
432 214 -1
214 479 1
479 214 1
215 239 1
239 215 1
215 255 1
255 215 1
215 276 -1
276 215 -1
215 304 -1
304 215 -1
215 342 -1
342 215 -1
215 362 -1
362 215 -1
215 408 -1
408 215 -1
215 432 1
432 215 1
215 462 -1
462 215 -1
215 472 1
472 215 1
215 479 1
479 215 1
215 490 -1
490 215 -1
216 219 1
219 216 1
216 229 1
229 216 1
216 235 -1
235 216 -1
216 236 -1
236 216 -1
216 253 1
253 216 1
216 260 1
260 216 1
216 261 -1
261 216 -1
216 278 1
278 216 1
216 281 -1
281 216 -1
216 283 1
283 216 1
216 286 1
286 216 1
216 290 1
290 216 1
216 294 1
294 216 1
216 310 -1
310 216 -1
216 316 1
316 216 1
216 317 -1
317 216 -1
216 318 -1
318 216 -1
216 331 1
331 216 1
216 338 -1
338 216 -1
216 341 -1
341 216 -1
216 348 1
348 216 1
216 364 1
364 216 1
216 375 1
375 216 1
216 385 1
385 216 1
216 395 -1
395 216 -1
216 461 1
461 216 1
216 486 -1
486 216 -1
216 489 -1
489 216 -1
216 494 -1
494 216 -1
216 497 1
497 216 1
217 239 1
239 217 1
217 258 -1
258 217 -1
217 268 1
268 217 1
217 276 -1
276 217 -1
217 284 1
284 217 1
217 318 -1
318 217 -1
217 384 1
384 217 1
217 387 -1
387 217 -1
217 400 1
400 217 1
217 408 1
408 217 1
217 419 1
419 217 1
217 432 1
432 217 1
217 454 1
454 217 1
217 460 -1
460 217 -1
217 462 -1
462 217 -1
217 467 1
467 217 1
217 484 1
484 217 1
218 241 -1
241 218 -1
218 273 1
273 218 1
218 302 1
302 218 1
218 314 1
314 218 1
218 360 -1
360 218 -1
219 223 -1
223 219 -1
219 225 1
225 219 1
219 253 1
253 219 1
219 260 1
260 219 1
219 278 1
278 219 1
219 280 1
280 219 1
219 282 -1
282 219 -1
219 286 1
286 219 1
219 287 1
287 219 1
219 290 1
290 219 1
219 298 1
298 219 1
219 312 -1
312 219 -1
219 322 -1
322 219 -1
219 364 1
364 219 1
219 416 -1
416 219 -1
219 459 -1
459 219 -1
219 461 1
461 219 1
219 477 -1
477 219 -1
219 488 -1
488 219 -1
219 490 1
490 219 1
219 498 1
498 219 1
220 261 1
261 220 1
220 329 -1
329 220 -1
220 336 1
336 220 1
220 338 -1
338 220 -1
220 398 -1
398 220 -1
220 405 1
405 220 1
220 416 1
416 220 1
220 424 1
424 220 1
220 443 1
443 220 1
220 462 -1
462 220 -1
220 470 1
470 220 1
220 496 1
496 220 1
221 269 1
269 221 1
221 288 -1
288 221 -1
221 303 1
303 221 1
221 315 1
315 221 1
221 323 1
323 221 1
221 337 -1
337 221 -1
221 350 -1
350 221 -1
221 422 -1
422 221 -1
221 424 -1
424 221 -1
222 230 -1
230 222 -1
222 233 1
233 222 1
222 237 1
237 222 1
222 273 1
273 222 1
222 275 1
275 222 1
222 283 -1
283 222 -1
222 304 -1
304 222 -1
222 328 -1
328 222 -1
222 336 -1
336 222 -1
222 339 1
339 222 1
222 340 1
340 222 1
222 361 1
361 222 1
222 364 -1
364 222 -1
222 394 -1
394 222 -1
222 494 1
494 222 1
223 318 -1
318 223 -1
223 329 -1
329 223 -1
223 359 -1
359 223 -1
223 423 -1
423 223 -1
223 439 -1
439 223 -1
223 445 1
445 223 1
224 230 1
230 224 1
224 236 1
236 224 1
224 240 -1
240 224 -1
224 258 1
258 224 1
224 311 -1
311 224 -1
224 328 -1
328 224 -1
224 338 -1
338 224 -1
224 344 -1
344 224 -1
224 384 -1
384 224 -1
224 387 -1
387 224 -1
224 428 -1
428 224 -1
224 445 1
445 224 1
225 253 1
253 225 1
225 256 -1
256 225 -1
225 431 -1
431 225 -1
225 478 -1
478 225 -1
225 494 -1
494 225 -1
226 362 1
362 226 1
226 382 -1
382 226 -1
226 395 1
395 226 1
226 437 -1
437 226 -1
226 461 -1
461 226 -1
227 239 1
239 227 1
227 298 1
298 227 1
227 306 -1
306 227 -1
227 319 1
319 227 1
227 335 -1
335 227 -1
227 355 -1
355 227 -1
227 384 1
384 227 1
227 400 -1
400 227 -1
227 408 1
408 227 1
227 432 1
432 227 1
227 442 1
442 227 1
227 459 1
459 227 1
227 467 1
467 227 1
227 470 1
470 227 1
228 238 -1
238 228 -1
228 248 1
248 228 1
228 261 -1
261 228 -1
228 265 1
265 228 1
228 269 1
269 228 1
228 274 1
274 228 1
228 297 1
297 228 1
228 298 -1
298 228 -1
228 323 -1
323 228 -1
228 327 -1
327 228 -1
228 329 -1
329 228 -1
228 334 -1
334 228 -1
228 342 -1
342 228 -1
228 384 -1
384 228 -1
228 399 1
399 228 1
228 438 1
438 228 1
228 442 1
442 228 1
228 448 -1
448 228 -1
228 489 -1
489 228 -1
229 251 -1
251 229 -1
229 286 1
286 229 1
229 290 1
290 229 1
229 291 -1
291 229 -1
229 364 1
364 229 1
229 417 1
417 229 1
229 461 1
461 229 1
229 473 1
473 229 1
230 250 -1
250 230 -1
230 258 -1
258 230 -1
230 283 -1
283 230 -1
230 297 -1
297 230 -1
230 322 -1
322 230 -1
230 392 -1
392 230 -1
230 400 -1
400 230 -1
230 442 -1
442 230 -1
230 463 1
463 230 1
231 299 -1
299 231 -1
231 354 1
354 231 1
231 391 1
391 231 1
231 396 1
396 231 1
231 477 1
477 231 1
231 499 -1
499 231 -1
232 266 1
266 232 1
232 293 -1
293 232 -1
232 304 1
304 232 1
232 330 1
330 232 1
232 341 1
341 232 1
232 346 1
346 232 1
232 361 -1
361 232 -1
232 366 -1
366 232 -1
232 406 1
406 232 1
232 407 1
407 232 1
232 433 -1
433 232 -1
232 468 1
468 232 1
232 478 1
478 232 1
233 261 -1
261 233 -1
233 269 -1
269 233 -1
233 274 -1
274 233 -1
233 302 1
302 233 1
233 311 1
311 233 1
233 331 1
331 233 1
233 374 1
374 233 1
233 432 -1
432 233 -1
233 452 -1
452 233 -1
233 494 1
494 233 1
234 293 -1
293 234 -1
234 315 -1
315 234 -1
234 335 -1
335 234 -1
234 368 -1
368 234 -1
234 430 1
430 234 1
234 432 -1
432 234 -1
234 472 -1
472 234 -1
235 237 1
237 235 1
235 252 -1
252 235 -1
235 292 -1
292 235 -1
235 324 1
324 235 1
235 327 -1
327 235 -1
235 333 1
333 235 1
235 418 1
418 235 1
235 422 1
422 235 1
235 463 -1
463 235 -1
235 483 1
483 235 1
236 238 1
238 236 1
236 252 1
252 236 1
236 270 -1
270 236 -1
236 284 -1
284 236 -1
236 412 -1
412 236 -1
236 445 -1
445 236 -1
237 250 1
250 237 1
237 271 1
271 237 1
237 272 -1
272 237 -1
237 289 1
289 237 1
237 362 1
362 237 1
237 453 1
453 237 1
237 469 -1
469 237 -1
238 279 1
279 238 1
238 295 1
295 238 1
238 338 -1
338 238 -1
238 364 -1
364 238 -1
238 373 1
373 238 1
238 385 1
385 238 1
238 387 -1
387 238 -1
238 441 1
441 238 1
238 444 -1
444 238 -1
238 482 1
482 238 1
239 255 1
255 239 1
239 267 -1
267 239 -1
239 268 1
268 239 1
239 275 -1
275 239 -1
239 276 1
276 239 1
239 298 1
298 239 1
239 353 -1
353 239 -1
239 369 -1
369 239 -1
239 384 1
384 239 1
239 400 1
400 239 1
239 408 1
408 239 1
239 411 -1
411 239 -1
239 419 1
419 239 1
239 432 -1
432 239 -1
239 454 1
454 239 1
239 459 1
459 239 1
239 467 1
467 239 1
239 472 1
472 239 1
240 241 1
241 240 1
240 247 -1
247 240 -1
240 307 1
307 240 1
240 312 -1
312 240 -1
240 319 1
319 240 1
240 328 1
328 240 1
240 331 -1
331 240 -1
240 337 1
337 240 1
240 343 1
343 240 1
240 347 1
347 240 1
240 349 1
349 240 1
240 355 -1
355 240 -1
240 366 -1
366 240 -1
240 376 -1
376 240 -1
240 391 1
391 240 1
240 408 -1
408 240 -1
240 411 1
411 240 1
240 428 1
428 240 1
240 450 1
450 240 1
240 451 1
451 240 1
240 455 -1
455 240 -1
240 495 1
495 240 1
241 322 -1
322 241 -1
241 328 1
328 241 1
241 349 1
349 241 1
241 356 1
356 241 1
241 364 1
364 241 1
241 366 1
366 241 1
241 417 1
417 241 1
241 423 1
423 241 1
241 450 -1
450 241 -1
241 456 -1
456 241 -1
241 488 -1
488 241 -1
241 495 1
495 241 1
242 252 1
252 242 1
242 309 -1
309 242 -1
242 321 1
321 242 1
242 353 -1
353 242 -1
242 477 -1
477 242 -1
242 478 -1
478 242 -1
243 258 -1
258 243 -1
243 281 1
281 243 1
243 293 1
293 243 1
243 295 1
295 243 1
243 320 -1
320 243 -1
243 346 -1
346 243 -1
243 360 -1
360 243 -1
243 380 -1
380 243 -1
243 436 -1
436 243 -1
243 476 -1
476 243 -1
243 477 -1
477 243 -1
244 292 -1
292 244 -1
244 348 1
348 244 1
244 384 -1
384 244 -1
244 408 -1
408 244 -1
245 272 -1
272 245 -1
245 307 -1
307 245 -1
245 308 1
308 245 1
245 338 -1
338 245 -1
245 377 1
377 245 1
245 388 -1
388 245 -1
245 408 -1
408 245 -1
245 425 1
425 245 1
245 493 -1
493 245 -1
246 252 -1
252 246 -1
246 393 1
393 246 1
246 398 -1
398 246 -1
246 404 1
404 246 1
246 421 -1
421 246 -1
246 434 1
434 246 1
246 440 1
440 246 1
246 451 1
451 246 1
246 476 1
476 246 1
247 346 1
346 247 1
247 407 1
407 247 1
247 422 -1
422 247 -1
247 442 -1
442 247 -1
247 485 -1
485 247 -1
248 315 1
315 248 1
248 349 -1
349 248 -1
248 370 -1
370 248 -1
248 397 1
397 248 1
248 424 1
424 248 1
248 434 -1
434 248 -1
249 252 1
252 249 1
249 253 -1
253 249 -1
249 279 1
279 249 1
249 293 1
293 249 1
249 295 -1
295 249 -1
249 310 1
310 249 1
249 332 -1
332 249 -1
249 436 1
436 249 1
249 477 1
477 249 1
250 272 -1
272 250 -1
250 358 -1
358 250 -1
250 383 1
383 250 1
251 274 1
274 251 1
251 297 1
297 251 1
251 434 1
434 251 1
251 438 1
438 251 1
251 456 -1
456 251 -1
252 253 -1
253 252 -1
252 263 1
263 252 1
252 282 -1
282 252 -1
252 288 1
288 252 1
252 290 -1
290 252 -1
252 293 1
293 252 1
252 295 1
295 252 1
252 299 -1
299 252 -1
252 338 -1
338 252 -1
252 344 1
344 252 1
252 350 -1
350 252 -1
252 351 1
351 252 1
252 352 1
352 252 1
252 357 1
357 252 1
252 359 -1
359 252 -1
252 382 1
382 252 1
252 402 -1
402 252 -1
252 408 -1
408 252 -1
252 412 -1
412 252 -1
252 455 -1
455 252 -1
252 474 1
474 252 1
252 477 1
477 252 1
253 256 1
256 253 1
253 283 1
283 253 1
253 321 -1
321 253 -1
253 375 1
375 253 1
253 432 -1
432 253 -1
253 461 1
461 253 1
253 469 -1
469 253 -1
253 476 -1
476 253 -1
253 483 -1
483 253 -1
253 497 1
497 253 1
254 329 1
329 254 1
254 338 -1
338 254 -1
254 353 -1
353 254 -1
254 373 -1
373 254 -1
254 435 1
435 254 1
254 470 1
470 254 1
254 476 1
476 254 1
254 494 -1
494 254 -1
255 323 -1
323 255 -1
255 370 -1
370 255 -1
255 419 1
419 255 1
255 435 -1
435 255 -1
255 459 1
459 255 1
255 467 1
467 255 1
255 479 1
479 255 1
256 283 1
283 256 1
256 290 1
290 256 1
256 369 -1
369 256 -1
256 419 -1
419 256 -1
256 495 -1
495 256 -1
256 497 -1
497 256 -1
257 261 1
261 257 1
257 362 -1
362 257 -1
257 398 1
398 257 1
257 405 1
405 257 1
257 443 1
443 257 1
257 479 -1
479 257 -1
257 484 -1
484 257 -1
258 266 -1
266 258 -1
258 268 1
268 258 1
258 398 -1
398 258 -1
258 445 -1
445 258 -1
258 461 -1
461 258 -1
259 326 1
326 259 1
259 350 1
350 259 1
259 368 1
368 259 1
259 383 -1
383 259 -1
259 424 -1
424 259 -1
259 456 1
456 259 1
259 462 1
462 259 1
259 469 1
469 259 1
260 283 1
283 260 1
260 290 1
290 260 1
260 342 -1
342 260 -1
260 419 -1
419 260 -1
260 441 -1
441 260 -1
260 452 -1
452 260 -1
260 458 1
458 260 1
260 473 1
473 260 1
260 477 -1
477 260 -1
261 268 -1
268 261 -1
261 292 1
292 261 1
261 320 -1
320 261 -1
261 336 -1
336 261 -1
261 338 1
338 261 1
261 360 1
360 261 1
261 371 -1
371 261 -1
261 381 1
381 261 1
261 390 -1
390 261 -1
261 394 1
394 261 1
261 398 1
398 261 1
261 403 1
403 261 1
261 410 1
410 261 1
261 416 -1
416 261 -1
261 424 1
424 261 1
261 432 -1
432 261 -1
261 448 1
448 261 1
261 470 1
470 261 1
261 480 1
480 261 1
261 492 -1
492 261 -1
261 493 1
493 261 1
262 269 1
269 262 1
262 274 1
274 262 1
262 279 -1
279 262 -1
262 297 1
297 262 1
262 342 1
342 262 1
262 348 -1
348 262 -1
262 354 -1
354 262 -1
262 411 -1
411 262 -1
262 420 -1
420 262 -1
262 485 -1
485 262 -1
263 273 -1
273 263 -1
263 294 -1
294 263 -1
263 376 -1
376 263 -1
263 439 -1
439 263 -1
263 482 1
482 263 1
264 274 -1
274 264 -1
264 370 -1
370 264 -1
264 410 -1
410 264 -1
264 450 1
450 264 1
264 474 -1
474 264 -1
265 355 1
355 265 1
265 370 1
370 265 1
265 384 -1
384 265 -1
265 494 -1
494 265 -1
266 285 1
285 266 1
266 293 1
293 266 1
266 304 1
304 266 1
266 325 -1
325 266 -1
266 346 1
346 266 1
266 391 -1
391 266 -1
266 406 -1
406 266 -1
266 409 -1
409 266 -1
266 442 1
442 266 1
267 324 1
324 267 1
267 348 -1
348 267 -1
267 362 1
362 267 1
267 388 1
388 267 1
267 459 -1
459 267 -1
267 475 -1
475 267 -1
267 483 1
483 267 1
268 277 1
277 268 1
268 298 1
298 268 1
268 323 -1
323 268 -1
268 354 -1
354 268 -1
268 408 1
408 268 1
268 432 1
432 268 1
268 434 -1
434 268 -1
268 449 -1
449 268 -1
268 467 1
467 268 1
269 274 1
274 269 1
269 297 1
297 269 1
269 303 -1
303 269 -1
269 342 1
342 269 1
269 344 -1
344 269 -1
269 370 -1
370 269 -1
269 372 1
372 269 1
269 394 -1
394 269 -1
269 397 1
397 269 1
269 460 -1
460 269 -1
269 468 -1
468 269 -1
270 293 1
293 270 1
270 322 -1
322 270 -1
270 356 -1
356 270 -1
270 357 1
357 270 1
270 363 -1
363 270 -1
270 416 -1
416 270 -1
270 441 1
441 270 1
271 314 -1
314 271 -1
271 324 1
324 271 1
271 357 -1
357 271 -1
271 362 1
362 271 1
271 365 -1
365 271 -1
271 382 -1
382 271 -1
271 397 -1
397 271 -1
271 472 1
472 271 1
272 290 -1
290 272 -1
272 306 1
306 272 1
272 324 -1
324 272 -1
272 334 1
334 272 1
272 359 1
359 272 1
272 360 -1
360 272 -1
272 363 1
363 272 1
272 368 1
368 272 1
272 371 1
371 272 1
272 372 1
372 272 1
272 377 1
377 272 1
272 381 -1
381 272 -1
272 389 1
389 272 1
272 401 1
401 272 1
272 413 1
413 272 1
272 425 -1
425 272 -1
272 427 1
427 272 1
272 444 -1
444 272 -1
272 448 -1
448 272 -1
272 456 -1
456 272 -1
272 462 1
462 272 1
272 475 -1
475 272 -1
273 302 1
302 273 1
273 331 1
331 273 1
273 361 1
361 273 1
273 398 -1
398 273 -1
273 494 -1
494 273 -1
274 315 1
315 274 1
274 328 1
328 274 1
274 342 1
342 274 1
274 379 1
379 274 1
274 385 1
385 274 1
274 399 1
399 274 1
274 400 -1
400 274 -1
274 412 -1
412 274 -1
274 452 -1
452 274 -1
274 485 1
485 274 1
275 387 -1
387 275 -1
275 450 -1
450 275 -1
275 494 1
494 275 1
276 334 -1
334 276 -1
276 369 -1
369 276 -1
276 371 1
371 276 1
276 384 1
384 276 1
276 408 1
408 276 1
276 424 -1
424 276 -1
276 467 1
467 276 1
277 324 -1
324 277 -1
277 384 1
384 277 1
277 432 1
432 277 1
277 454 1
454 277 1
277 467 1
467 277 1
278 286 1
286 278 1
278 287 1
287 278 1
278 293 -1
293 278 -1
278 318 1
318 278 1
278 450 -1
450 278 -1
278 478 1
478 278 1
279 301 1
301 279 1
279 348 1
348 279 1
279 357 1
357 279 1
279 480 1
480 279 1
279 485 1
485 279 1
279 491 -1
491 279 -1
279 496 -1
496 279 -1
280 290 1
290 280 1
280 316 1
316 280 1
280 318 1
318 280 1
280 322 1
322 280 1
280 364 1
364 280 1
280 403 -1
403 280 -1
280 428 -1
428 280 -1
280 449 -1
449 280 -1
281 336 1
336 281 1
281 361 -1
361 281 -1
281 453 -1
453 281 -1
281 477 -1
477 281 -1
282 290 -1
290 282 -1
282 309 1
309 282 1
282 376 -1
376 282 -1
282 434 1
434 282 1
282 449 1
449 282 1
282 468 1
468 282 1
282 488 1
488 282 1
282 499 1
499 282 1
283 290 1
290 283 1
283 318 1
318 283 1
283 322 1
322 283 1
283 338 -1
338 283 -1
283 342 -1
342 283 -1
283 424 -1
424 283 -1
283 433 -1
433 283 -1
283 456 -1
456 283 -1
283 490 1
490 283 1
284 295 -1
295 284 -1
284 366 -1
366 284 -1
284 408 1
408 284 1
284 412 -1
412 284 -1
284 419 1
419 284 1
284 432 1
432 284 1
284 467 1
467 284 1
284 472 1
472 284 1
285 296 1
296 285 1
285 345 1
345 285 1
285 378 -1
378 285 -1
285 420 -1
420 285 -1
285 454 -1
454 285 -1
285 466 -1
466 285 -1
285 468 -1
468 285 -1
285 499 -1
499 285 -1
286 392 -1
392 286 -1
286 428 1
428 286 1
286 467 -1
467 286 -1
287 334 -1
334 287 -1
287 363 1
363 287 1
287 461 1
461 287 1
287 462 -1
462 287 -1
287 473 1
473 287 1
288 293 1
293 288 1
288 295 1
295 288 1
288 336 1
336 288 1
288 348 -1
348 288 -1
288 396 1
396 288 1
288 445 -1
445 288 -1
288 480 1
480 288 1
289 333 1
333 289 1
289 362 1
362 289 1
289 371 -1
371 289 -1
290 311 1
311 290 1
290 316 1
316 290 1
290 334 1
334 290 1
290 364 1
364 290 1
290 365 -1
365 290 -1
290 381 -1
381 290 -1
290 398 -1
398 290 -1
290 441 -1
441 290 -1
290 461 1
461 290 1
290 473 1
473 290 1
290 477 -1
477 290 -1
290 490 1
490 290 1
291 300 1
300 291 1
291 305 1
305 291 1
291 309 1
309 291 1
291 353 -1
353 291 -1
291 376 1
376 291 1
291 404 1
404 291 1
291 415 -1
415 291 -1
291 434 -1
434 291 -1
291 440 1
440 291 1
291 460 1
460 291 1
291 468 -1
468 291 -1
291 470 -1
470 291 -1
291 476 1
476 291 1
291 499 1
499 291 1
292 330 -1
330 292 -1
292 382 -1
382 292 -1
293 344 1
344 293 1
293 351 1
351 293 1
293 390 -1
390 293 -1
293 409 1
409 293 1
293 421 -1
421 293 -1
293 433 -1
433 293 -1
293 441 1
441 293 1
293 459 -1
459 293 -1
293 471 -1
471 293 -1
293 473 -1
473 293 -1
293 482 -1
482 293 -1
294 316 1
316 294 1
294 322 1
322 294 1
294 364 1
364 294 1
294 416 -1
416 294 -1
294 444 -1
444 294 -1
294 461 1
461 294 1
294 473 1
473 294 1
295 304 -1
304 295 -1
295 324 -1
324 295 -1
295 381 -1
381 295 -1
295 382 1
382 295 1
295 416 -1
416 295 -1
295 451 -1
451 295 -1
295 455 -1
455 295 -1
295 461 -1
461 295 -1
295 470 -1
470 295 -1
295 477 1
477 295 1
295 480 1
480 295 1
295 495 1
495 295 1
296 316 -1
316 296 -1
296 355 1
355 296 1
296 370 1
370 296 1
296 403 1
403 296 1
296 454 -1
454 296 -1
296 455 1
455 296 1
297 306 -1
306 297 -1
297 342 1
342 297 1
297 379 1
379 297 1
297 393 -1
393 297 -1
297 403 -1
403 297 -1
297 431 -1
431 297 -1
297 438 1
438 297 1
298 324 -1
324 298 -1
298 330 -1
330 298 -1
298 384 1
384 298 1
298 408 1
408 298 1
298 422 -1
422 298 -1
298 432 1
432 298 1
298 465 -1
465 298 -1
298 472 1
472 298 1
299 355 1
355 299 1
299 367 -1
367 299 -1
299 368 -1
368 299 -1
299 370 1
370 299 1
299 387 1
387 299 1
299 414 -1
414 299 -1
299 418 1
418 299 1
299 446 1
446 299 1
299 455 1
455 299 1
300 309 1
309 300 1
300 338 -1
338 300 -1
300 364 -1
364 300 -1
300 393 1
393 300 1
300 421 1
421 300 1
300 422 -1
422 300 -1
300 434 1
434 300 1
300 457 1
457 300 1
300 460 1
460 300 1
300 488 1
488 300 1
301 412 1
412 301 1
301 441 1
441 301 1
301 446 -1
446 301 -1
301 477 -1
477 301 -1
302 307 -1
307 302 -1
302 309 -1
309 302 -1
302 311 1
311 302 1
302 331 1
331 302 1
302 335 1
335 302 1
302 342 -1
342 302 -1
302 361 -1
361 302 -1
302 374 -1
374 302 -1
302 389 1
389 302 1
302 391 1
391 302 1
302 438 -1
438 302 -1
302 466 -1
466 302 -1
302 491 1
491 302 1
303 319 1
319 303 1
303 342 -1
342 303 -1
303 411 -1
411 303 -1
303 485 -1
485 303 -1
304 307 -1
307 304 -1
304 313 1
313 304 1
304 323 -1
323 304 -1
304 406 -1
406 304 -1
304 407 1
407 304 1
304 433 1
433 304 1
305 434 1
434 305 1
305 441 -1
441 305 -1
305 449 1
449 305 1
306 368 1
368 306 1
306 427 1
427 306 1
306 469 1
469 306 1
307 314 1
314 307 1
307 319 1
319 307 1
307 328 1
328 307 1
307 337 1
337 307 1
307 347 -1
347 307 -1
307 349 1
349 307 1
307 391 1
391 307 1
307 392 -1
392 307 -1
307 398 -1
398 307 -1
307 423 1
423 307 1
307 428 1
428 307 1
307 431 1
431 307 1
307 450 1
450 307 1
307 469 -1
469 307 -1
307 495 1
495 307 1
308 368 1
368 308 1
308 431 -1
431 308 -1
308 452 1
452 308 1
308 464 -1
464 308 -1
308 498 -1
498 308 -1
309 315 -1
315 309 -1
309 368 1
368 309 1
309 369 1
369 309 1
309 377 1
377 309 1
309 383 -1
383 309 -1
309 393 1
393 309 1
309 434 1
434 309 1
309 449 1
449 309 1
309 460 1
460 309 1
309 468 1
468 309 1
309 476 1
476 309 1
309 499 -1
499 309 -1
310 346 -1
346 310 -1
310 396 1
396 310 1
311 331 1
331 311 1
311 470 -1
470 311 -1
312 387 1
387 312 1
312 418 -1
418 312 -1
312 436 -1
436 312 -1
312 455 1
455 312 1
312 493 -1
493 312 -1
313 346 1
346 313 1
313 377 -1
377 313 -1
313 419 -1
419 313 -1
313 433 1
433 313 1
313 442 1
442 313 1
313 490 -1
490 313 -1
314 349 1
349 314 1
314 431 1
431 314 1
315 328 -1
328 315 -1
315 342 1
342 315 1
315 399 1
399 315 1
315 430 -1
430 315 -1
315 493 -1
493 315 -1
316 322 -1
322 316 -1
316 326 1
326 316 1
316 331 -1
331 316 -1
316 447 -1
447 316 -1
317 326 -1
326 317 -1
317 368 1
368 317 1
317 372 1
372 317 1
317 434 1
434 317 1
317 456 1
456 317 1
318 322 1
322 318 1
318 338 1
338 318 1
318 347 -1
347 318 -1
318 361 1
361 318 1
318 364 -1
364 318 -1
318 493 -1
493 318 -1
319 328 1
328 319 1
319 346 -1
346 319 -1
319 356 1
356 319 1
319 367 -1
367 319 -1
319 428 1
428 319 1
319 431 1
431 319 1
319 436 -1
436 319 -1
319 439 1
439 319 1
319 460 -1
460 319 -1
320 326 1
326 320 1
320 332 1
332 320 1
320 334 1
334 320 1
320 338 1
338 320 1
320 368 1
368 320 1
320 434 -1
434 320 -1
320 456 1
456 320 1
320 462 1
462 320 1
321 325 1
325 321 1
321 336 1
336 321 1
321 385 1
385 321 1
321 393 -1
393 321 -1
321 395 -1
395 321 -1
321 458 -1
458 321 -1
322 364 -1
364 322 -1
322 387 -1
387 322 -1
322 427 -1
427 322 -1
322 436 -1
436 322 -1
322 461 1
461 322 1
322 465 -1
465 322 -1
322 473 1
473 322 1
322 490 1
490 322 1
323 330 -1
330 323 -1
323 342 1
342 323 1
323 344 -1
344 323 -1
323 362 -1
362 323 -1
323 438 1
438 323 1
324 333 1
333 324 1
324 362 1
362 324 1
324 388 1
388 324 1
324 418 1
418 324 1
324 457 -1
457 324 -1
324 466 -1
466 324 -1
324 498 -1
498 324 -1
325 334 1
334 325 1
325 342 -1
342 325 -1
325 349 -1
349 325 -1
325 359 1
359 325 1
325 363 1
363 325 1
325 368 1
368 325 1
325 401 1
401 325 1
325 413 1
413 325 1
325 438 -1
438 325 -1
325 456 1
456 325 1
325 469 1
469 325 1
325 477 -1
477 325 -1
326 332 1
332 326 1
326 334 -1
334 326 -1
326 340 -1
340 326 -1
326 389 1
389 326 1
326 438 -1
438 326 -1
326 452 1
452 326 1
326 455 -1
455 326 -1
326 487 1
487 326 1
327 362 1
362 327 1
327 407 -1
407 327 -1
327 422 1
422 327 1
327 450 1
450 327 1
327 466 1
466 327 1
327 486 -1
486 327 -1
328 337 1
337 328 1
328 347 1
347 328 1
328 349 -1
349 328 -1
328 356 1
356 328 1
328 363 1
363 328 1
328 391 1
391 328 1
328 392 1
392 328 1
328 397 1
397 328 1
328 417 1
417 328 1
328 420 -1
420 328 -1
328 423 1
423 328 1
328 428 1
428 328 1
328 431 1
431 328 1
328 450 1
450 328 1
328 462 -1
462 328 -1
328 467 -1
467 328 -1
328 469 -1
469 328 -1
328 480 -1
480 328 -1
328 495 1
495 328 1
329 332 -1
332 329 -1
329 338 -1
338 329 -1
329 356 -1
356 329 -1
329 360 -1
360 329 -1
329 361 -1
361 329 -1
329 364 1
364 329 1
329 381 1
381 329 1
329 385 1
385 329 1
329 386 1
386 329 1
329 390 -1
390 329 -1
329 394 1
394 329 1
329 398 1
398 329 1
329 403 1
403 329 1
329 405 1
405 329 1
329 408 -1
408 329 -1
329 411 1
411 329 1
329 424 1
424 329 1
329 429 -1
429 329 -1
329 435 1
435 329 1
329 470 1
470 329 1
329 486 -1
486 329 -1
329 493 1
493 329 1
330 338 1
338 330 1
330 341 1
341 330 1
330 346 1
346 330 1
330 367 -1
367 330 -1
330 379 -1
379 330 -1
330 407 1
407 330 1
330 413 -1
413 330 -1
330 416 -1
416 330 -1
330 433 1
433 330 1
330 442 1
442 330 1
330 451 1
451 330 1
331 335 -1
335 331 -1
331 339 1
339 331 1
331 348 -1
348 331 -1
331 391 -1
391 331 -1
331 424 -1
424 331 -1
331 429 -1
429 331 -1
331 449 1
449 331 1
331 453 1
453 331 1
331 457 -1
457 331 -1
331 476 -1
476 331 -1
331 493 -1
493 331 -1
331 494 1
494 331 1
331 497 -1
497 331 -1
332 346 -1
346 332 -1
332 368 1
368 332 1
332 452 1
452 332 1
332 456 1
456 332 1
333 356 -1
356 333 -1
333 382 -1
382 333 -1
333 398 -1
398 333 -1
333 422 -1
422 333 -1
333 430 -1
430 333 -1
333 455 -1
455 333 -1
334 350 1
350 334 1
334 356 -1
356 334 -1
334 371 1
371 334 1
334 377 1
377 334 1
334 383 1
383 334 1
334 389 1
389 334 1
334 405 1
405 334 1
334 413 1
413 334 1
334 434 -1
434 334 -1
334 447 -1
447 334 -1
334 448 -1
448 334 -1
334 452 1
452 334 1
334 456 1
456 334 1
334 462 1
462 334 1
334 469 1
469 334 1
335 361 1
361 335 1
336 354 1
354 336 1
337 349 1
349 337 1
337 391 1
391 337 1
337 423 -1
423 337 -1
337 460 -1
460 337 -1
337 469 1
469 337 1
337 482 -1
482 337 -1
337 495 -1
495 337 -1
338 381 1
381 338 1
338 394 1
394 338 1
338 403 -1
403 338 -1
338 406 -1
406 338 -1
338 411 1
411 338 1
338 428 1
428 338 1
338 444 -1
444 338 -1
338 448 -1
448 338 -1
338 455 -1
455 338 -1
338 470 1
470 338 1
338 479 -1
479 338 -1
338 493 1
493 338 1
339 346 -1
346 339 -1
339 374 1
374 339 1
339 401 -1
401 339 -1
339 438 -1
438 339 -1
340 352 1
352 340 1
340 354 1
354 340 1
340 357 1
357 340 1
340 401 1
401 340 1
340 456 1
456 340 1
340 490 -1
490 340 -1
341 346 1
346 341 1
341 350 -1
350 341 -1
341 384 -1
384 341 -1
341 409 -1
409 341 -1
341 412 -1
412 341 -1
341 442 1
442 341 1
341 451 1
451 341 1
342 394 -1
394 342 -1
342 399 1
399 342 1
342 430 1
430 342 1
342 481 -1
481 342 -1
342 496 -1
496 342 -1
342 497 -1
497 342 -1
343 386 -1
386 343 -1
343 391 -1
391 343 -1
343 395 -1
395 343 -1
343 404 -1
404 343 -1
343 422 -1
422 343 -1
343 424 1
424 343 1
344 416 -1
416 344 -1
344 440 -1
440 344 -1
344 443 -1
443 344 -1
344 456 -1
456 344 -1
344 474 1
474 344 1
345 355 1
355 345 1
345 387 1
387 345 1
345 388 -1
388 345 -1
345 447 1
447 345 1
345 455 -1
455 345 -1
345 462 -1
462 345 -1
346 382 -1
382 346 -1
346 406 -1
406 346 -1
346 410 -1
410 346 -1
346 433 1
433 346 1
346 442 1
442 346 1
346 451 1
451 346 1
346 462 -1
462 346 -1
346 474 -1
474 346 -1
347 356 1
356 347 1
347 357 -1
357 347 -1
347 366 1
366 347 1
347 392 -1
392 347 -1
347 450 1
450 347 1
348 373 -1
373 348 -1
348 378 1
378 348 1
348 400 -1
400 348 -1
348 430 1
430 348 1
348 437 1
437 348 1
348 441 -1
441 348 -1
348 498 1
498 348 1
349 356 1
356 349 1
349 366 1
366 349 1
349 368 -1
368 349 -1
349 389 -1
389 349 -1
349 391 1
391 349 1
349 392 1
392 349 1
349 393 -1
393 349 -1
349 407 -1
407 349 -1
349 417 1
417 349 1
349 423 1
423 349 1
349 425 -1
425 349 -1
349 428 -1
428 349 -1
349 431 1
431 349 1
349 439 1
439 349 1
349 443 -1
443 349 -1
349 450 1
450 349 1
349 495 1
495 349 1
350 413 1
413 350 1
350 452 1
452 350 1
350 487 1
487 350 1
351 384 -1
384 351 -1
351 477 1
477 351 1
351 486 -1
486 351 -1
352 357 -1
357 352 -1
352 361 -1
361 352 -1
352 397 -1
397 352 -1
352 406 -1
406 352 -1
352 449 -1
449 352 -1
352 485 1
485 352 1
352 488 -1
488 352 -1
352 499 -1
499 352 -1
353 400 1
400 353 1
353 419 1
419 353 1
353 479 1
479 353 1
354 373 1
373 354 1
354 407 -1
407 354 -1
354 460 -1
460 354 -1
355 368 -1
368 355 -1
355 370 1
370 355 1
355 376 -1
376 355 -1
355 381 -1
381 355 -1
355 413 -1
413 355 -1
355 426 1
426 355 1
355 455 1
455 355 1
355 456 -1
456 355 -1
355 464 -1
464 355 -1
356 362 -1
362 356 -1
356 363 -1
363 356 -1
356 366 -1
366 356 -1
356 391 1
391 356 1
356 428 1
428 356 1
356 439 1
439 356 1
356 450 1
450 356 1
356 463 -1
463 356 -1
356 474 -1
474 356 -1
358 362 1
362 358 1
358 381 -1
381 358 -1
358 492 -1
492 358 -1
359 367 1
367 359 1
359 368 1
368 359 1
359 452 1
452 359 1
359 493 -1
493 359 -1
360 424 1
424 360 1
361 494 1
494 361 1
362 365 1
365 362 1
362 368 -1
368 362 -1
362 388 1
388 362 1
362 396 1
396 362 1
362 397 -1
397 362 -1
362 407 -1
407 362 -1
362 411 -1
411 362 -1
362 418 1
418 362 1
362 424 -1
424 362 -1
362 468 -1
468 362 -1
362 486 1
486 362 1
363 368 1
368 363 1
363 371 1
371 363 1
363 456 1
456 363 1
364 375 1
375 364 1
364 407 -1
407 364 -1
364 439 -1
439 364 -1
364 445 1
445 364 1
364 455 -1
455 364 -1
364 461 -1
461 364 -1
364 473 -1
473 364 -1
364 478 1
478 364 1
364 497 1
497 364 1
365 401 -1
401 365 -1
365 430 -1
430 365 -1
365 486 1
486 365 1
366 391 1
391 366 1
366 423 1
423 366 1
366 448 -1
448 366 -1
366 466 -1
466 366 -1
367 371 1
371 367 1
367 383 -1
383 367 -1
367 400 1
400 367 1
367 462 1
462 367 1
367 477 -1
477 367 -1
368 372 1
372 368 1
368 389 1
389 368 1
368 411 -1
411 368 -1
368 413 1
413 368 1
368 425 1
425 368 1
368 428 -1
428 368 -1
368 433 -1
433 368 -1
368 459 -1
459 368 -1
368 462 1
462 368 1
368 469 1
469 368 1
368 475 -1
475 368 -1
368 481 1
481 368 1
368 482 -1
482 368 -1
368 484 -1
484 368 -1
369 434 -1
434 369 -1
369 447 -1
447 369 -1
369 460 1
460 369 1
369 476 1
476 369 1
369 477 1
477 369 1
370 387 1
387 370 1
370 426 1
426 370 1
370 433 -1
433 370 -1
370 446 1
446 370 1
370 455 -1
455 370 -1
370 458 -1
458 370 -1
370 464 1
464 370 1
370 465 -1
465 370 -1
370 466 -1
466 370 -1
370 475 1
475 370 1
370 483 -1
483 370 -1
370 491 1
491 370 1
370 492 -1
492 370 -1
372 413 1
413 372 1
372 456 1
456 372 1
373 394 -1
394 373 -1
373 474 1
474 373 1
374 375 -1
375 374 -1
374 387 -1
387 374 -1
374 392 -1
392 374 -1
374 423 -1
423 374 -1
375 418 -1
418 375 -1
375 431 -1
431 375 -1
376 393 1
393 376 1
376 463 -1
463 376 -1
376 469 1
469 376 1
376 499 1
499 376 1
377 481 -1
481 377 -1
378 429 -1
429 378 -1
378 481 -1
481 378 -1
379 488 -1
488 379 -1
380 407 -1
407 380 -1
380 415 -1
415 380 -1
380 432 -1
432 380 -1
380 441 -1
441 380 -1
380 453 1
453 380 1
380 494 1
494 380 1
381 394 1
394 381 1
381 398 -1
398 381 -1
381 416 -1
416 381 -1
381 417 -1
417 381 -1
381 448 1
448 381 1
381 470 1
470 381 1
381 496 -1
496 381 -1
383 401 1
401 383 1
383 410 -1
410 383 -1
383 438 -1
438 383 -1
383 464 -1
464 383 -1
384 400 1
400 384 1
384 408 1
408 384 1
384 419 -1
419 384 -1
384 432 1
432 384 1
384 437 -1
437 384 -1
384 459 1
459 384 1
384 467 1
467 384 1
384 472 -1
472 384 -1
384 474 -1
474 384 -1
384 479 -1
479 384 -1
385 412 1
412 385 1
385 441 1
441 385 1
385 498 -1
498 385 -1
386 387 1
387 386 1
386 446 1
446 386 1
386 491 1
491 386 1
387 404 -1
404 387 -1
387 415 1
415 387 1
387 426 -1
426 387 -1
387 432 -1
432 387 -1
387 446 -1
446 387 -1
387 455 1
455 387 1
387 464 1
464 387 1
387 465 1
465 387 1
387 475 1
475 387 1
387 477 1
477 387 1
387 491 1
491 387 1
387 494 -1
494 387 -1
388 414 -1
414 388 -1
388 466 1
466 388 1
388 493 -1
493 388 -1
389 401 1
401 389 1
390 424 1
424 390 1
390 441 -1
441 390 -1
390 470 1
470 390 1
390 493 1
493 390 1
391 392 1
392 391 1
391 406 -1
406 391 -1
391 417 -1
417 391 -1
391 423 1
423 391 1
391 428 1
428 391 1
392 431 -1
431 392 -1
392 442 -1
442 392 -1
392 449 -1
449 392 -1
392 450 1
450 392 1
392 480 -1
480 392 -1
393 432 -1
432 393 -1
393 455 -1
455 393 -1
393 457 -1
457 393 -1
393 479 -1
479 393 -1
394 405 -1
405 394 -1
394 416 1
416 394 1
394 419 1
419 394 1
394 443 1
443 394 1
394 451 -1
451 394 -1
394 470 1
470 394 1
394 493 1
493 394 1
395 448 -1
448 395 -1
396 467 -1
467 396 -1
396 480 -1
480 396 -1
396 488 -1
488 396 -1
397 422 1
422 397 1
398 402 1
402 398 1
398 411 1
411 398 1
398 424 1
424 398 1
398 444 1
444 398 1
398 448 1
448 398 1
398 456 -1
456 398 -1
398 457 -1
457 398 -1
398 468 -1
468 398 -1
398 470 1
470 398 1
398 493 1
493 398 1
399 427 -1
427 399 -1
399 479 -1
479 399 -1
399 494 -1
494 399 -1
400 408 1
408 400 1
400 432 -1
432 400 -1
400 467 1
467 400 1
401 425 1
425 401 1
401 427 1
427 401 1
401 469 1
469 401 1
401 476 -1
476 401 -1
401 493 -1
493 401 -1
402 411 1
411 402 1
402 416 1
416 402 1
402 467 -1
467 402 -1
402 487 -1
487 402 -1
403 411 1
411 403 1
403 424 1
424 403 1
403 448 1
448 403 1
403 463 -1
463 403 -1
403 470 1
470 403 1
403 493 1
493 403 1
404 468 1
468 404 1
404 484 1
484 404 1
404 499 1
499 404 1
405 412 -1
412 405 -1
405 448 1
448 405 1
405 499 -1
499 405 -1
406 424 -1
424 406 -1
406 433 1
433 406 1
406 442 1
442 406 1
407 416 -1
416 407 -1
407 442 1
442 407 1
407 447 -1
447 407 -1
407 461 -1
461 407 -1
407 468 -1
468 407 -1
408 419 1
419 408 1
408 432 1
432 408 1
408 450 -1
450 408 -1
408 452 -1
452 408 -1
408 454 1
454 408 1
408 463 -1
463 408 -1
408 467 -1
467 408 -1
408 470 1
470 408 1
408 472 1
472 408 1
408 479 1
479 408 1
408 499 -1
499 408 -1
409 449 1
449 409 1
409 455 -1
455 409 -1
409 460 1
460 409 1
410 416 1
416 410 1
410 485 -1
485 410 -1
410 493 1
493 410 1
411 417 -1
417 411 -1
411 429 -1
429 411 -1
411 444 1
444 411 1
411 448 1
448 411 1
411 493 -1
493 411 -1
412 419 -1
419 412 -1
412 458 1
458 412 1
412 485 1
485 412 1
413 425 1
425 413 1
413 428 1
428 413 1
413 456 1
456 413 1
413 460 -1
460 413 -1
413 462 -1
462 413 -1
413 481 1
481 413 1
414 443 -1
443 414 -1
414 447 1
447 414 1
415 420 -1
420 415 -1
415 434 -1
434 415 -1
415 485 1
485 415 1
416 424 1
424 416 1
416 429 1
429 416 1
416 435 1
435 416 1
416 443 1
443 416 1
416 444 -1
444 416 -1
416 461 -1
461 416 -1
416 493 1
493 416 1
417 450 1
450 417 1
417 470 -1
470 417 -1
418 422 1
422 418 1
418 442 -1
442 418 -1
419 456 -1
456 419 -1
419 467 1
467 419 1
419 479 1
479 419 1
420 439 -1
439 420 -1
421 434 1
434 421 1
421 440 1
440 421 1
421 467 -1
467 421 -1
421 486 -1
486 421 -1
421 488 1
488 421 1
422 449 -1
449 422 -1
422 466 1
466 422 1
422 483 1
483 422 1
423 428 1
428 423 1
423 431 1
431 423 1
423 459 -1
459 423 -1
424 427 1
427 424 1
424 435 1
435 424 1
424 458 -1
458 424 -1
424 460 -1
460 424 -1
424 470 1
470 424 1
424 493 1
493 424 1
424 496 -1
496 424 -1
425 457 -1
457 425 -1
426 492 1
492 426 1
427 440 -1
440 427 -1
427 462 1
462 427 1
428 450 1
450 428 1
428 460 -1
460 428 -1
428 467 -1
467 428 -1
428 471 -1
471 428 -1
428 495 -1
495 428 -1
429 434 1
434 429 1
429 454 -1
454 429 -1
429 470 1
470 429 1
432 454 1
454 432 1
432 459 -1
459 432 -1
432 463 -1
463 432 -1
432 467 1
467 432 1
432 472 -1
472 432 -1
432 479 -1
479 432 -1
433 442 1
442 433 1
433 459 -1
459 433 -1
433 488 -1
488 433 -1
433 490 -1
490 433 -1
434 440 1
440 434 1
434 449 1
449 434 1
434 460 1
460 434 1
434 467 -1
467 434 -1
434 468 1
468 434 1
434 476 1
476 434 1
434 484 1
484 434 1
434 488 1
488 434 1
434 499 1
499 434 1
435 441 -1
441 435 -1
435 467 -1
467 435 -1
435 493 1
493 435 1
435 496 1
496 435 1
436 467 1
467 436 1
439 495 1
495 439 1
440 450 -1
450 440 -1
440 455 -1
455 440 -1
440 456 -1
456 440 -1
440 463 -1
463 440 -1
440 468 1
468 440 1
440 471 1
471 440 1
441 477 1
477 441 1
442 448 -1
448 442 -1
442 451 1
451 442 1
442 456 -1
456 442 -1
443 444 1
444 443 1
443 470 1
470 443 1
444 487 -1
487 444 -1
444 492 -1
492 444 -1
445 463 1
463 445 1
446 447 1
447 446 1
447 456 -1
456 447 -1
447 491 1
491 447 1
449 460 1
460 449 1
449 467 -1
467 449 -1
449 476 1
476 449 1
449 481 -1
481 449 -1
449 488 1
488 449 1
449 493 -1
493 449 -1
449 499 1
499 449 1
450 475 1
475 450 1
450 477 -1
477 450 -1
450 487 -1
487 450 -1
450 491 -1
491 450 -1
450 495 1
495 450 1
452 456 1
456 452 1
452 460 -1
460 452 -1
452 497 -1
497 452 -1
452 499 -1
499 452 -1
453 455 -1
455 453 -1
453 498 -1
498 453 -1
454 467 1
467 454 1
455 464 1
464 455 1
455 489 -1
489 455 -1
456 462 1
462 456 1
456 469 1
469 456 1
456 483 -1
483 456 -1
456 487 1
487 456 1
457 468 1
468 457 1
459 467 -1
467 459 -1
459 472 1
472 459 1
459 479 1
479 459 1
460 468 1
468 460 1
460 476 1
476 460 1
460 489 -1
489 460 -1
460 497 -1
497 460 -1
460 499 1
499 460 1
461 486 -1
486 461 -1
461 490 1
490 461 1
461 497 1
497 461 1
462 469 1
469 462 1
462 487 1
487 462 1
464 475 1
475 464 1
464 495 -1
495 464 -1
465 492 1
492 465 1
466 486 1
486 466 1
467 472 1
472 467 1
467 476 -1
476 467 -1
467 479 1
479 467 1
468 471 1
471 468 1
468 481 -1
481 468 -1
468 484 1
484 468 1
468 492 -1
492 468 -1
469 484 -1
484 469 -1
469 492 1
492 469 1
470 477 -1
477 470 -1
470 482 1
482 470 1
471 476 1
476 471 1
471 499 1
499 471 1
472 481 1
481 472 1
473 497 -1
497 473 -1
475 491 1
491 475 1
476 499 1
499 476 1
481 483 -1
483 481 -1
481 487 1
487 481 1
482 495 -1
495 482 -1
484 488 1
488 484 1
486 493 -1
493 486 -1
486 495 -1
495 486 -1
488 495 1
495 488 1
488 499 1
499 488 1
491 495 -1
495 491 -1
