0 10 1
0 584 -1
0 606 -1
0 607 1
1 10 1
1 586 1
2 547 -1
2 593 1
2 594 1
3 8 1
3 9 -1
3 583 1
3 612 1
3 613 1
3 614 1
4 5 1
4 6 1
4 45 1
4 46 1
4 338 1
4 573 -1
4 579 -1
4 599 -1
4 609 1
4 626 -1
5 579 1
5 599 1
5 626 1
6 336 -1
6 337 1
6 579 1
6 599 1
6 626 1
7 601 -1
7 616 1
8 9 1
9 583 1
10 402 1
10 547 -1
10 584 1
10 586 -1
11 12 1
11 313 -1
11 583 -1
11 600 -1
12 245 -1
12 313 1
12 583 1
12 600 1
12 611 1
13 14 1
13 21 -1
14 21 1
14 325 1
14 611 -1
15 19 1
15 21 1
15 23 1
15 325 1
15 611 -1
16 606 1
16 611 -1
17 18 1
17 250 -1
18 19 1
18 614 1
19 21 -1
19 23 -1
19 24 1
19 250 1
19 614 -1
20 22 1
20 606 -1
21 22 1
21 23 -1
21 24 1
22 606 1
23 24 1
25 451 -1
25 558 1
26 27 1
26 556 1
26 558 -1
26 559 -1
26 560 1
27 556 -1
27 558 1
27 559 1
27 581 1
28 29 1
28 472 -1
29 446 -1
29 472 1
29 561 1
30 31 1
30 561 -1
31 32 -1
31 33 1
31 561 1
31 562 1
32 33 1
32 562 1
33 563 1
34 35 1
34 378 -1
35 378 1
35 437 1
35 535 -1
36 376 -1
36 377 1
37 39 1
37 364 1
37 532 -1
38 40 1
38 41 -1
39 40 -1
39 42 1
39 303 -1
39 532 1
40 41 1
40 42 1
40 303 -1
42 43 1
42 303 1
42 373 1
42 534 1
42 536 1
43 372 1
43 373 -1
43 440 -1
43 534 -1
43 536 -1
43 542 -1
43 566 -1
43 567 1
43 568 1
44 440 1
44 654 1
45 46 -1
45 47 1
45 435 1
45 436 -1
45 573 1
46 47 1
48 572 1
48 574 1
48 617 -1
49 50 -1
49 350 1
50 350 1
51 533 1
51 654 1
51 656 1
52 53 -1
52 54 1
53 54 1
54 55 1
54 56 1
54 532 -1
54 539 -1
55 56 -1
55 57 1
55 299 -1
55 532 1
56 57 1
56 299 -1
56 539 1
57 58 1
57 299 1
58 537 -1
58 538 1
58 550 -1
58 551 1
58 564 -1
58 565 1
59 61 -1
59 64 1
60 64 -1
60 343 -1
60 344 1
60 506 1
60 544 -1
61 64 1
62 263 -1
62 264 1
63 262 -1
63 266 1
63 345 -1
63 346 -1
63 476 -1
63 543 -1
64 343 -1
64 344 1
64 506 1
64 544 -1
65 543 -1
65 554 1
66 267 -1
66 268 1
67 444 1
67 625 1
67 661 1
67 664 1
67 665 1
68 74 -1
68 475 1
68 545 1
68 621 1
69 289 -1
69 312 1
70 78 1
70 475 -1
71 75 -1
71 311 1
71 312 -1
71 475 -1
72 73 1
72 619 -1
72 620 -1
73 619 1
73 620 1
74 475 1
74 545 1
74 546 1
75 76 -1
75 77 1
75 311 1
75 312 -1
75 475 -1
76 77 1
76 475 -1
77 475 1
78 475 1
79 85 1
79 493 -1
79 494 1
79 583 -1
80 81 1
80 496 1
82 623 1
82 665 1
83 444 1
83 624 1
83 665 1
84 444 1
84 622 1
84 665 1
85 665 1
86 444 1
86 621 1
86 665 1
87 447 -1
87 657 1
88 89 -1
88 90 1
89 90 1
90 91 1
90 92 1
90 532 -1
90 570 -1
91 92 -1
91 93 1
91 94 -1
91 532 1
92 93 1
92 94 -1
92 570 1
93 94 1
93 95 1
94 653 1
95 96 1
95 533 -1
95 535 -1
95 536 1
95 537 -1
95 538 1
95 550 -1
95 551 1
95 564 -1
95 565 1
96 533 1
97 106 -1
97 107 1
98 107 -1
98 113 1
98 366 1
98 565 -1
99 102 -1
99 103 -1
99 105 1
99 629 1
100 102 -1
100 103 -1
100 105 1
100 625 1
101 102 1
101 532 -1
102 103 -1
102 105 1
102 532 1
103 104 1
103 105 1
103 539 1
104 539 -1
105 106 1
106 107 1
106 564 -1
106 565 1
106 566 -1
106 567 1
107 366 1
107 565 -1
108 260 1
108 655 1
109 261 1
109 655 1
110 629 1
110 661 1
110 664 1
111 226 1
111 659 1
111 660 1
112 284 1
112 660 1
112 666 1
113 655 1
114 115 1
114 125 1
114 126 -1
114 630 1
115 116 1
115 126 1
115 127 -1
116 117 1
116 118 1
116 127 1
116 128 -1
117 118 1
117 119 1
117 128 1
117 129 -1
117 130 -1
118 128 1
118 129 1
118 160 1
119 120 1
119 130 1
119 131 -1
120 121 1
120 131 1
120 132 -1
121 122 1
121 132 1
121 133 -1
122 133 1
122 134 -1
122 253 1
123 124 -1
123 630 1
124 630 1
125 630 -1
134 253 1
135 136 1
135 141 1
135 142 -1
135 510 1
135 514 -1
135 515 1
136 137 1
136 142 1
136 143 -1
136 513 -1
136 514 -1
136 515 1
137 138 1
137 143 1
137 144 -1
137 513 1
137 514 1
138 139 1
138 144 1
138 145 -1
139 145 1
139 146 -1
139 511 1
140 509 -1
140 510 1
140 512 -1
140 513 1
141 510 -1
142 514 -1
142 515 1
143 513 -1
143 514 -1
143 515 1
144 513 1
146 511 1
147 508 -1
147 512 1
148 253 -1
148 508 1
149 150 1
149 508 -1
149 509 1
149 514 -1
149 515 1
149 516 -1
150 516 1
151 156 -1
151 157 1
151 257 1
151 631 1
152 396 1
152 484 -1
152 485 1
152 632 -1
152 633 1
153 513 -1
153 517 1
153 518 1
153 519 -1
154 484 1
154 485 -1
154 518 -1
154 519 1
155 190 1
155 631 -1
155 632 1
156 189 1
156 631 1
157 188 1
157 257 -1
158 257 1
158 482 -1
158 483 1
158 633 -1
159 253 1
159 254 -1
160 255 1
160 632 -1
161 162 -1
161 163 1
161 227 -1
161 228 -1
161 634 -1
161 636 -1
161 637 1
161 641 1
162 163 1
162 228 -1
162 641 1
163 635 1
164 166 1
164 169 1
164 231 1
164 640 1
165 166 1
165 169 1
165 231 1
165 234 1
165 637 1
165 640 1
166 169 -1
166 231 -1
166 233 1
166 234 -1
166 468 1
166 634 1
166 637 -1
166 638 1
166 640 -1
167 170 1
167 636 -1
167 639 1
167 640 -1
167 641 1
168 174 1
168 230 -1
168 639 1
168 640 -1
169 231 -1
169 638 1
169 640 -1
170 641 -1
171 172 1
171 226 -1
171 642 1
172 226 1
173 304 1
173 305 1
174 230 1
174 640 1
175 176 1
175 205 -1
175 469 1
175 643 -1
176 178 1
176 411 1
177 411 1
177 530 1
178 179 1
178 180 1
178 181 1
178 182 1
178 184 1
178 388 1
178 389 1
178 391 1
178 392 1
178 393 1
178 394 1
178 397 1
179 387 1
179 411 1
180 342 1
181 182 -1
181 183 -1
181 184 -1
181 388 -1
181 389 -1
181 390 -1
181 391 -1
181 392 -1
181 393 -1
181 394 -1
181 395 -1
181 410 -1
181 411 1
182 184 -1
182 235 1
182 388 -1
182 389 -1
182 391 -1
182 392 -1
182 393 -1
182 394 -1
182 643 1
183 388 -1
183 389 -1
183 390 -1
183 391 -1
183 392 -1
183 393 -1
183 394 -1
183 395 -1
183 401 1
183 410 -1
183 411 1
183 499 1
183 670 1
183 671 -1
184 387 1
184 388 -1
184 389 -1
184 391 -1
184 392 -1
184 393 -1
184 394 -1
184 670 1
185 480 -1
185 525 1
186 256 1
186 480 1
186 643 1
187 479 1
188 672 1
189 672 1
190 411 1
191 192 1
191 221 1
191 562 1
192 193 -1
192 202 1
192 644 1
193 644 1
194 644 1
195 645 1
196 645 1
197 646 1
198 199 1
198 200 -1
198 201 -1
198 222 1
198 223 -1
198 647 1
198 648 1
198 649 1
198 650 1
199 222 -1
199 291 1
199 562 1
200 648 1
201 650 1
203 204 -1
203 410 -1
203 562 1
203 651 1
204 294 1
204 562 1
204 651 1
205 310 -1
205 469 1
206 410 1
206 530 1
206 531 -1
206 631 1
206 643 1
206 651 1
207 287 1
207 632 -1
207 643 -1
208 244 1
208 470 -1
208 530 1
209 412 -1
209 413 -1
209 414 1
210 418 -1
210 420 1
211 418 1
211 652 1
212 213 1
212 214 1
212 423 -1
213 386 1
213 423 1
213 424 1
214 386 1
214 423 1
214 424 1
215 385 -1
215 386 1
216 384 1
216 671 1
216 675 1
217 423 1
217 673 -1
217 674 -1
218 415 -1
218 416 1
219 415 1
219 417 1
219 419 1
220 412 1
220 652 1
221 562 -1
223 649 1
224 647 1
224 649 -1
225 491 -1
225 492 1
226 331 1
226 605 -1
226 642 1
227 634 -1
227 637 1
227 641 1
228 635 1
228 641 1
229 640 1
229 641 -1
230 639 1
230 640 -1
231 638 1
231 640 -1
232 638 1
232 640 -1
233 468 -1
234 634 1
234 637 -1
235 643 -1
236 287 -1
236 632 1
236 643 1
237 258 1
237 514 1
237 515 -1
237 523 -1
238 258 1
238 523 -1
239 258 1
239 523 -1
240 241 -1
240 258 -1
240 521 1
240 523 1
241 521 1
242 243 -1
242 522 1
242 523 -1
242 524 1
243 522 1
243 523 -1
243 524 1
243 636 1
244 470 1
244 531 1
245 587 -1
245 611 1
246 644 1
247 650 1
248 648 1
249 647 1
251 568 1
251 654 1
252 538 1
252 656 1
253 254 1
253 508 1
254 478 1
254 483 1
255 507 1
255 632 1
256 480 -1
256 643 -1
257 482 1
257 633 1
258 523 1
259 551 1
259 658 1
260 659 1
261 660 1
262 266 1
262 345 -1
262 346 -1
262 476 -1
262 543 -1
263 264 1
263 266 -1
263 542 -1
263 543 -1
263 547 1
263 553 -1
263 554 -1
264 265 -1
264 266 1
264 267 1
264 542 1
264 543 1
264 547 -1
264 553 1
264 554 1
265 267 1
266 345 1
266 346 1
266 476 1
266 543 1
267 268 1
268 272 -1
268 273 1
269 270 -1
269 271 -1
269 272 1
270 271 -1
270 272 1
271 272 1
272 273 1
273 274 1
274 275 1
274 277 1
275 276 1
277 488 -1
277 489 1
278 279 1
278 657 -1
278 669 1
279 280 1
279 657 1
279 669 -1
280 379 1
280 444 1
281 380 1
281 445 1
281 450 1
282 283 1
282 540 -1
282 541 -1
283 348 1
283 540 1
283 541 1
284 486 1
285 445 1
285 665 1
285 666 1
286 444 1
286 571 1
286 654 1
286 665 1
287 529 1
287 632 1
287 643 1
288 290 1
288 295 1
288 312 -1
289 312 1
290 312 1
291 292 1
291 562 -1
292 671 1
293 548 1
293 665 1
294 671 1
295 665 1
296 665 1
297 351 -1
297 352 -1
297 353 1
297 624 1
298 357 -1
298 360 -1
298 361 1
298 548 1
299 623 1
300 600 -1
300 602 1
301 563 1
302 649 1
303 571 1
304 305 -1
304 642 1
305 641 1
306 640 1
307 639 1
308 635 1
309 651 1
310 469 1
310 643 1
311 312 1
311 475 1
312 475 -1
313 314 1
313 329 1
313 559 1
313 581 1
313 584 1
313 590 1
313 607 -1
313 608 -1
314 329 1
314 585 -1
314 607 1
314 608 1
315 316 1
315 328 1
315 403 1
315 404 -1
315 559 1
315 581 1
315 584 1
315 592 1
315 595 1
315 596 1
315 607 -1
315 608 -1
316 328 1
316 585 -1
316 607 1
316 608 1
317 318 1
317 330 1
317 559 1
317 581 1
317 584 1
317 588 1
317 589 1
317 591 1
317 592 1
317 593 1
317 597 1
317 607 -1
317 608 -1
317 610 1
318 330 1
318 585 -1
318 607 1
318 608 1
319 320 1
319 327 1
319 559 1
319 581 1
319 591 1
319 592 1
320 327 1
320 585 -1
321 322 1
321 326 1
321 555 1
321 559 1
321 581 1
321 598 1
322 326 1
322 585 -1
323 569 1
323 583 1
323 585 1
323 599 1
324 325 -1
324 611 1
325 337 -1
325 611 1
326 555 -1
326 559 -1
326 560 1
326 585 1
326 598 -1
327 559 -1
327 560 1
327 585 1
327 591 -1
327 592 -1
328 559 -1
328 560 1
328 584 -1
328 585 1
328 592 -1
328 595 -1
328 596 -1
329 559 -1
329 560 1
329 584 -1
329 585 1
329 590 -1
330 559 -1
330 560 1
330 584 -1
330 585 1
330 588 -1
330 589 -1
330 591 -1
330 592 -1
330 593 -1
330 597 -1
330 610 -1
331 605 1
332 599 1
332 605 1
333 569 1
333 583 1
333 585 1
333 626 1
334 335 1
334 608 -1
335 608 1
336 337 1
336 407 1
336 408 1
336 583 -1
337 407 -1
337 408 -1
337 583 1
337 611 1
338 609 -1
339 340 1
339 341 1
339 578 -1
340 578 1
341 578 1
342 477 -1
342 480 1
343 344 1
343 544 -1
344 544 1
345 476 -1
345 543 -1
345 622 1
346 476 -1
346 543 -1
346 549 1
347 549 1
347 654 1
347 656 1
348 664 1
349 653 1
349 665 1
350 351 1
350 352 1
350 532 -1
350 539 -1
351 352 -1
351 353 1
351 532 1
352 353 1
352 539 1
353 354 1
353 534 1
354 355 1
354 533 -1
354 534 -1
354 535 -1
354 536 1
354 537 -1
354 538 1
355 533 1
356 357 1
356 532 -1
357 360 -1
357 361 1
357 532 1
358 360 1
358 570 -1
359 362 1
359 542 1
360 361 1
360 570 1
361 362 1
361 534 1
362 374 -1
362 375 1
362 534 -1
362 542 -1
362 564 -1
362 565 1
363 542 1
363 655 1
363 656 1
363 658 1
364 654 1
364 656 1
365 564 -1
365 565 1
366 565 1
366 666 1
367 368 1
367 656 -1
368 656 1
369 655 1
369 667 1
369 676 1
370 371 1
370 655 -1
371 655 1
372 542 1
374 375 1
374 378 -1
375 378 1
376 377 1
377 378 1
378 431 1
378 437 -1
378 438 1
378 564 -1
378 565 1
378 579 1
378 580 -1
378 603 -1
379 382 1
379 434 1
379 463 1
379 547 1
379 561 -1
379 582 -1
379 586 -1
380 381 1
380 383 1
380 582 -1
380 586 -1
381 586 1
382 586 1
383 582 1
383 663 1
384 385 1
384 657 -1
385 386 1
385 657 1
387 670 -1
388 410 -1
388 411 1
389 410 -1
389 411 1
390 410 -1
390 411 1
390 499 1
390 671 -1
391 410 -1
391 411 1
392 410 -1
392 411 1
393 410 -1
393 411 1
394 410 -1
394 411 1
395 410 -1
395 411 1
396 411 1
398 525 1
398 527 1
399 400 1
399 481 -1
399 528 1
400 481 1
400 672 1
401 670 -1
402 584 -1
403 404 1
403 405 1
403 583 -1
405 583 1
406 578 1
406 583 1
409 579 -1
409 580 1
410 411 1
410 531 1
410 562 1
410 651 1
412 413 -1
412 414 1
412 652 -1
413 414 1
414 415 1
415 416 1
415 417 -1
415 418 1
415 419 -1
415 487 1
417 418 1
418 420 1
418 652 -1
419 487 1
420 673 1
421 422 1
421 487 -1
422 487 1
422 675 1
423 424 -1
423 673 1
423 674 1
425 427 -1
425 429 -1
425 442 1
426 427 1
427 429 -1
427 442 1
428 575 1
428 576 1
429 439 -1
429 442 1
429 576 1
430 431 1
430 432 -1
430 433 1
430 442 -1
430 443 1
430 577 1
430 603 -1
431 603 1
431 615 1
432 433 1
434 463 -1
435 436 1
437 438 1
437 535 1
439 576 1
440 568 1
441 487 1
441 652 1
442 443 1
442 575 -1
443 575 1
444 663 1
444 668 1
445 663 1
446 561 1
447 561 1
447 657 1
448 657 1
448 667 1
449 450 1
449 677 -1
450 677 1
451 558 1
452 467 1
452 558 1
452 561 1
453 454 1
453 628 -1
454 455 -1
454 456 1
454 628 1
455 456 1
455 627 -1
456 459 -1
456 460 1
456 627 1
457 458 1
457 627 -1
458 460 -1
458 582 1
458 627 1
459 460 1
460 582 1
461 462 1
462 567 1
462 582 1
463 547 -1
463 561 1
463 582 1
463 668 1
464 465 1
464 467 1
464 617 -1
465 466 1
465 561 1
466 561 -1
467 558 -1
467 617 1
467 677 1
471 473 1
471 557 -1
472 473 1
472 569 1
473 557 1
473 569 -1
474 557 1
474 583 1
476 543 -1
477 480 1
478 483 -1
479 527 1
480 525 1
480 643 -1
481 525 1
481 527 1
481 528 1
482 483 1
482 510 1
482 633 -1
483 633 1
484 485 1
484 518 1
484 632 -1
484 633 1
485 519 1
485 632 1
486 661 1
487 652 -1
487 674 1
488 489 1
488 568 -1
488 618 -1
489 494 -1
489 495 1
489 568 1
489 618 1
490 496 1
490 662 -1
491 492 1
491 497 1
492 498 1
492 561 -1
493 494 1
493 502 1
493 503 1
493 583 -1
494 495 1
494 583 1
495 662 1
496 497 1
496 500 1
496 662 1
497 583 1
498 561 1
498 665 1
499 671 1
500 662 -1
501 502 1
501 665 1
502 503 -1
504 505 1
504 544 -1
505 544 1
505 552 1
508 509 1
508 512 1
508 514 -1
508 515 1
509 510 1
509 512 -1
509 513 1
509 514 1
509 517 1
510 512 1
511 512 1
511 514 -1
511 515 1
511 520 -1
512 513 1
512 514 1
512 520 1
513 514 -1
513 515 1
513 517 1
513 518 1
513 519 -1
514 515 1
514 520 -1
515 520 1
517 519 1
518 519 1
522 523 1
524 641 1
525 526 1
525 527 -1
526 527 1
530 531 1
531 631 1
531 643 1
531 651 1
533 537 -1
533 538 1
533 550 -1
533 551 1
533 566 -1
533 567 1
535 536 1
537 538 1
543 554 1
544 552 -1
545 546 -1
547 584 1
547 593 1
550 551 1
555 559 -1
555 560 1
555 585 1
556 581 1
557 583 -1
558 559 -1
558 560 1
558 561 -1
559 560 1
559 584 -1
559 585 1
559 588 -1
559 589 -1
559 590 -1
559 591 -1
559 592 -1
559 593 -1
559 595 -1
559 596 -1
559 597 -1
559 598 -1
559 610 -1
560 584 1
560 588 1
560 589 1
560 590 1
560 591 1
560 592 1
560 593 1
560 595 1
560 596 1
560 597 1
560 598 1
560 610 1
564 565 1
564 572 -1
565 572 1
565 604 1
566 567 1
566 582 -1
569 599 -1
569 626 -1
572 573 1
572 574 1
572 617 1
573 574 -1
575 576 -1
578 583 -1
579 580 1
579 615 1
579 617 1
580 615 -1
580 617 -1
581 607 1
581 608 1
583 599 -1
583 626 -1
584 585 1
585 588 1
585 589 1
585 590 1
585 591 1
585 592 1
585 593 1
585 595 1
585 596 1
585 597 1
585 598 1
585 610 1
587 611 1
593 594 -1
599 605 -1
599 626 1
600 602 1
601 616 1
603 615 -1
604 655 1
605 626 1
606 607 1
606 611 1
612 614 -1
613 614 -1
631 632 1
632 633 1
632 643 -1
634 637 1
634 641 1
636 638 1
636 639 -1
636 640 -1
636 641 -1
638 639 1
638 640 1
639 640 1
640 641 1
644 645 1
645 646 1
647 649 1
655 667 -1
655 676 -1
657 667 -1
663 668 -1
673 674 -1
