1 7 -1
7 1 -1
1 15 -1
15 1 -1
1 23 1
23 1 1
1 32 1
32 1 1
1 43 -1
43 1 -1
1 49 1
49 1 1
1 50 1
50 1 1
1 52 1
52 1 1
1 53 1
53 1 1
1 54 1
54 1 1
1 57 -1
57 1 -1
1 58 1
58 1 1
1 67 -1
67 1 -1
1 70 -1
70 1 -1
1 71 1
71 1 1
1 80 1
80 1 1
1 98 1
98 1 1
1 104 1
104 1 1
1 115 1
115 1 1
1 117 1
117 1 1
1 121 1
121 1 1
1 122 1
122 1 1
1 138 -1
138 1 -1
1 142 1
142 1 1
1 143 1
143 1 1
1 146 1
146 1 1
1 149 -1
149 1 -1
1 153 1
153 1 1
1 162 1
162 1 1
1 163 -1
163 1 -1
1 164 1
164 1 1
1 171 1
171 1 1
1 172 -1
172 1 -1
1 174 1
174 1 1
1 178 1
178 1 1
1 186 1
186 1 1
1 189 -1
189 1 -1
1 191 1
191 1 1
2 24 -1
24 2 -1
2 44 1
44 2 1
2 62 1
62 2 1
2 77 1
77 2 1
2 90 -1
90 2 -1
2 94 1
94 2 1
2 118 1
118 2 1
2 139 -1
139 2 -1
2 140 -1
140 2 -1
2 154 1
154 2 1
3 8 1
8 3 1
3 31 1
31 3 1
3 49 -1
49 3 -1
3 59 1
59 3 1
3 95 1
95 3 1
3 113 1
113 3 1
3 122 -1
122 3 -1
3 132 1
132 3 1
3 166 1
166 3 1
3 171 1
171 3 1
3 199 1
199 3 1
4 10 -1
10 4 -1
4 24 1
24 4 1
4 28 1
28 4 1
4 31 1
31 4 1
4 32 1
32 4 1
4 37 1
37 4 1
4 38 -1
38 4 -1
4 53 -1
53 4 -1
4 54 1
54 4 1
4 65 1
65 4 1
4 74 1
74 4 1
4 76 1
76 4 1
4 80 1
80 4 1
4 83 1
83 4 1
4 97 1
97 4 1
4 102 1
102 4 1
4 103 1
103 4 1
4 104 1
104 4 1
4 109 -1
109 4 -1
4 114 1
114 4 1
4 132 -1
132 4 -1
4 141 1
141 4 1
4 146 1
146 4 1
4 149 -1
149 4 -1
4 153 1
153 4 1
4 154 -1
154 4 -1
4 163 -1
163 4 -1
4 164 1
164 4 1
4 167 -1
167 4 -1
4 175 -1
175 4 -1
4 178 1
178 4 1
4 181 -1
181 4 -1
4 182 1
182 4 1
4 192 1
192 4 1
4 194 1
194 4 1
5 7 1
7 5 1
5 11 1
11 5 1
5 12 1
12 5 1
5 15 1
15 5 1
5 19 -1
19 5 -1
5 26 -1
26 5 -1
5 36 1
36 5 1
5 37 1
37 5 1
5 38 1
38 5 1
5 55 1
55 5 1
5 57 1
57 5 1
5 69 1
69 5 1
5 72 1
72 5 1
5 74 -1
74 5 -1
5 75 1
75 5 1
5 80 -1
80 5 -1
5 107 1
107 5 1
5 117 -1
117 5 -1
5 121 -1
121 5 -1
5 123 1
123 5 1
5 124 1
124 5 1
5 126 1
126 5 1
5 130 1
130 5 1
5 131 1
131 5 1
5 133 1
133 5 1
5 135 1
135 5 1
5 146 -1
146 5 -1
5 148 1
148 5 1
5 149 1
149 5 1
5 159 1
159 5 1
5 167 1
167 5 1
5 174 -1
174 5 -1
5 180 -1
180 5 -1
5 181 -1
181 5 -1
5 187 1
187 5 1
5 199 -1
199 5 -1
6 19 -1
19 6 -1
6 31 1
31 6 1
6 68 1
68 6 1
6 70 1
70 6 1
6 76 -1
76 6 -1
6 84 1
84 6 1
6 89 -1
89 6 -1
6 132 -1
132 6 -1
6 137 -1
137 6 -1
6 138 1
138 6 1
7 10 1
10 7 1
7 11 1
11 7 1
7 12 1
12 7 1
7 29 -1
29 7 -1
7 37 1
37 7 1
7 41 1
41 7 1
7 51 -1
51 7 -1
7 63 1
63 7 1
7 67 1
67 7 1
7 74 -1
74 7 -1
7 82 -1
82 7 -1
7 116 1
116 7 1
7 124 1
124 7 1
7 125 1
125 7 1
7 126 1
126 7 1
7 131 1
131 7 1
7 135 -1
135 7 -1
7 141 -1
141 7 -1
7 154 1
154 7 1
7 167 1
167 7 1
7 181 1
181 7 1
7 186 -1
186 7 -1
7 187 1
187 7 1
7 193 1
193 7 1
8 9 -1
9 8 -1
8 19 1
19 8 1
8 30 -1
30 8 -1
8 31 1
31 8 1
8 42 1
42 8 1
8 46 1
46 8 1
8 50 1
50 8 1
8 68 1
68 8 1
8 70 1
70 8 1
8 84 1
84 8 1
8 89 -1
89 8 -1
8 109 -1
109 8 -1
8 136 1
136 8 1
8 138 1
138 8 1
8 139 -1
139 8 -1
8 149 1
149 8 1
8 155 -1
155 8 -1
8 163 -1
163 8 -1
8 165 1
165 8 1
8 177 1
177 8 1
8 189 -1
189 8 -1
8 195 1
195 8 1
8 199 1
199 8 1
9 10 1
10 9 1
9 41 1
41 9 1
9 75 -1
75 9 -1
9 97 -1
97 9 -1
9 102 -1
102 9 -1
9 123 1
123 9 1
9 130 1
130 9 1
9 138 1
138 9 1
9 149 1
149 9 1
9 187 1
187 9 1
10 11 1
11 10 1
10 12 -1
12 10 -1
10 36 -1
36 10 -1
10 40 -1
40 10 -1
10 46 -1
46 10 -1
10 50 1
50 10 1
10 55 1
55 10 1
10 67 1
67 10 1
10 69 1
69 10 1
10 81 1
81 10 1
10 103 1
103 10 1
10 106 1
106 10 1
10 115 -1
115 10 -1
10 116 1
116 10 1
10 123 1
123 10 1
10 125 1
125 10 1
10 126 1
126 10 1
10 130 1
130 10 1
10 131 -1
131 10 -1
10 133 1
133 10 1
10 138 -1
138 10 -1
10 148 -1
148 10 -1
10 162 1
162 10 1
10 173 1
173 10 1
10 181 -1
181 10 -1
10 189 -1
189 10 -1
10 193 1
193 10 1
11 12 1
12 11 1
11 30 -1
30 11 -1
11 35 1
35 11 1
11 36 -1
36 11 -1
11 40 1
40 11 1
11 41 1
41 11 1
11 43 -1
43 11 -1
11 44 -1
44 11 -1
11 49 -1
49 11 -1
11 53 -1
53 11 -1
11 57 1
57 11 1
11 67 1
67 11 1
11 68 -1
68 11 -1
11 72 1
72 11 1
11 75 1
75 11 1
11 81 1
81 11 1
11 84 -1
84 11 -1
11 89 1
89 11 1
11 102 1
102 11 1
11 104 -1
104 11 -1
11 106 1
106 11 1
11 107 1
107 11 1
11 108 -1
108 11 -1
11 113 -1
113 11 -1
11 117 -1
117 11 -1
11 123 1
123 11 1
11 124 -1
124 11 -1
11 125 -1
125 11 -1
11 126 1
126 11 1
11 130 1
130 11 1
11 131 -1
131 11 -1
11 133 1
133 11 1
11 135 1
135 11 1
11 137 -1
137 11 -1
11 144 1
144 11 1
11 148 1
148 11 1
11 149 1
149 11 1
11 159 1
159 11 1
11 167 1
167 11 1
11 169 -1
169 11 -1
11 177 -1
177 11 -1
11 181 1
181 11 1
11 190 1
190 11 1
11 192 -1
192 11 -1
12 29 -1
29 12 -1
12 38 1
38 12 1
12 106 1
106 12 1
12 108 1
108 12 1
12 112 -1
112 12 -1
12 123 -1
123 12 -1
12 131 -1
131 12 -1
12 135 1
135 12 1
12 159 1
159 12 1
12 187 1
187 12 1
12 194 -1
194 12 -1
13 19 1
19 13 1
13 31 1
31 13 1
13 53 1
53 13 1
13 67 1
67 13 1
13 84 -1
84 13 -1
13 148 -1
148 13 -1
13 155 1
155 13 1
13 171 -1
171 13 -1
13 177 1
177 13 1
13 189 1
189 13 1
13 199 1
199 13 1
14 44 1
44 14 1
14 58 -1
58 14 -1
14 60 1
60 14 1
14 62 1
62 14 1
14 74 -1
74 14 -1
14 86 1
86 14 1
14 87 1
87 14 1
14 94 1
94 14 1
14 105 1
105 14 1
14 115 -1
115 14 -1
14 118 1
118 14 1
14 129 1
129 14 1
14 139 1
139 14 1
14 154 1
154 14 1
14 155 -1
155 14 -1
14 181 -1
181 14 -1
14 197 -1
197 14 -1
15 19 -1
19 15 -1
15 63 1
63 15 1
15 67 1
67 15 1
15 81 1
81 15 1
15 82 -1
82 15 -1
15 106 1
106 15 1
15 116 1
116 15 1
15 118 -1
118 15 -1
15 123 1
123 15 1
15 125 1
125 15 1
15 133 1
133 15 1
15 135 -1
135 15 -1
15 173 1
173 15 1
15 195 -1
195 15 -1
15 196 1
196 15 1
16 19 1
19 16 1
16 31 1
31 16 1
16 54 -1
54 16 -1
16 68 1
68 16 1
16 70 1
70 16 1
16 85 1
85 16 1
16 111 -1
111 16 -1
16 121 -1
121 16 -1
16 138 1
138 16 1
16 166 1
166 16 1
16 168 -1
168 16 -1
16 171 1
171 16 1
16 180 -1
180 16 -1
16 189 1
189 16 1
16 199 1
199 16 1
17 29 1
29 17 1
17 43 -1
43 17 -1
17 44 1
44 17 1
17 60 1
60 17 1
17 86 1
86 17 1
17 102 -1
102 17 -1
17 110 1
110 17 1
17 139 1
139 17 1
17 154 -1
154 17 -1
17 188 -1
188 17 -1
18 25 1
25 18 1
18 38 -1
38 18 -1
18 45 1
45 18 1
18 55 -1
55 18 -1
18 56 1
56 18 1
18 61 1
61 18 1
18 64 -1
64 18 -1
18 66 1
66 18 1
18 74 -1
74 18 -1
18 76 1
76 18 1
18 79 -1
79 18 -1
18 82 1
82 18 1
18 100 1
100 18 1
18 140 1
140 18 1
18 168 1
168 18 1
18 172 -1
172 18 -1
18 176 -1
176 18 -1
18 181 -1
181 18 -1
19 20 1
20 19 1
19 29 -1
29 19 -1
19 31 1
31 19 1
19 42 1
42 19 1
19 46 1
46 19 1
19 47 -1
47 19 -1
19 68 1
68 19 1
19 70 1
70 19 1
19 73 1
73 19 1
19 80 -1
80 19 -1
19 81 -1
81 19 -1
19 84 1
84 19 1
19 85 -1
85 19 -1
19 91 1
91 19 1
19 124 -1
124 19 -1
19 128 1
128 19 1
19 132 1
132 19 1
19 136 1
136 19 1
19 138 -1
138 19 -1
19 145 1
145 19 1
19 152 -1
152 19 -1
19 154 -1
154 19 -1
19 155 -1
155 19 -1
19 158 1
158 19 1
19 159 -1
159 19 -1
19 163 1
163 19 1
19 165 -1
165 19 -1
19 166 1
166 19 1
19 170 -1
170 19 -1
19 171 1
171 19 1
19 173 -1
173 19 -1
19 177 1
177 19 1
19 180 -1
180 19 -1
19 189 1
189 19 1
19 195 1
195 19 1
19 199 1
199 19 1
20 37 -1
37 20 -1
20 40 -1
40 20 -1
20 42 1
42 20 1
20 68 1
68 20 1
20 129 1
129 20 1
20 136 1
136 20 1
20 155 1
155 20 1
20 171 -1
171 20 -1
20 174 -1
174 20 -1
20 177 -1
177 20 -1
20 189 1
189 20 1
21 28 1
28 21 1
21 32 1
32 21 1
21 49 1
49 21 1
21 81 -1
81 21 -1
21 93 1
93 21 1
21 100 -1
100 21 -1
21 104 1
104 21 1
21 109 -1
109 21 -1
21 117 1
117 21 1
21 122 1
122 21 1
21 131 -1
131 21 -1
21 146 1
146 21 1
21 162 1
162 21 1
21 171 -1
171 21 -1
21 173 1
173 21 1
21 178 1
178 21 1
22 24 1
24 22 1
22 38 1
38 22 1
22 47 -1
47 22 -1
22 74 1
74 22 1
22 90 1
90 22 1
22 95 -1
95 22 -1
22 109 1
109 22 1
22 113 1
113 22 1
22 123 -1
123 22 -1
22 131 -1
131 22 -1
22 146 1
146 22 1
22 156 1
156 22 1
22 159 -1
159 22 -1
23 32 1
32 23 1
23 74 1
74 23 1
23 95 1
95 23 1
23 109 1
109 23 1
23 111 1
111 23 1
23 133 -1
133 23 -1
23 162 -1
162 23 -1
23 192 1
192 23 1
23 196 -1
196 23 -1
24 44 -1
44 24 -1
24 63 -1
63 24 -1
24 74 1
74 24 1
24 83 -1
83 24 -1
24 99 1
99 24 1
24 113 1
113 24 1
24 114 1
114 24 1
24 117 1
117 24 1
24 124 -1
124 24 -1
24 152 1
152 24 1
24 180 1
180 24 1
24 193 -1
193 24 -1
25 39 -1
39 25 -1
25 50 -1
50 25 -1
25 51 1
51 25 1
25 56 1
56 25 1
25 65 -1
65 25 -1
25 76 1
76 25 1
25 79 1
79 25 1
25 100 1
100 25 1
25 125 -1
125 25 -1
25 140 1
140 25 1
25 160 1
160 25 1
25 161 -1
161 25 -1
25 172 1
172 25 1
26 43 1
43 26 1
26 59 1
59 26 1
26 60 -1
60 26 -1
26 77 1
77 26 1
26 87 1
87 26 1
26 94 1
94 26 1
26 101 1
101 26 1
26 110 1
110 26 1
26 111 1
111 26 1
26 134 1
134 26 1
26 138 -1
138 26 -1
26 143 1
143 26 1
26 154 1
154 26 1
26 191 -1
191 26 -1
27 49 1
49 27 1
27 62 -1
62 27 -1
27 74 1
74 27 1
27 90 1
90 27 1
27 91 -1
91 27 -1
27 104 1
104 27 1
27 113 1
113 27 1
27 121 1
121 27 1
27 139 -1
139 27 -1
27 146 1
146 27 1
27 152 1
152 27 1
27 156 -1
156 27 -1
27 166 1
166 27 1
28 29 1
29 28 1
28 40 1
40 28 1
28 49 1
49 28 1
28 53 1
53 28 1
28 60 -1
60 28 -1
28 63 -1
63 28 -1
28 64 -1
64 28 -1
28 65 1
65 28 1
28 74 -1
74 28 -1
28 79 -1
79 28 -1
28 84 -1
84 28 -1
28 88 1
88 28 1
28 98 -1
98 28 -1
28 107 -1
107 28 -1
28 110 -1
110 28 -1
28 112 -1
112 28 -1
28 115 1
115 28 1
28 123 -1
123 28 -1
28 143 1
143 28 1
28 151 1
151 28 1
28 162 1
162 28 1
28 178 1
178 28 1
28 179 -1
179 28 -1
28 186 1
186 28 1
28 192 1
192 28 1
29 33 1
33 29 1
29 34 1
34 29 1
29 38 1
38 29 1
29 71 -1
71 29 -1
29 74 1
74 29 1
29 79 -1
79 29 -1
29 88 1
88 29 1
29 90 1
90 29 1
29 92 -1
92 29 -1
29 95 1
95 29 1
29 99 1
99 29 1
29 103 1
103 29 1
29 109 1
109 29 1
29 117 1
117 29 1
29 122 1
122 29 1
29 127 -1
127 29 -1
29 142 1
142 29 1
29 143 1
143 29 1
29 146 1
146 29 1
29 148 -1
148 29 -1
29 150 1
150 29 1
29 152 1
152 29 1
29 156 -1
156 29 -1
29 159 1
159 29 1
29 162 1
162 29 1
29 163 1
163 29 1
29 170 1
170 29 1
29 174 1
174 29 1
29 176 1
176 29 1
29 181 -1
181 29 -1
29 185 1
185 29 1
29 192 1
192 29 1
30 68 1
68 30 1
30 84 1
84 30 1
30 134 -1
134 30 -1
30 152 -1
152 30 -1
30 155 1
155 30 1
30 166 1
166 30 1
30 171 1
171 30 1
30 183 -1
183 30 -1
30 199 1
199 30 1
31 40 -1
40 31 -1
31 42 -1
42 31 -1
31 46 1
46 31 1
31 47 1
47 31 1
31 59 1
59 31 1
31 68 1
68 31 1
31 70 1
70 31 1
31 73 1
73 31 1
31 84 1
84 31 1
31 85 1
85 31 1
31 91 1
91 31 1
31 104 1
104 31 1
31 113 -1
113 31 -1
31 116 1
116 31 1
31 121 -1
121 31 -1
31 128 -1
128 31 -1
31 130 -1
130 31 -1
31 132 1
132 31 1
31 136 1
136 31 1
31 138 1
138 31 1
31 145 1
145 31 1
31 150 -1
150 31 -1
31 153 -1
153 31 -1
31 155 -1
155 31 -1
31 158 1
158 31 1
31 161 1
161 31 1
31 163 1
163 31 1
31 165 1
165 31 1
31 166 1
166 31 1
31 171 -1
171 31 -1
31 177 1
177 31 1
31 179 -1
179 31 -1
31 188 -1
188 31 -1
31 189 1
189 31 1
31 191 1
191 31 1
31 195 1
195 31 1
31 199 1
199 31 1
32 39 -1
39 32 -1
32 50 1
50 32 1
32 70 1
70 32 1
32 74 1
74 32 1
32 90 1
90 32 1
32 101 1
101 32 1
32 102 1
102 32 1
32 109 1
109 32 1
32 115 -1
115 32 -1
32 116 -1
116 32 -1
32 120 1
120 32 1
32 139 -1
139 32 -1
32 146 1
146 32 1
32 157 1
157 32 1
32 163 1
163 32 1
32 173 -1
173 32 -1
32 181 -1
181 32 -1
32 194 1
194 32 1
33 36 -1
36 33 -1
33 74 1
74 33 1
33 109 1
109 33 1
33 114 -1
114 33 -1
33 117 1
117 33 1
33 144 -1
144 33 -1
33 163 1
163 33 1
33 164 -1
164 33 -1
33 165 -1
165 33 -1
34 60 1
60 34 1
34 69 -1
69 34 -1
34 86 1
86 34 1
34 105 1
105 34 1
34 129 1
129 34 1
34 134 1
134 34 1
34 139 1
139 34 1
34 154 1
154 34 1
34 191 -1
191 34 -1
34 192 -1
192 34 -1
34 197 1
197 34 1
35 36 1
36 35 1
35 52 -1
52 35 -1
35 69 1
69 35 1
35 71 -1
71 35 -1
35 116 1
116 35 1
35 130 1
130 35 1
35 148 -1
148 35 -1
35 163 -1
163 35 -1
35 181 1
181 35 1
35 187 1
187 35 1
36 37 1
37 36 1
36 52 -1
52 36 -1
36 63 1
63 36 1
36 120 -1
120 36 -1
36 125 1
125 36 1
36 126 -1
126 36 -1
36 131 1
131 36 1
36 146 -1
146 36 -1
36 164 -1
164 36 -1
36 167 1
167 36 1
36 181 -1
181 36 -1
36 187 -1
187 36 -1
36 190 1
190 36 1
37 42 -1
42 37 -1
37 63 -1
63 37 -1
37 67 1
67 37 1
37 69 1
69 37 1
37 72 1
72 37 1
37 75 1
75 37 1
37 86 -1
86 37 -1
37 89 1
89 37 1
37 96 1
96 37 1
37 99 1
99 37 1
37 103 -1
103 37 -1
37 106 -1
106 37 -1
37 123 1
123 37 1
37 124 1
124 37 1
37 125 1
125 37 1
37 127 -1
127 37 -1
37 130 1
130 37 1
37 131 1
131 37 1
37 133 1
133 37 1
37 144 1
144 37 1
37 146 -1
146 37 -1
37 149 -1
149 37 -1
37 150 -1
150 37 -1
37 153 -1
153 37 -1
37 173 1
173 37 1
37 190 1
190 37 1
38 65 1
65 38 1
38 74 1
74 38 1
38 97 -1
97 38 -1
38 128 -1
128 38 -1
38 147 1
147 38 1
38 152 1
152 38 1
38 156 1
156 38 1
39 45 1
45 39 1
39 48 1
48 39 1
39 51 1
51 39 1
39 56 1
56 39 1
39 61 1
61 39 1
39 64 -1
64 39 -1
39 76 -1
76 39 -1
39 100 1
100 39 1
39 105 -1
105 39 -1
39 140 1
140 39 1
39 160 1
160 39 1
39 167 -1
167 39 -1
39 189 -1
189 39 -1
39 198 1
198 39 1
40 65 1
65 40 1
40 74 1
74 40 1
40 80 1
80 40 1
40 83 1
83 40 1
40 90 -1
90 40 -1
40 109 1
109 40 1
40 152 1
152 40 1
40 163 1
163 40 1
41 80 1
80 41 1
41 103 1
103 41 1
41 133 1
133 41 1
41 135 1
135 41 1
41 142 -1
142 41 -1
41 181 -1
181 41 -1
41 193 1
193 41 1
42 56 -1
56 42 -1
42 66 1
66 42 1
42 70 -1
70 42 -1
42 73 -1
73 42 -1
42 84 1
84 42 1
42 94 -1
94 42 -1
42 161 1
161 42 1
42 165 1
165 42 1
42 176 -1
176 42 -1
42 177 -1
177 42 -1
42 189 1
189 42 1
42 199 1
199 42 1
43 44 1
44 43 1
43 60 1
60 43 1
43 87 1
87 43 1
43 108 -1
108 43 -1
43 134 1
134 43 1
43 139 1
139 43 1
43 154 1
154 43 1
44 50 1
50 44 1
44 57 -1
57 44 -1
44 60 1
60 44 1
44 63 1
63 44 1
44 77 1
77 44 1
44 86 1
86 44 1
44 94 1
94 44 1
44 101 1
101 44 1
44 105 1
105 44 1
44 110 1
110 44 1
44 134 1
134 44 1
44 139 1
139 44 1
44 152 -1
152 44 -1
44 154 1
154 44 1
44 197 1
197 44 1
44 200 1
200 44 1
45 48 1
48 45 1
45 51 -1
51 45 -1
45 56 1
56 45 1
45 59 -1
59 45 -1
45 61 1
61 45 1
45 64 1
64 45 1
45 66 1
66 45 1
45 76 1
76 45 1
45 78 1
78 45 1
45 83 -1
83 45 -1
45 90 -1
90 45 -1
45 97 -1
97 45 -1
45 128 -1
128 45 -1
45 131 1
131 45 1
45 156 -1
156 45 -1
45 160 1
160 45 1
45 168 -1
168 45 -1
45 172 1
172 45 1
45 175 1
175 45 1
45 184 1
184 45 1
45 198 1
198 45 1
46 47 1
47 46 1
46 68 1
68 46 1
46 70 -1
70 46 -1
46 131 -1
131 46 -1
46 138 -1
138 46 -1
46 141 -1
141 46 -1
47 136 -1
136 47 -1
47 141 -1
141 47 -1
47 155 1
155 47 1
47 157 -1
157 47 -1
47 166 1
166 47 1
47 189 1
189 47 1
47 199 1
199 47 1
48 61 1
61 48 1
48 64 1
64 48 1
48 66 1
66 48 1
48 75 -1
75 48 -1
48 88 1
88 48 1
48 120 -1
120 48 -1
48 168 1
168 48 1
48 184 1
184 48 1
49 53 1
53 49 1
49 54 1
54 49 1
49 55 -1
55 49 -1
49 68 -1
68 49 -1
49 74 1
74 49 1
49 93 1
93 49 1
49 96 -1
96 49 -1
49 99 1
99 49 1
49 113 1
113 49 1
49 119 1
119 49 1
49 121 1
121 49 1
49 134 -1
134 49 -1
49 143 1
143 49 1
49 146 1
146 49 1
49 149 -1
149 49 -1
49 150 1
150 49 1
49 156 1
156 49 1
49 162 1
162 49 1
49 166 1
166 49 1
49 178 -1
178 49 -1
49 180 1
180 49 1
49 186 1
186 49 1
49 191 -1
191 49 -1
50 52 1
52 50 1
50 53 -1
53 50 -1
50 57 -1
57 50 -1
50 65 1
65 50 1
50 74 1
74 50 1
50 85 -1
85 50 -1
50 99 -1
99 50 -1
50 104 1
104 50 1
50 117 1
117 50 1
50 156 1
156 50 1
50 158 -1
158 50 -1
50 164 1
164 50 1
50 170 1
170 50 1
50 174 1
174 50 1
50 179 1
179 50 1
51 56 1
56 51 1
51 65 -1
65 51 -1
51 87 -1
87 51 -1
51 100 1
100 51 1
51 123 -1
123 51 -1
51 172 1
172 51 1
51 175 -1
175 51 -1
51 198 1
198 51 1
52 64 -1
64 52 -1
52 65 1
65 52 1
52 80 1
80 52 1
52 83 1
83 52 1
52 126 -1
126 52 -1
52 151 1
151 52 1
52 153 -1
153 52 -1
52 163 -1
163 52 -1
52 164 1
164 52 1
52 176 1
176 52 1
52 191 -1
191 52 -1
52 194 1
194 52 1
53 54 1
54 53 1
53 59 -1
59 53 -1
53 71 1
71 53 1
53 72 -1
72 53 -1
53 88 1
88 53 1
53 93 1
93 53 1
53 95 1
95 53 1
53 102 1
102 53 1
53 112 1
112 53 1
53 117 1
117 53 1
53 122 1
122 53 1
53 125 -1
125 53 -1
53 133 -1
133 53 -1
53 142 1
142 53 1
53 146 1
146 53 1
53 150 1
150 53 1
53 153 1
153 53 1
53 164 1
164 53 1
53 166 -1
166 53 -1
53 181 1
181 53 1
53 188 1
188 53 1
53 192 1
192 53 1
53 193 -1
193 53 -1
53 194 1
194 53 1
54 68 1
68 54 1
54 97 -1
97 54 -1
54 104 1
104 54 1
54 113 1
113 54 1
54 116 -1
116 54 -1
54 119 -1
119 54 -1
54 129 -1
129 54 -1
54 140 -1
140 54 -1
54 176 1
176 54 1
55 131 1
131 55 1
55 137 -1
137 55 -1
55 149 1
149 55 1
55 159 1
159 55 1
55 186 1
186 55 1
55 193 1
193 55 1
56 61 1
61 56 1
56 64 -1
64 56 -1
56 76 1
76 56 1
56 78 1
78 56 1
56 79 1
79 56 1
56 98 -1
98 56 -1
56 100 1
100 56 1
56 109 -1
109 56 -1
56 122 1
122 56 1
56 136 -1
136 56 -1
56 140 1
140 56 1
56 160 1
160 56 1
56 162 -1
162 56 -1
56 168 -1
168 56 -1
56 172 1
172 56 1
56 175 -1
175 56 -1
56 181 1
181 56 1
56 184 1
184 56 1
56 192 -1
192 56 -1
56 198 1
198 56 1
57 63 1
63 57 1
57 96 1
96 57 1
57 106 1
106 57 1
57 107 1
107 57 1
57 126 1
126 57 1
57 130 1
130 57 1
57 131 1
131 57 1
57 132 -1
132 57 -1
57 133 1
133 57 1
57 159 1
159 57 1
57 164 -1
164 57 -1
57 181 1
181 57 1
58 65 -1
65 58 -1
58 71 1
71 58 1
58 80 1
80 58 1
58 109 1
109 58 1
58 136 -1
136 58 -1
58 152 1
152 58 1
58 163 1
163 58 1
58 171 -1
171 58 -1
58 185 1
185 58 1
58 199 -1
199 58 -1
59 68 1
68 59 1
59 70 1
70 59 1
59 73 1
73 59 1
59 91 1
91 59 1
59 128 1
128 59 1
59 132 -1
132 59 -1
59 133 -1
133 59 -1
59 134 -1
134 59 -1
59 138 1
138 59 1
59 147 -1
147 59 -1
59 155 1
155 59 1
59 161 1
161 59 1
59 162 1
162 59 1
59 165 1
165 59 1
59 166 -1
166 59 -1
59 171 -1
171 59 -1
59 177 -1
177 59 -1
59 189 1
189 59 1
59 194 -1
194 59 -1
60 62 1
62 60 1
60 77 1
77 60 1
60 80 -1
80 60 -1
60 86 1
86 60 1
60 87 -1
87 60 -1
60 94 1
94 60 1
60 101 1
101 60 1
60 116 -1
116 60 -1
60 126 -1
126 60 -1
60 129 1
129 60 1
60 131 -1
131 60 -1
60 134 1
134 60 1
60 139 1
139 60 1
60 154 1
154 60 1
60 166 -1
166 60 -1
60 194 -1
194 60 -1
60 197 1
197 60 1
61 64 1
64 61 1
61 66 1
66 61 1
61 68 -1
68 61 -1
61 78 1
78 61 1
61 89 -1
89 61 -1
61 101 -1
101 61 -1
61 123 1
123 61 1
61 168 1
168 61 1
61 175 1
175 61 1
61 184 1
184 61 1
61 187 -1
187 61 -1
61 198 1
198 61 1
62 70 1
70 62 1
62 86 -1
86 62 -1
62 101 -1
101 62 -1
62 111 1
111 62 1
62 129 1
129 62 1
62 134 1
134 62 1
62 150 -1
150 62 -1
62 154 1
154 62 1
63 75 1
75 63 1
63 92 1
92 63 1
63 96 1
96 63 1
63 123 1
123 63 1
63 125 1
125 63 1
63 131 -1
131 63 -1
63 133 1
133 63 1
63 149 1
149 63 1
63 162 -1
162 63 -1
63 167 -1
167 63 -1
63 169 1
169 63 1
63 173 1
173 63 1
63 192 1
192 63 1
63 196 1
196 63 1
63 199 1
199 63 1
64 78 1
78 64 1
64 117 -1
117 64 -1
64 126 -1
126 64 -1
64 130 -1
130 64 -1
64 140 1
140 64 1
64 160 -1
160 64 -1
64 168 1
168 64 1
64 172 -1
172 64 -1
64 175 1
175 64 1
64 184 1
184 64 1
64 193 1
193 64 1
65 71 1
71 65 1
65 84 1
84 65 1
65 90 1
90 65 1
65 97 1
97 65 1
65 104 1
104 65 1
65 109 1
109 65 1
65 113 1
113 65 1
65 115 1
115 65 1
65 122 1
122 65 1
65 136 -1
136 65 -1
65 140 -1
140 65 -1
65 146 1
146 65 1
65 148 -1
148 65 -1
65 155 1
155 65 1
65 163 1
163 65 1
65 171 1
171 65 1
65 174 -1
174 65 -1
65 176 -1
176 65 -1
65 177 -1
177 65 -1
65 178 1
178 65 1
65 186 1
186 65 1
65 187 -1
187 65 -1
65 191 1
191 65 1
65 192 1
192 65 1
66 78 1
78 66 1
66 99 -1
99 66 -1
66 140 1
140 66 1
66 147 -1
147 66 -1
66 154 -1
154 66 -1
66 160 -1
160 66 -1
66 168 1
168 66 1
67 74 1
74 67 1
67 75 1
75 67 1
67 96 1
96 67 1
67 109 -1
109 67 -1
67 126 -1
126 67 -1
67 130 -1
130 67 -1
67 139 -1
139 67 -1
67 148 1
148 67 1
67 149 1
149 67 1
67 181 -1
181 67 -1
67 187 -1
187 67 -1
68 70 1
70 68 1
68 84 1
84 68 1
68 85 1
85 68 1
68 100 -1
100 68 -1
68 152 -1
152 68 -1
68 155 1
155 68 1
68 158 1
158 68 1
68 161 -1
161 68 -1
68 162 -1
162 68 -1
68 171 1
171 68 1
68 177 1
177 68 1
68 179 -1
179 68 -1
68 199 -1
199 68 -1
69 80 1
80 69 1
69 125 1
125 69 1
69 131 -1
131 69 -1
69 134 -1
134 69 -1
69 144 1
144 69 1
69 167 1
167 69 1
69 168 -1
168 69 -1
69 170 -1
170 69 -1
69 181 1
181 69 1
69 193 1
193 69 1
70 84 1
84 70 1
70 88 -1
88 70 -1
70 91 1
91 70 1
70 128 1
128 70 1
70 136 1
136 70 1
70 138 1
138 70 1
70 155 1
155 70 1
70 176 -1
176 70 -1
70 177 1
177 70 1
70 178 -1
178 70 -1
70 195 1
195 70 1
71 113 1
113 71 1
71 121 1
121 71 1
71 133 -1
133 71 -1
71 135 -1
135 71 -1
71 163 1
163 71 1
71 168 1
168 71 1
72 74 -1
74 72 -1
72 93 -1
93 72 -1
72 99 -1
99 72 -1
72 106 1
106 72 1
72 113 -1
113 72 -1
72 116 1
116 72 1
72 124 -1
124 72 -1
72 133 1
133 72 1
72 137 1
137 72 1
72 148 1
148 72 1
73 84 1
84 73 1
73 122 -1
122 73 -1
73 166 1
166 73 1
73 171 1
171 73 1
73 173 -1
173 73 -1
73 185 -1
185 73 -1
74 80 1
80 74 1
74 89 -1
89 74 -1
74 98 1
98 74 1
74 107 -1
107 74 -1
74 109 1
109 74 1
74 115 -1
115 74 -1
74 117 1
117 74 1
74 122 -1
122 74 -1
74 123 -1
123 74 -1
74 133 -1
133 74 -1
74 143 -1
143 74 -1
74 146 1
146 74 1
74 149 -1
149 74 -1
74 150 -1
150 74 -1
74 152 1
152 74 1
74 157 1
157 74 1
74 162 -1
162 74 -1
74 163 1
163 74 1
74 164 1
164 74 1
74 170 1
170 74 1
74 177 -1
177 74 -1
74 178 1
178 74 1
74 180 1
180 74 1
74 181 -1
181 74 -1
75 109 -1
109 75 -1
75 119 -1
119 75 -1
75 125 1
125 75 1
75 130 1
130 75 1
75 144 1
144 75 1
75 148 1
148 75 1
75 183 -1
183 75 -1
76 78 1
78 76 1
76 79 1
79 76 1
76 100 1
100 76 1
76 129 -1
129 76 -1
76 140 1
140 76 1
76 168 1
168 76 1
76 175 1
175 76 1
76 187 -1
187 76 -1
76 198 1
198 76 1
77 94 1
94 77 1
77 101 1
101 77 1
77 109 -1
109 77 -1
77 111 1
111 77 1
77 122 -1
122 77 -1
77 125 1
125 77 1
77 129 1
129 77 1
77 139 -1
139 77 -1
77 147 -1
147 77 -1
77 152 -1
152 77 -1
77 154 -1
154 77 -1
77 197 1
197 77 1
78 79 1
79 78 1
78 88 -1
88 78 -1
78 100 1
100 78 1
78 112 -1
112 78 -1
78 140 -1
140 78 -1
78 156 1
156 78 1
78 163 -1
163 78 -1
78 167 -1
167 78 -1
78 168 1
168 78 1
78 184 1
184 78 1
78 198 1
198 78 1
79 140 1
140 79 1
79 168 -1
168 79 -1
79 172 -1
172 79 -1
79 174 -1
174 79 -1
79 177 -1
177 79 -1
80 120 1
120 80 1
80 122 1
122 80 1
80 124 1
124 80 1
80 134 -1
134 80 -1
80 146 1
146 80 1
80 151 1
151 80 1
80 152 1
152 80 1
80 153 -1
153 80 -1
80 158 -1
158 80 -1
80 163 1
163 80 1
80 170 -1
170 80 -1
80 179 1
179 80 1
80 191 1
191 80 1
80 192 1
192 80 1
81 86 -1
86 81 -1
81 112 -1
112 81 -1
81 123 -1
123 81 -1
81 124 1
124 81 1
81 130 1
130 81 1
81 131 1
131 81 1
81 133 1
133 81 1
81 135 1
135 81 1
81 148 1
148 81 1
81 149 -1
149 81 -1
81 163 -1
163 81 -1
82 89 -1
89 82 -1
82 93 1
93 82 1
82 104 -1
104 82 -1
82 114 1
114 82 1
82 121 1
121 82 1
82 152 1
152 82 1
82 163 1
163 82 1
82 186 1
186 82 1
83 87 -1
87 83 -1
83 91 -1
91 83 -1
83 120 1
120 83 1
83 125 -1
125 83 -1
83 156 1
156 83 1
83 162 1
162 83 1
83 185 1
185 83 1
84 91 1
91 84 1
84 125 1
125 84 1
84 128 1
128 84 1
84 133 -1
133 84 -1
84 136 1
136 84 1
84 138 1
138 84 1
84 145 1
145 84 1
84 155 1
155 84 1
84 164 -1
164 84 -1
84 171 1
171 84 1
84 173 -1
173 84 -1
84 177 -1
177 84 -1
84 186 -1
186 84 -1
84 189 1
189 84 1
84 194 -1
194 84 -1
84 199 1
199 84 1
85 91 1
91 85 1
85 115 -1
115 85 -1
85 121 1
121 85 1
85 136 1
136 85 1
85 146 -1
146 85 -1
85 155 1
155 85 1
85 161 1
161 85 1
85 166 1
166 85 1
85 177 1
177 85 1
85 180 -1
180 85 -1
85 199 1
199 85 1
86 87 1
87 86 1
86 94 1
94 86 1
86 101 1
101 86 1
86 119 -1
119 86 -1
86 129 1
129 86 1
86 130 -1
130 86 -1
86 139 1
139 86 1
86 146 1
146 86 1
86 154 1
154 86 1
86 197 -1
197 86 -1
86 200 -1
200 86 -1
87 90 1
90 87 1
87 110 1
110 87 1
87 117 -1
117 87 -1
87 139 1
139 87 1
87 154 1
154 87 1
87 196 -1
196 87 -1
87 197 1
197 87 1
87 200 1
200 87 1
88 90 1
90 88 1
88 98 1
98 88 1
88 102 1
102 88 1
88 117 1
117 88 1
88 121 1
121 88 1
88 130 -1
130 88 -1
88 133 -1
133 88 -1
88 141 -1
141 88 -1
88 162 1
162 88 1
88 178 1
178 88 1
88 182 1
182 88 1
88 192 1
192 88 1
88 194 1
194 88 1
88 197 -1
197 88 -1
89 96 1
96 89 1
89 123 -1
123 89 -1
89 130 1
130 89 1
89 131 1
131 89 1
89 135 -1
135 89 -1
89 167 1
167 89 1
89 181 1
181 89 1
89 187 1
187 89 1
90 99 1
99 90 1
90 103 1
103 90 1
90 112 1
112 90 1
90 121 1
121 90 1
90 125 -1
125 90 -1
90 127 -1
127 90 -1
90 138 -1
138 90 -1
90 152 1
152 90 1
90 174 1
174 90 1
90 182 1
182 90 1
90 185 1
185 90 1
90 194 1
194 90 1
91 128 1
128 91 1
91 132 1
132 91 1
91 136 1
136 91 1
91 138 -1
138 91 -1
91 151 -1
151 91 -1
91 152 -1
152 91 -1
91 155 1
155 91 1
91 177 1
177 91 1
91 178 -1
178 91 -1
91 189 1
189 91 1
92 106 1
106 92 1
92 107 1
107 92 1
92 117 1
117 92 1
92 123 1
123 92 1
92 131 1
131 92 1
92 133 1
133 92 1
92 167 1
167 92 1
92 177 -1
177 92 -1
93 147 1
147 93 1
93 152 1
152 93 1
93 155 -1
155 93 -1
93 167 -1
167 93 -1
93 178 1
178 93 1
94 134 1
134 94 1
94 139 1
139 94 1
94 143 -1
143 94 -1
94 144 -1
144 94 -1
94 147 1
147 94 1
94 154 1
154 94 1
94 177 -1
177 94 -1
94 197 1
197 94 1
95 106 -1
106 95 -1
95 115 1
115 95 1
95 121 -1
121 95 -1
95 122 1
122 95 1
95 142 1
142 95 1
95 147 1
147 95 1
95 149 -1
149 95 -1
95 151 1
151 95 1
95 164 1
164 95 1
95 179 1
179 95 1
95 182 1
182 95 1
95 197 -1
197 95 -1
95 200 -1
200 95 -1
96 124 1
124 96 1
96 125 -1
125 96 -1
96 133 1
133 96 1
96 148 1
148 96 1
96 168 1
168 96 1
96 184 1
184 96 1
96 187 1
187 96 1
96 188 -1
188 96 -1
96 192 -1
192 96 -1
97 104 1
104 97 1
97 129 -1
129 97 -1
97 130 -1
130 97 -1
97 146 1
146 97 1
97 150 1
150 97 1
97 164 1
164 97 1
97 183 1
183 97 1
97 188 1
188 97 1
98 113 1
113 98 1
98 122 1
122 98 1
98 136 -1
136 98 -1
98 143 1
143 98 1
98 163 1
163 98 1
98 164 1
164 98 1
98 168 -1
168 98 -1
99 112 -1
112 99 -1
99 131 -1
131 99 -1
99 142 -1
142 99 -1
99 153 1
153 99 1
99 164 -1
164 99 -1
99 191 1
191 99 1
99 194 1
194 99 1
100 101 -1
101 100 -1
100 119 -1
119 100 -1
100 143 -1
143 100 -1
100 168 1
168 100 1
100 172 1
172 100 1
100 175 1
175 100 1
100 184 1
184 100 1
101 106 1
106 101 1
101 110 1
110 101 1
101 118 1
118 101 1
101 129 -1
129 101 -1
101 134 1
134 101 1
101 139 -1
139 101 -1
101 152 -1
152 101 -1
101 154 1
154 101 1
101 177 -1
177 101 -1
101 200 1
200 101 1
102 104 1
104 102 1
102 113 1
113 102 1
102 117 1
117 102 1
102 124 -1
124 102 -1
102 143 1
143 102 1
102 163 1
163 102 1
103 109 1
109 103 1
103 122 1
122 103 1
103 126 -1
126 103 -1
103 149 -1
149 103 -1
103 163 1
163 103 1
103 179 1
179 103 1
103 180 1
180 103 1
103 192 -1
192 103 -1
103 194 1
194 103 1
104 109 1
109 104 1
104 113 1
113 104 1
104 118 -1
118 104 -1
104 139 -1
139 104 -1
104 152 1
152 104 1
104 159 -1
159 104 -1
104 163 -1
163 104 -1
104 189 -1
189 104 -1
105 118 1
118 105 1
105 139 -1
139 105 -1
105 146 -1
146 105 -1
105 154 1
154 105 1
105 194 -1
194 105 -1
105 197 1
197 105 1
106 108 1
108 106 1
106 110 -1
110 106 -1
106 115 -1
115 106 -1
106 126 1
126 106 1
106 127 1
127 106 1
106 148 1
148 106 1
106 149 1
149 106 1
106 150 -1
150 106 -1
106 163 -1
163 106 -1
106 169 1
169 106 1
106 181 1
181 106 1
106 182 1
182 106 1
106 187 1
187 106 1
106 196 -1
196 106 -1
107 125 -1
125 107 -1
107 130 1
130 107 1
107 131 1
131 107 1
107 133 1
133 107 1
107 149 1
149 107 1
107 157 -1
157 107 -1
108 123 1
123 108 1
108 130 -1
130 108 -1
108 133 1
133 108 1
108 161 -1
161 108 -1
108 181 -1
181 108 -1
108 189 -1
189 108 -1
109 114 1
114 109 1
109 115 -1
115 109 -1
109 117 1
117 109 1
109 122 1
122 109 1
109 132 -1
132 109 -1
109 135 1
135 109 1
109 137 1
137 109 1
109 139 -1
139 109 -1
109 141 -1
141 109 -1
109 146 1
146 109 1
109 150 1
150 109 1
109 152 1
152 109 1
109 153 1
153 109 1
109 157 -1
157 109 -1
109 162 1
162 109 1
109 164 1
164 109 1
109 167 -1
167 109 -1
109 170 1
170 109 1
109 177 -1
177 109 -1
109 182 1
182 109 1
109 191 1
191 109 1
109 194 1
194 109 1
109 196 -1
196 109 -1
110 134 1
134 110 1
110 139 1
139 110 1
110 146 -1
146 110 -1
110 154 -1
154 110 -1
110 160 -1
160 110 -1
110 197 1
197 110 1
111 134 1
134 111 1
111 139 1
139 111 1
111 154 1
154 111 1
111 193 -1
193 111 -1
111 197 1
197 111 1
112 117 1
117 112 1
112 122 1
122 112 1
112 125 -1
125 112 -1
112 141 1
141 112 1
112 147 -1
147 112 -1
112 156 1
156 112 1
112 179 1
179 112 1
112 186 1
186 112 1
113 118 -1
118 113 -1
113 119 1
119 113 1
113 120 1
120 113 1
113 140 -1
140 113 -1
113 141 -1
141 113 -1
113 150 1
150 113 1
113 152 1
152 113 1
113 155 -1
155 113 -1
113 156 1
156 113 1
113 163 1
163 113 1
113 164 1
164 113 1
113 171 -1
171 113 -1
113 174 -1
174 113 -1
113 176 1
176 113 1
113 181 -1
181 113 -1
113 185 1
185 113 1
113 191 1
191 113 1
113 194 1
194 113 1
113 198 -1
198 113 -1
114 117 1
117 114 1
114 128 -1
128 114 -1
114 138 -1
138 114 -1
114 139 -1
139 114 -1
114 151 1
151 114 1
114 163 1
163 114 1
115 121 1
121 115 1
115 122 1
122 115 1
115 138 -1
138 115 -1
115 140 -1
140 115 -1
115 152 1
152 115 1
115 159 -1
159 115 -1
115 176 -1
176 115 -1
115 178 1
178 115 1
115 179 1
179 115 1
115 180 1
180 115 1
115 192 1
192 115 1
115 194 -1
194 115 -1
116 125 1
125 116 1
116 130 1
130 116 1
116 148 1
148 116 1
116 153 -1
153 116 -1
116 181 1
181 116 1
116 193 1
193 116 1
117 119 1
119 117 1
117 123 -1
123 117 -1
117 126 -1
126 117 -1
117 130 1
130 117 1
117 143 1
143 117 1
117 146 -1
146 117 -1
117 150 1
150 117 1
117 152 1
152 117 1
117 153 1
153 117 1
117 154 -1
154 117 -1
117 163 1
163 117 1
117 180 1
180 117 1
117 186 1
186 117 1
118 139 1
139 118 1
118 154 1
154 118 1
118 197 1
197 118 1
119 121 1
121 119 1
119 170 1
170 119 1
119 174 1
174 119 1
120 126 -1
126 120 -1
120 162 1
162 120 1
120 164 1
164 120 1
120 194 1
194 120 1
121 131 -1
131 121 -1
121 135 -1
135 121 -1
121 143 1
143 121 1
121 146 1
146 121 1
121 148 -1
148 121 -1
121 150 1
150 121 1
121 152 1
152 121 1
121 162 1
162 121 1
121 163 1
163 121 1
121 170 1
170 121 1
121 171 -1
171 121 -1
121 176 1
176 121 1
121 179 1
179 121 1
121 185 -1
185 121 -1
121 190 -1
190 121 -1
121 192 1
192 121 1
122 125 -1
125 122 -1
122 141 1
141 122 1
122 144 1
144 122 1
122 146 1
146 122 1
122 148 -1
148 122 -1
122 152 1
152 122 1
122 154 -1
154 122 -1
122 156 1
156 122 1
122 170 1
170 122 1
122 176 1
176 122 1
122 180 1
180 122 1
122 183 1
183 122 1
122 188 1
188 122 1
122 190 -1
190 122 -1
122 191 1
191 122 1
122 195 -1
195 122 -1
123 125 1
125 123 1
123 126 1
126 123 1
123 127 1
127 123 1
123 130 1
130 123 1
123 131 1
131 123 1
123 133 1
133 123 1
123 146 -1
146 123 -1
123 148 1
148 123 1
123 149 1
149 123 1
123 153 -1
153 123 -1
123 159 1
159 123 1
123 164 -1
164 123 -1
123 167 1
167 123 1
123 173 1
173 123 1
123 176 -1
176 123 -1
123 191 -1
191 123 -1
123 196 1
196 123 1
124 125 1
125 124 1
124 130 1
130 124 1
124 181 1
181 124 1
124 193 -1
193 124 -1
125 126 1
126 125 1
125 127 1
127 125 1
125 130 1
130 125 1
125 133 1
133 125 1
125 135 1
135 125 1
125 149 1
149 125 1
125 167 1
167 125 1
125 169 1
169 125 1
125 173 1
173 125 1
125 177 -1
177 125 -1
125 181 1
181 125 1
125 188 -1
188 125 -1
125 193 1
193 125 1
126 130 1
130 126 1
126 131 1
131 126 1
126 146 -1
146 126 -1
126 149 1
149 126 1
126 162 -1
162 126 -1
126 181 1
181 126 1
126 190 1
190 126 1
126 193 1
193 126 1
126 196 1
196 126 1
127 130 1
130 127 1
127 133 1
133 127 1
127 149 1
149 127 1
127 151 -1
151 127 -1
127 166 1
166 127 1
127 169 -1
169 127 -1
127 173 1
173 127 1
127 187 1
187 127 1
127 193 1
193 127 1
127 196 1
196 127 1
128 136 1
136 128 1
128 138 1
138 128 1
128 155 1
155 128 1
128 164 -1
164 128 -1
128 165 -1
165 128 -1
128 186 -1
186 128 -1
128 189 1
189 128 1
128 195 1
195 128 1
128 199 -1
199 128 -1
129 134 -1
134 129 -1
129 139 -1
139 129 -1
129 178 -1
178 129 -1
129 200 -1
200 129 -1
130 133 1
133 130 1
130 138 -1
138 130 -1
130 149 1
149 130 1
130 159 1
159 130 1
130 163 -1
163 130 -1
130 169 1
169 130 1
130 170 -1
170 130 -1
130 173 1
173 130 1
130 174 -1
174 130 -1
130 181 -1
181 130 -1
130 187 1
187 130 1
130 190 1
190 130 1
130 196 1
196 130 1
130 197 -1
197 130 -1
131 134 -1
134 131 -1
131 149 -1
149 131 -1
131 167 1
167 131 1
131 170 -1
170 131 -1
131 173 1
173 131 1
131 181 1
181 131 1
131 193 1
193 131 1
132 138 -1
138 132 -1
132 155 1
155 132 1
132 165 1
165 132 1
132 178 1
178 132 1
132 195 1
195 132 1
132 199 1
199 132 1
133 137 1
137 133 1
133 143 -1
143 133 -1
133 144 1
144 133 1
133 148 1
148 133 1
133 156 -1
156 133 -1
133 167 -1
167 133 -1
133 181 1
181 133 1
133 187 1
187 133 1
133 190 -1
190 133 -1
133 192 -1
192 133 -1
133 199 -1
199 133 -1
134 139 1
139 134 1
134 154 1
154 134 1
134 163 -1
163 134 -1
134 197 1
197 134 1
134 200 -1
200 134 -1
135 144 1
144 135 1
135 159 1
159 135 1
135 172 -1
172 135 -1
136 138 1
138 136 1
136 158 1
158 136 1
136 166 1
166 136 1
136 169 -1
169 136 -1
136 177 1
177 136 1
136 184 -1
184 136 -1
136 199 1
199 136 1
136 200 -1
200 136 -1
137 148 1
148 137 1
137 152 -1
152 137 -1
137 167 1
167 137 1
137 190 1
190 137 1
138 145 1
145 138 1
138 155 1
155 138 1
138 161 1
161 138 1
138 165 1
165 138 1
138 172 -1
172 138 -1
138 189 1
189 138 1
138 199 1
199 138 1
139 143 -1
143 139 -1
139 152 -1
152 139 -1
139 154 1
154 139 1
139 197 -1
197 139 -1
139 199 -1
199 139 -1
139 200 1
200 139 1
140 168 1
168 140 1
140 172 1
172 140 1
141 153 1
153 141 1
141 189 1
189 141 1
142 146 1
146 142 1
142 153 1
153 142 1
142 164 1
164 142 1
142 169 -1
169 142 -1
142 189 1
189 142 1
143 153 1
153 143 1
143 156 -1
156 143 -1
143 178 1
178 143 1
143 190 -1
190 143 -1
144 193 1
193 144 1
144 200 -1
200 144 -1
145 155 1
155 145 1
145 156 -1
156 145 -1
145 177 1
177 145 1
145 181 -1
181 145 -1
145 189 1
189 145 1
145 197 -1
197 145 -1
146 147 1
147 146 1
146 150 1
150 146 1
146 151 1
151 146 1
146 152 1
152 146 1
146 156 1
156 146 1
146 162 -1
162 146 -1
146 164 -1
164 146 -1
146 165 -1
165 146 -1
146 192 1
192 146 1
146 194 1
194 146 1
146 197 1
197 146 1
146 199 -1
199 146 -1
147 150 1
150 147 1
147 174 -1
174 147 -1
147 192 1
192 147 1
148 149 1
149 148 1
148 155 -1
155 148 -1
148 159 -1
159 148 -1
148 169 1
169 148 1
148 178 -1
178 148 -1
148 181 1
181 148 1
148 185 -1
185 148 -1
148 190 -1
190 148 -1
148 193 1
193 148 1
149 164 -1
164 149 -1
149 167 1
167 149 1
149 181 1
181 149 1
149 187 1
187 149 1
150 152 1
152 150 1
150 154 -1
154 150 -1
150 178 1
178 150 1
150 180 1
180 150 1
150 187 -1
187 150 -1
151 163 1
163 151 1
151 177 -1
177 151 -1
152 153 1
153 152 1
152 155 -1
155 152 -1
152 172 -1
172 152 -1
152 178 1
178 152 1
152 183 1
183 152 1
153 193 -1
193 153 -1
154 162 -1
162 154 -1
154 164 -1
164 154 -1
154 197 1
197 154 1
154 200 1
200 154 1
155 158 1
158 155 1
155 160 -1
160 155 -1
155 163 -1
163 155 -1
155 165 1
165 155 1
155 166 1
166 155 1
155 171 1
171 155 1
155 177 1
177 155 1
155 189 1
189 155 1
155 194 -1
194 155 -1
155 199 1
199 155 1
156 169 -1
169 156 -1
156 182 1
182 156 1
156 192 -1
192 156 -1
157 163 1
163 157 1
157 167 -1
167 157 -1
157 186 1
186 157 1
157 188 1
188 157 1
157 190 -1
190 157 -1
157 191 -1
191 157 -1
158 161 -1
161 158 -1
158 163 1
163 158 1
158 166 1
166 158 1
158 177 1
177 158 1
159 169 1
169 159 1
159 181 1
181 159 1
160 168 1
168 160 1
160 182 -1
182 160 -1
161 175 -1
175 161 -1
161 199 1
199 161 1
162 174 1
174 162 1
162 178 1
178 162 1
162 181 -1
181 162 -1
162 185 1
185 162 1
162 194 1
194 162 1
163 164 1
164 163 1
163 170 1
170 163 1
163 178 1
178 163 1
163 180 1
180 163 1
163 183 1
183 163 1
163 186 1
186 163 1
163 199 1
199 163 1
164 190 -1
190 164 -1
164 194 1
194 164 1
165 167 -1
167 165 -1
165 171 1
171 165 1
165 177 1
177 165 1
165 182 -1
182 165 -1
165 189 1
189 165 1
165 196 -1
196 165 -1
166 171 1
171 166 1
166 174 -1
174 166 -1
166 177 1
177 166 1
166 189 -1
189 166 -1
167 169 1
169 167 1
167 179 -1
179 167 -1
167 190 1
190 167 1
167 196 1
196 167 1
168 185 -1
185 168 -1
168 198 -1
198 168 -1
169 194 -1
194 169 -1
171 195 1
195 171 1
171 199 1
199 171 1
173 181 1
181 173 1
173 187 1
187 173 1
173 194 -1
194 173 -1
174 192 1
192 174 1
175 197 -1
197 175 -1
176 182 1
182 176 1
176 191 1
191 176 1
176 194 1
194 176 1
177 189 1
189 177 1
178 183 -1
183 178 -1
178 199 -1
199 178 -1
179 188 1
188 179 1
180 188 1
188 180 1
180 194 1
194 180 1
181 190 1
190 181 1
181 193 1
193 181 1
183 184 -1
184 183 -1
183 191 1
191 183 1
183 194 1
194 183 1
185 194 1
194 185 1
186 194 1
194 186 1
187 191 -1
191 187 -1
187 198 -1
198 187 -1
188 191 1
191 188 1
189 192 -1
192 189 -1
189 199 -1
199 189 -1
192 194 -1
194 192 -1
193 199 -1
199 193 -1
195 197 -1
197 195 -1
197 200 1
200 197 1
198 200 -1
200 198 -1
