1 9 1
9 1 1
1 10 1
10 1 1
1 17 -1
17 1 -1
1 20 1
20 1 1
1 45 1
45 1 1
1 59 1
59 1 1
1 60 -1
60 1 -1
1 63 -1
63 1 -1
1 71 1
71 1 1
1 105 1
105 1 1
1 106 -1
106 1 -1
1 109 1
109 1 1
1 112 1
112 1 1
1 121 1
121 1 1
1 128 -1
128 1 -1
1 133 1
133 1 1
1 164 1
164 1 1
1 167 -1
167 1 -1
1 171 -1
171 1 -1
1 172 -1
172 1 -1
1 177 1
177 1 1
1 183 -1
183 1 -1
1 184 -1
184 1 -1
1 193 1
193 1 1
2 3 1
3 2 1
2 7 -1
7 2 -1
2 8 1
8 2 1
2 9 -1
9 2 -1
2 15 1
15 2 1
2 16 -1
16 2 -1
2 19 1
19 2 1
2 21 1
21 2 1
2 22 1
22 2 1
2 24 1
24 2 1
2 28 -1
28 2 -1
2 34 1
34 2 1
2 46 1
46 2 1
2 52 1
52 2 1
2 54 1
54 2 1
2 55 1
55 2 1
2 56 1
56 2 1
2 64 1
64 2 1
2 66 1
66 2 1
2 68 -1
68 2 -1
2 73 1
73 2 1
2 80 1
80 2 1
2 83 1
83 2 1
2 88 -1
88 2 -1
2 94 1
94 2 1
2 103 -1
103 2 -1
2 105 -1
105 2 -1
2 108 -1
108 2 -1
2 116 1
116 2 1
2 117 -1
117 2 -1
2 118 -1
118 2 -1
2 122 1
122 2 1
2 125 1
125 2 1
2 131 -1
131 2 -1
2 133 -1
133 2 -1
2 136 1
136 2 1
2 142 1
142 2 1
2 145 1
145 2 1
2 151 -1
151 2 -1
2 163 1
163 2 1
2 165 1
165 2 1
2 170 1
170 2 1
2 179 -1
179 2 -1
2 184 -1
184 2 -1
2 194 1
194 2 1
2 200 1
200 2 1
3 9 -1
9 3 -1
3 27 1
27 3 1
3 35 1
35 3 1
3 38 1
38 3 1
3 41 1
41 3 1
3 52 1
52 3 1
3 56 1
56 3 1
3 64 1
64 3 1
3 76 1
76 3 1
3 79 1
79 3 1
3 81 -1
81 3 -1
3 108 -1
108 3 -1
3 116 1
116 3 1
3 121 1
121 3 1
3 134 1
134 3 1
3 135 1
135 3 1
3 136 1
136 3 1
3 148 1
148 3 1
3 159 -1
159 3 -1
3 179 1
179 3 1
3 186 1
186 3 1
3 189 -1
189 3 -1
4 16 -1
16 4 -1
4 79 1
79 4 1
4 94 -1
94 4 -1
4 108 1
108 4 1
4 110 1
110 4 1
4 115 1
115 4 1
4 128 -1
128 4 -1
4 142 -1
142 4 -1
4 175 1
175 4 1
4 189 1
189 4 1
5 21 1
21 5 1
5 27 -1
27 5 -1
5 34 -1
34 5 -1
5 39 1
39 5 1
5 56 1
56 5 1
5 94 1
94 5 1
5 106 -1
106 5 -1
5 116 1
116 5 1
5 118 -1
118 5 -1
5 127 1
127 5 1
5 133 1
133 5 1
5 136 1
136 5 1
5 137 -1
137 5 -1
5 142 1
142 5 1
5 145 1
145 5 1
5 186 -1
186 5 -1
6 20 1
20 6 1
6 26 1
26 6 1
6 33 1
33 6 1
6 37 1
37 6 1
6 42 -1
42 6 -1
6 47 -1
47 6 -1
6 51 1
51 6 1
6 65 -1
65 6 -1
6 69 1
69 6 1
6 97 1
97 6 1
6 100 1
100 6 1
6 106 -1
106 6 -1
6 114 1
114 6 1
6 161 -1
161 6 -1
6 196 1
196 6 1
6 198 -1
198 6 -1
6 199 1
199 6 1
7 17 1
17 7 1
7 26 -1
26 7 -1
7 34 -1
34 7 -1
7 37 -1
37 7 -1
7 61 1
61 7 1
7 84 1
84 7 1
7 92 1
92 7 1
7 93 1
93 7 1
7 113 1
113 7 1
7 116 -1
116 7 -1
7 122 -1
122 7 -1
7 138 1
138 7 1
7 146 1
146 7 1
7 151 1
151 7 1
7 157 1
157 7 1
7 161 1
161 7 1
7 174 1
174 7 1
7 184 1
184 7 1
7 197 1
197 7 1
8 15 1
15 8 1
8 16 -1
16 8 -1
8 27 1
27 8 1
8 43 -1
43 8 -1
8 69 -1
69 8 -1
8 94 1
94 8 1
8 112 -1
112 8 -1
8 116 1
116 8 1
8 136 -1
136 8 -1
8 145 1
145 8 1
8 151 -1
151 8 -1
8 159 -1
159 8 -1
8 186 1
186 8 1
8 191 1
191 8 1
9 10 1
10 9 1
9 12 -1
12 9 -1
9 40 1
40 9 1
9 44 1
44 9 1
9 45 -1
45 9 -1
9 59 -1
59 9 -1
9 75 1
75 9 1
9 78 1
78 9 1
9 79 -1
79 9 -1
9 104 1
104 9 1
9 106 1
106 9 1
9 109 1
109 9 1
9 116 -1
116 9 -1
9 121 1
121 9 1
9 128 1
128 9 1
9 132 1
132 9 1
9 133 1
133 9 1
9 139 1
139 9 1
9 143 -1
143 9 -1
9 154 1
154 9 1
9 162 1
162 9 1
9 165 -1
165 9 -1
9 167 1
167 9 1
9 171 -1
171 9 -1
9 176 1
176 9 1
9 180 1
180 9 1
9 189 -1
189 9 -1
10 20 1
20 10 1
10 25 -1
25 10 -1
10 31 -1
31 10 -1
10 34 -1
34 10 -1
10 40 1
40 10 1
10 44 1
44 10 1
10 45 1
45 10 1
10 55 1
55 10 1
10 59 -1
59 10 -1
10 68 -1
68 10 -1
10 71 1
71 10 1
10 75 1
75 10 1
10 80 -1
80 10 -1
10 104 1
104 10 1
10 106 1
106 10 1
10 107 1
107 10 1
10 109 1
109 10 1
10 112 1
112 10 1
10 121 1
121 10 1
10 124 1
124 10 1
10 128 1
128 10 1
10 131 1
131 10 1
10 132 1
132 10 1
10 133 1
133 10 1
10 137 -1
137 10 -1
10 140 1
140 10 1
10 150 -1
150 10 -1
10 154 1
154 10 1
10 160 -1
160 10 -1
10 162 1
162 10 1
10 167 1
167 10 1
10 169 -1
169 10 -1
10 171 -1
171 10 -1
10 176 1
176 10 1
10 177 1
177 10 1
10 179 -1
179 10 -1
10 181 -1
181 10 -1
10 193 1
193 10 1
10 194 -1
194 10 -1
11 12 1
12 11 1
11 19 -1
19 11 -1
11 50 1
50 11 1
11 60 -1
60 11 -1
11 61 1
61 11 1
11 84 1
84 11 1
11 92 1
92 11 1
11 93 -1
93 11 -1
11 113 1
113 11 1
11 120 -1
120 11 -1
11 141 1
141 11 1
11 152 1
152 11 1
11 168 -1
168 11 -1
11 174 1
174 11 1
11 184 1
184 11 1
11 188 -1
188 11 -1
12 34 -1
34 12 -1
12 44 -1
44 12 -1
12 61 1
61 12 1
12 65 -1
65 12 -1
12 70 1
70 12 1
12 84 1
84 12 1
12 85 1
85 12 1
12 92 1
92 12 1
12 93 1
93 12 1
12 106 1
106 12 1
12 118 -1
118 12 -1
12 141 1
141 12 1
12 146 1
146 12 1
12 151 1
151 12 1
12 152 1
152 12 1
12 157 1
157 12 1
12 173 1
173 12 1
12 174 1
174 12 1
12 184 -1
184 12 -1
13 58 -1
58 13 -1
13 61 1
61 13 1
13 66 -1
66 13 -1
13 92 -1
92 13 -1
13 93 1
93 13 1
13 113 1
113 13 1
13 141 1
141 13 1
13 146 1
146 13 1
13 151 1
151 13 1
13 161 1
161 13 1
13 176 -1
176 13 -1
14 18 1
18 14 1
14 33 1
33 14 1
14 58 -1
58 14 -1
14 69 1
69 14 1
14 80 -1
80 14 -1
14 114 1
114 14 1
14 123 1
123 14 1
14 129 1
129 14 1
14 145 -1
145 14 -1
14 198 1
198 14 1
15 24 1
24 15 1
15 35 -1
35 15 -1
15 63 1
63 15 1
15 64 -1
64 15 -1
15 73 1
73 15 1
15 75 -1
75 15 -1
15 95 1
95 15 1
15 159 1
159 15 1
15 163 -1
163 15 -1
16 23 1
23 16 1
16 32 1
32 16 1
16 37 -1
37 16 -1
16 39 1
39 16 1
16 88 1
88 16 1
16 90 -1
90 16 -1
16 93 -1
93 16 -1
16 103 -1
103 16 -1
16 108 1
108 16 1
16 110 1
110 16 1
16 116 -1
116 16 -1
16 118 1
118 16 1
16 119 1
119 16 1
16 130 1
130 16 1
16 144 1
144 16 1
16 145 -1
145 16 -1
16 146 -1
146 16 -1
16 159 1
159 16 1
16 168 -1
168 16 -1
16 174 -1
174 16 -1
16 181 -1
181 16 -1
16 186 -1
186 16 -1
16 187 1
187 16 1
16 188 -1
188 16 -1
16 189 1
189 16 1
17 36 1
36 17 1
17 40 -1
40 17 -1
17 50 1
50 17 1
17 58 -1
58 17 -1
17 61 1
61 17 1
17 84 1
84 17 1
17 92 1
92 17 1
17 93 1
93 17 1
17 141 1
141 17 1
17 146 1
146 17 1
17 151 -1
151 17 -1
17 152 -1
152 17 -1
17 161 1
161 17 1
17 177 -1
177 17 -1
17 179 -1
179 17 -1
17 184 1
184 17 1
17 197 1
197 17 1
18 25 -1
25 18 -1
18 28 1
28 18 1
18 30 1
30 18 1
18 33 1
33 18 1
18 37 1
37 18 1
18 47 1
47 18 1
18 49 1
49 18 1
18 51 -1
51 18 -1
18 53 1
53 18 1
18 57 1
57 18 1
18 69 1
69 18 1
18 74 1
74 18 1
18 80 1
80 18 1
18 97 1
97 18 1
18 98 1
98 18 1
18 100 1
100 18 1
18 101 -1
101 18 -1
18 106 -1
106 18 -1
18 112 -1
112 18 -1
18 113 -1
113 18 -1
18 114 1
114 18 1
18 117 -1
117 18 -1
18 123 1
123 18 1
18 129 1
129 18 1
18 134 -1
134 18 -1
18 143 -1
143 18 -1
18 192 1
192 18 1
18 196 -1
196 18 -1
18 198 1
198 18 1
18 199 1
199 18 1
19 22 1
22 19 1
19 34 1
34 19 1
19 43 -1
43 19 -1
19 60 1
60 19 1
19 76 1
76 19 1
19 97 1
97 19 1
19 117 1
117 19 1
19 118 -1
118 19 -1
19 142 1
142 19 1
19 173 1
173 19 1
20 44 1
44 20 1
20 45 1
45 20 1
20 55 1
55 20 1
20 59 1
59 20 1
20 75 1
75 20 1
20 126 -1
126 20 -1
20 133 1
133 20 1
20 154 1
154 20 1
21 41 -1
41 21 -1
21 52 1
52 21 1
21 67 1
67 21 1
21 83 -1
83 21 -1
21 85 1
85 21 1
21 142 1
142 21 1
21 185 1
185 21 1
21 186 1
186 21 1
21 199 -1
199 21 -1
22 34 1
34 22 1
22 94 -1
94 22 -1
22 101 -1
101 22 -1
22 102 -1
102 22 -1
22 106 1
106 22 1
22 110 -1
110 22 -1
22 116 -1
116 22 -1
22 117 1
117 22 1
22 136 1
136 22 1
22 164 1
164 22 1
23 35 -1
35 23 -1
23 41 -1
41 23 -1
23 42 -1
42 23 -1
23 43 -1
43 23 -1
23 77 1
77 23 1
23 83 1
83 23 1
23 86 1
86 23 1
23 88 -1
88 23 -1
23 90 1
90 23 1
23 92 -1
92 23 -1
23 108 1
108 23 1
23 117 -1
117 23 -1
23 126 -1
126 23 -1
23 130 1
130 23 1
23 133 -1
133 23 -1
23 143 1
143 23 1
23 144 1
144 23 1
23 159 1
159 23 1
23 189 1
189 23 1
23 192 -1
192 23 -1
24 56 1
56 24 1
24 68 1
68 24 1
24 73 1
73 24 1
24 74 -1
74 24 -1
24 116 1
116 24 1
24 127 -1
127 24 -1
24 135 1
135 24 1
24 141 -1
141 24 -1
24 167 -1
167 24 -1
24 179 1
179 24 1
24 186 1
186 24 1
24 189 -1
189 24 -1
24 190 -1
190 24 -1
25 84 -1
84 25 -1
25 85 1
85 25 1
25 88 1
88 25 1
25 93 1
93 25 1
25 114 -1
114 25 -1
25 141 1
141 25 1
25 146 -1
146 25 -1
25 161 1
161 25 1
25 190 1
190 25 1
26 28 1
28 26 1
26 30 1
30 26 1
26 33 1
33 26 1
26 37 1
37 26 1
26 51 1
51 26 1
26 69 1
69 26 1
26 101 1
101 26 1
26 114 1
114 26 1
26 120 1
120 26 1
26 136 1
136 26 1
26 169 -1
169 26 -1
26 196 1
196 26 1
27 34 -1
34 27 -1
27 35 1
35 27 1
27 37 -1
37 27 -1
27 39 -1
39 27 -1
27 41 1
41 27 1
27 42 -1
42 27 -1
27 46 1
46 27 1
27 52 1
52 27 1
27 54 1
54 27 1
27 55 1
55 27 1
27 56 1
56 27 1
27 60 1
60 27 1
27 63 1
63 27 1
27 64 1
64 27 1
27 65 1
65 27 1
27 66 1
66 27 1
27 67 1
67 27 1
27 68 1
68 27 1
27 75 -1
75 27 -1
27 80 1
80 27 1
27 82 1
82 27 1
27 90 -1
90 27 -1
27 96 1
96 27 1
27 107 -1
107 27 -1
27 108 -1
108 27 -1
27 111 1
111 27 1
27 113 -1
113 27 -1
27 114 -1
114 27 -1
27 117 1
117 27 1
27 126 -1
126 27 -1
27 127 1
127 27 1
27 129 1
129 27 1
27 130 1
130 27 1
27 134 1
134 27 1
27 140 -1
140 27 -1
27 145 1
145 27 1
27 147 -1
147 27 -1
27 160 1
160 27 1
27 166 1
166 27 1
27 170 1
170 27 1
27 179 1
179 27 1
27 186 1
186 27 1
27 191 1
191 27 1
27 198 -1
198 27 -1
27 200 1
200 27 1
28 33 1
33 28 1
28 37 1
37 28 1
28 49 1
49 28 1
28 51 1
51 28 1
28 53 1
53 28 1
28 64 -1
64 28 -1
28 69 1
69 28 1
28 100 1
100 28 1
28 146 1
146 28 1
28 155 -1
155 28 -1
28 192 1
192 28 1
29 34 -1
34 29 -1
29 63 1
63 29 1
29 64 1
64 29 1
29 81 1
81 29 1
29 88 1
88 29 1
29 90 1
90 29 1
29 94 -1
94 29 -1
29 98 -1
98 29 -1
29 103 -1
103 29 -1
29 108 1
108 29 1
29 118 1
118 29 1
29 175 -1
175 29 -1
29 178 1
178 29 1
29 181 1
181 29 1
29 189 1
189 29 1
29 196 1
196 29 1
30 33 1
33 30 1
30 41 -1
41 30 -1
30 49 1
49 30 1
30 69 1
69 30 1
30 73 -1
73 30 -1
30 74 1
74 30 1
30 100 -1
100 30 -1
30 114 1
114 30 1
30 116 -1
116 30 -1
30 129 -1
129 30 -1
30 142 -1
142 30 -1
30 150 -1
150 30 -1
30 192 1
192 30 1
30 196 1
196 30 1
30 198 1
198 30 1
31 32 1
32 31 1
31 39 1
39 31 1
31 56 -1
56 31 -1
31 58 -1
58 31 -1
31 64 1
64 31 1
31 77 -1
77 31 -1
31 83 -1
83 31 -1
31 95 1
95 31 1
31 118 1
118 31 1
31 187 1
187 31 1
31 188 1
188 31 1
32 38 -1
38 32 -1
32 56 1
56 32 1
32 79 1
79 32 1
32 83 1
83 32 1
32 86 1
86 32 1
32 99 1
99 32 1
32 108 1
108 32 1
32 170 -1
170 32 -1
32 187 1
187 32 1
33 34 1
34 33 1
33 37 -1
37 33 -1
33 48 1
48 33 1
33 49 1
49 33 1
33 53 1
53 33 1
33 56 -1
56 33 -1
33 57 1
57 33 1
33 68 -1
68 33 -1
33 69 1
69 33 1
33 74 1
74 33 1
33 81 1
81 33 1
33 97 1
97 33 1
33 100 1
100 33 1
33 106 -1
106 33 -1
33 114 1
114 33 1
33 129 1
129 33 1
33 141 1
141 33 1
33 148 1
148 33 1
33 161 -1
161 33 -1
33 171 -1
171 33 -1
33 192 1
192 33 1
33 195 1
195 33 1
33 196 1
196 33 1
33 198 1
198 33 1
33 199 -1
199 33 -1
34 36 -1
36 34 -1
34 38 1
38 34 1
34 40 -1
40 34 -1
34 46 1
46 34 1
34 52 1
52 34 1
34 55 1
55 34 1
34 56 1
56 34 1
34 64 -1
64 34 -1
34 67 1
67 34 1
34 70 1
70 34 1
34 72 1
72 34 1
34 73 1
73 34 1
34 82 -1
82 34 -1
34 91 1
91 34 1
34 111 -1
111 34 -1
34 116 1
116 34 1
34 118 1
118 34 1
34 122 1
122 34 1
34 127 1
127 34 1
34 134 1
134 34 1
34 136 1
136 34 1
34 138 -1
138 34 -1
34 142 -1
142 34 -1
34 143 -1
143 34 -1
34 145 1
145 34 1
34 149 -1
149 34 -1
34 153 1
153 34 1
34 157 -1
157 34 -1
34 161 1
161 34 1
34 164 1
164 34 1
34 169 1
169 34 1
34 179 -1
179 34 -1
34 186 1
186 34 1
34 195 -1
195 34 -1
34 196 -1
196 34 -1
34 200 1
200 34 1
35 41 1
41 35 1
35 63 1
63 35 1
35 73 -1
73 35 -1
35 84 -1
84 35 -1
35 93 -1
93 35 -1
35 94 1
94 35 1
35 96 1
96 35 1
35 98 -1
98 35 -1
35 121 -1
121 35 -1
35 126 1
126 35 1
35 127 1
127 35 1
35 134 1
134 35 1
35 136 1
136 35 1
35 139 -1
139 35 -1
35 141 -1
141 35 -1
35 142 1
142 35 1
35 145 -1
145 35 -1
35 150 -1
150 35 -1
35 154 -1
154 35 -1
35 155 1
155 35 1
35 164 1
164 35 1
35 166 1
166 35 1
35 170 1
170 35 1
35 172 1
172 35 1
35 185 1
185 35 1
35 200 1
200 35 1
36 84 1
84 36 1
36 93 1
93 36 1
36 113 1
113 36 1
36 116 -1
116 36 -1
36 146 1
146 36 1
36 147 1
147 36 1
36 161 1
161 36 1
36 173 1
173 36 1
36 177 1
177 36 1
36 184 1
184 36 1
37 48 1
48 37 1
37 49 1
49 37 1
37 56 1
56 37 1
37 57 -1
57 37 -1
37 69 1
69 37 1
37 75 -1
75 37 -1
37 97 1
97 37 1
37 100 -1
100 37 -1
37 114 1
114 37 1
37 123 1
123 37 1
37 129 1
129 37 1
37 179 -1
179 37 -1
37 186 -1
186 37 -1
37 196 -1
196 37 -1
37 198 1
198 37 1
38 73 1
73 38 1
38 75 -1
75 38 -1
38 128 -1
128 38 -1
38 142 -1
142 38 -1
38 163 1
163 38 1
38 186 1
186 38 1
38 195 1
195 38 1
39 42 1
42 39 1
39 45 -1
45 39 -1
39 58 -1
58 39 -1
39 60 -1
60 39 -1
39 62 1
62 39 1
39 75 1
75 39 1
39 88 -1
88 39 -1
39 89 1
89 39 1
39 98 1
98 39 1
39 108 1
108 39 1
39 118 1
118 39 1
39 144 -1
144 39 -1
39 159 -1
159 39 -1
39 167 -1
167 39 -1
39 175 1
175 39 1
39 188 -1
188 39 -1
39 189 1
189 39 1
40 45 1
45 40 1
40 53 -1
53 40 -1
40 75 1
75 40 1
40 78 1
78 40 1
40 85 -1
85 40 -1
40 106 1
106 40 1
40 107 1
107 40 1
40 121 1
121 40 1
40 131 1
131 40 1
40 148 -1
148 40 -1
41 55 1
55 41 1
41 56 1
56 41 1
41 65 1
65 41 1
41 84 1
84 41 1
41 85 1
85 41 1
41 100 -1
100 41 -1
41 116 1
116 41 1
41 125 1
125 41 1
41 145 1
145 41 1
41 172 1
172 41 1
41 191 1
191 41 1
42 62 1
62 42 1
42 64 -1
64 42 -1
42 69 -1
69 42 -1
42 83 1
83 42 1
42 86 1
86 42 1
42 98 1
98 42 1
42 103 -1
103 42 -1
42 108 1
108 42 1
42 120 1
120 42 1
42 144 1
144 42 1
42 158 -1
158 42 -1
42 159 1
159 42 1
42 160 1
160 42 1
42 188 -1
188 42 -1
42 189 1
189 42 1
42 200 -1
200 42 -1
43 47 -1
47 43 -1
43 56 -1
56 43 -1
43 80 1
80 43 1
43 94 1
94 43 1
43 108 -1
108 43 -1
43 122 1
122 43 1
43 141 -1
141 43 -1
43 142 1
142 43 1
43 155 1
155 43 1
43 160 1
160 43 1
43 179 -1
179 43 -1
43 200 1
200 43 1
44 56 -1
56 44 -1
44 64 -1
64 44 -1
44 75 1
75 44 1
44 104 1
104 44 1
44 107 1
107 44 1
44 112 1
112 44 1
44 116 -1
116 44 -1
44 121 1
121 44 1
44 133 1
133 44 1
44 139 1
139 44 1
44 140 -1
140 44 -1
44 146 1
146 44 1
44 148 -1
148 44 -1
44 154 1
154 44 1
44 177 1
177 44 1
45 59 -1
59 45 -1
45 71 1
71 45 1
45 75 1
75 45 1
45 78 1
78 45 1
45 104 1
104 45 1
45 105 -1
105 45 -1
45 106 -1
106 45 -1
45 107 1
107 45 1
45 111 -1
111 45 -1
45 116 -1
116 45 -1
45 117 -1
117 45 -1
45 119 -1
119 45 -1
45 122 -1
122 45 -1
45 124 1
124 45 1
45 131 1
131 45 1
45 133 1
133 45 1
45 136 -1
136 45 -1
45 137 1
137 45 1
45 139 1
139 45 1
45 140 1
140 45 1
45 154 -1
154 45 -1
45 157 -1
157 45 -1
45 160 -1
160 45 -1
45 162 1
162 45 1
45 167 1
167 45 1
45 171 1
171 45 1
45 176 1
176 45 1
45 177 1
177 45 1
45 179 -1
179 45 -1
45 193 1
193 45 1
45 198 -1
198 45 -1
46 55 1
55 46 1
46 56 1
56 46 1
46 84 -1
84 46 -1
46 103 -1
103 46 -1
46 111 -1
111 46 -1
46 114 1
114 46 1
46 117 1
117 46 1
46 136 1
136 46 1
46 168 -1
168 46 -1
46 169 -1
169 46 -1
46 174 -1
174 46 -1
46 179 1
179 46 1
46 195 1
195 46 1
46 200 1
200 46 1
47 53 1
53 47 1
47 69 1
69 47 1
47 97 1
97 47 1
47 106 -1
106 47 -1
47 114 1
114 47 1
47 134 -1
134 47 -1
47 192 -1
192 47 -1
48 50 -1
50 48 -1
48 57 -1
57 48 -1
48 69 1
69 48 1
48 74 -1
74 48 -1
48 96 -1
96 48 -1
48 97 1
97 48 1
48 100 1
100 48 1
48 134 1
134 48 1
48 192 1
192 48 1
48 194 -1
194 48 -1
49 69 -1
69 49 -1
49 74 1
74 49 1
49 84 -1
84 49 -1
49 88 -1
88 49 -1
49 91 1
91 49 1
49 107 -1
107 49 -1
49 114 1
114 49 1
49 197 -1
197 49 -1
49 198 -1
198 49 -1
49 199 -1
199 49 -1
50 67 1
67 50 1
50 84 -1
84 50 -1
50 93 1
93 50 1
50 108 -1
108 50 -1
50 141 -1
141 50 -1
50 146 -1
146 50 -1
50 152 1
152 50 1
50 184 -1
184 50 -1
50 190 1
190 50 1
50 196 -1
196 50 -1
50 197 1
197 50 1
51 69 1
69 51 1
51 74 -1
74 51 -1
51 114 1
114 51 1
51 129 -1
129 51 -1
51 142 1
142 51 1
51 162 -1
162 51 -1
51 163 -1
163 51 -1
52 64 1
64 52 1
52 72 1
72 52 1
52 83 -1
83 52 -1
52 95 1
95 52 1
52 101 -1
101 52 -1
52 186 -1
186 52 -1
53 75 -1
75 53 -1
53 100 1
100 53 1
53 127 1
127 53 1
53 129 1
129 53 1
53 170 -1
170 53 -1
53 196 1
196 53 1
54 64 1
64 54 1
54 80 1
80 54 1
54 93 -1
93 54 -1
54 111 -1
111 54 -1
54 116 1
116 54 1
54 124 -1
124 54 -1
54 146 -1
146 54 -1
54 155 1
155 54 1
54 166 -1
166 54 -1
55 56 -1
56 55 -1
55 60 -1
60 55 -1
55 72 1
72 55 1
55 75 -1
75 55 -1
55 80 1
80 55 1
55 92 -1
92 55 -1
55 96 1
96 55 1
55 116 1
116 55 1
55 125 -1
125 55 -1
55 130 1
130 55 1
55 132 1
132 55 1
55 136 -1
136 55 -1
55 142 1
142 55 1
55 145 1
145 55 1
55 151 -1
151 55 -1
55 156 -1
156 55 -1
55 160 1
160 55 1
55 165 1
165 55 1
55 166 1
166 55 1
55 181 -1
181 55 -1
55 195 1
195 55 1
55 200 1
200 55 1
56 58 1
58 56 1
56 59 -1
59 56 -1
56 63 1
63 56 1
56 64 1
64 56 1
56 65 1
65 56 1
56 66 -1
66 56 -1
56 70 1
70 56 1
56 72 1
72 56 1
56 73 1
73 56 1
56 82 1
82 56 1
56 84 -1
84 56 -1
56 94 1
94 56 1
56 101 -1
101 56 -1
56 105 -1
105 56 -1
56 116 -1
116 56 -1
56 117 1
117 56 1
56 122 1
122 56 1
56 125 -1
125 56 -1
56 126 1
126 56 1
56 134 1
134 56 1
56 135 1
135 56 1
56 136 1
136 56 1
56 142 -1
142 56 -1
56 148 1
148 56 1
56 161 -1
161 56 -1
56 166 -1
166 56 -1
56 172 1
172 56 1
56 174 -1
174 56 -1
56 176 -1
176 56 -1
56 178 1
178 56 1
56 186 1
186 56 1
56 187 -1
187 56 -1
56 188 -1
188 56 -1
56 194 1
194 56 1
56 200 1
200 56 1
57 69 1
69 57 1
57 76 1
76 57 1
57 97 1
97 57 1
57 114 1
114 57 1
57 117 -1
117 57 -1
57 129 -1
129 57 -1
57 130 1
130 57 1
57 142 1
142 57 1
57 189 -1
189 57 -1
57 198 1
198 57 1
57 199 1
199 57 1
58 64 -1
64 58 -1
58 106 -1
106 58 -1
58 111 1
111 58 1
58 122 1
122 58 1
58 123 -1
123 58 -1
58 126 1
126 58 1
58 127 1
127 58 1
58 134 1
134 58 1
58 136 1
136 58 1
58 142 1
142 58 1
58 145 1
145 58 1
58 153 1
153 58 1
58 155 1
155 58 1
58 164 1
164 58 1
58 165 1
165 58 1
58 172 1
172 58 1
58 186 1
186 58 1
58 194 1
194 58 1
59 75 1
75 59 1
59 78 -1
78 59 -1
59 106 1
106 59 1
59 115 -1
115 59 -1
59 133 1
133 59 1
59 153 -1
153 59 -1
59 167 1
167 59 1
59 177 1
177 59 1
59 185 -1
185 59 -1
59 194 -1
194 59 -1
59 200 -1
200 59 -1
60 68 1
68 60 1
60 70 1
70 60 1
60 76 1
76 60 1
60 111 1
111 60 1
60 117 1
117 60 1
60 126 1
126 60 1
60 127 1
127 60 1
60 136 1
136 60 1
60 144 -1
144 60 -1
60 158 1
158 60 1
60 185 -1
185 60 -1
60 191 1
191 60 1
60 194 1
194 60 1
61 82 -1
82 61 -1
61 89 1
89 61 1
61 92 1
92 61 1
61 102 -1
102 61 -1
61 104 -1
104 61 -1
61 113 1
113 61 1
61 145 -1
145 61 -1
61 146 -1
146 61 -1
61 149 1
149 61 1
61 150 1
150 61 1
61 151 1
151 61 1
61 157 1
157 61 1
61 161 1
161 61 1
61 181 1
181 61 1
61 184 1
184 61 1
61 187 -1
187 61 -1
61 190 1
190 61 1
61 192 -1
192 61 -1
61 197 1
197 61 1
62 81 1
81 62 1
62 86 1
86 62 1
62 99 1
99 62 1
62 108 1
108 62 1
62 115 1
115 62 1
62 151 -1
151 62 -1
62 153 1
153 62 1
62 157 -1
157 62 -1
62 175 1
175 62 1
62 186 -1
186 62 -1
62 189 1
189 62 1
63 80 1
80 63 1
63 111 1
111 63 1
63 115 -1
115 63 -1
63 136 1
136 63 1
63 139 1
139 63 1
63 142 1
142 63 1
63 153 1
153 63 1
63 163 1
163 63 1
63 166 1
166 63 1
63 172 1
172 63 1
63 179 1
179 63 1
63 188 -1
188 63 -1
63 195 1
195 63 1
63 198 -1
198 63 -1
64 65 -1
65 64 -1
64 66 -1
66 64 -1
64 68 1
68 64 1
64 72 1
72 64 1
64 73 1
73 64 1
64 76 1
76 64 1
64 77 -1
77 64 -1
64 87 -1
87 64 -1
64 89 -1
89 64 -1
64 97 -1
97 64 -1
64 111 1
111 64 1
64 117 -1
117 64 -1
64 125 1
125 64 1
64 134 1
134 64 1
64 136 1
136 64 1
64 145 -1
145 64 -1
64 160 1
160 64 1
64 161 1
161 64 1
64 163 1
163 64 1
64 169 -1
169 64 -1
64 170 1
170 64 1
64 184 -1
184 64 -1
64 185 1
185 64 1
64 186 1
186 64 1
64 190 -1
190 64 -1
65 111 1
111 65 1
65 113 -1
113 65 -1
65 117 1
117 65 1
65 134 1
134 65 1
65 136 1
136 65 1
65 140 -1
140 65 -1
65 145 1
145 65 1
65 167 1
167 65 1
65 168 -1
168 65 -1
65 179 1
179 65 1
65 186 -1
186 65 -1
66 84 -1
84 66 -1
66 96 -1
96 66 -1
66 125 -1
125 66 -1
66 127 1
127 66 1
66 135 1
135 66 1
66 141 1
141 66 1
66 148 1
148 66 1
66 175 -1
175 66 -1
66 176 -1
176 66 -1
66 179 1
179 66 1
66 195 1
195 66 1
67 82 1
82 67 1
67 93 -1
93 67 -1
67 98 -1
98 67 -1
67 111 1
111 67 1
67 145 1
145 67 1
67 170 1
170 67 1
68 109 -1
109 68 -1
68 117 1
117 68 1
68 136 1
136 68 1
68 169 1
169 68 1
68 172 1
172 68 1
68 176 -1
176 68 -1
68 179 1
179 68 1
68 200 1
200 68 1
69 74 -1
74 69 -1
69 93 1
93 69 1
69 97 1
97 69 1
69 99 1
99 69 1
69 100 -1
100 69 -1
69 101 -1
101 69 -1
69 114 1
114 69 1
69 121 -1
121 69 -1
69 123 1
123 69 1
69 129 1
129 69 1
69 135 -1
135 69 -1
69 136 -1
136 69 -1
69 184 -1
184 69 -1
69 186 -1
186 69 -1
69 192 -1
192 69 -1
69 196 1
196 69 1
69 198 1
198 69 1
69 199 -1
199 69 -1
70 72 1
72 70 1
70 92 -1
92 70 -1
70 94 1
94 70 1
70 136 1
136 70 1
70 142 1
142 70 1
70 144 -1
144 70 -1
70 167 -1
167 70 -1
70 179 1
179 70 1
70 200 1
200 70 1
71 78 1
78 71 1
71 89 1
89 71 1
71 103 -1
103 71 -1
71 106 1
106 71 1
71 121 -1
121 71 -1
71 132 1
132 71 1
71 133 1
133 71 1
71 155 -1
155 71 -1
71 167 1
167 71 1
72 86 -1
86 72 -1
72 96 1
96 72 1
72 126 1
126 72 1
72 129 -1
129 72 -1
72 134 1
134 72 1
72 165 1
165 72 1
72 167 1
167 72 1
72 182 -1
182 72 -1
72 195 1
195 72 1
73 75 -1
75 73 -1
73 94 -1
94 73 -1
73 136 1
136 73 1
73 145 1
145 73 1
73 155 1
155 73 1
73 156 -1
156 73 -1
73 160 1
160 73 1
73 161 -1
161 73 -1
73 183 -1
183 73 -1
73 189 1
189 73 1
73 191 1
191 73 1
73 195 1
195 73 1
73 199 -1
199 73 -1
73 200 -1
200 73 -1
74 96 1
96 74 1
74 114 1
114 74 1
74 129 1
129 74 1
74 133 -1
133 74 -1
74 165 -1
165 74 -1
74 166 -1
166 74 -1
74 196 1
196 74 1
74 198 1
198 74 1
75 104 1
104 75 1
75 106 1
106 75 1
75 121 1
121 75 1
75 124 1
124 75 1
75 133 1
133 75 1
75 139 -1
139 75 -1
75 154 1
154 75 1
75 162 1
162 75 1
75 167 1
167 75 1
75 171 1
171 75 1
75 177 1
177 75 1
76 109 -1
109 76 -1
76 111 1
111 76 1
76 136 1
136 76 1
76 138 -1
138 76 -1
76 145 -1
145 76 -1
76 160 1
160 76 1
76 165 1
165 76 1
76 188 -1
188 76 -1
76 195 1
195 76 1
77 78 -1
78 77 -1
77 81 1
81 77 1
77 108 1
108 77 1
77 120 1
120 77 1
77 129 1
129 77 1
77 143 1
143 77 1
77 144 1
144 77 1
77 158 1
158 77 1
77 175 1
175 77 1
78 84 -1
84 78 -1
78 106 -1
106 78 -1
78 133 1
133 78 1
78 154 1
154 78 1
78 176 1
176 78 1
78 196 -1
196 78 -1
78 199 -1
199 78 -1
79 95 1
95 79 1
79 108 -1
108 79 -1
79 120 1
120 79 1
79 150 -1
150 79 -1
79 158 1
158 79 1
79 168 1
168 79 1
79 173 -1
173 79 -1
79 180 1
180 79 1
79 182 -1
182 79 -1
79 188 1
188 79 1
79 189 1
189 79 1
79 196 -1
196 79 -1
80 116 1
116 80 1
80 143 -1
143 80 -1
80 166 1
166 80 1
80 195 1
195 80 1
81 88 1
88 81 1
81 100 -1
100 81 -1
81 103 -1
103 81 -1
81 108 1
108 81 1
81 168 1
168 81 1
82 116 1
116 82 1
82 135 1
135 82 1
82 142 1
142 82 1
82 146 -1
146 82 -1
82 151 -1
151 82 -1
82 155 1
155 82 1
82 162 1
162 82 1
82 165 1
165 82 1
83 88 1
88 83 1
83 90 1
90 83 1
83 95 1
95 83 1
83 103 -1
103 83 -1
83 108 1
108 83 1
83 116 -1
116 83 -1
83 120 1
120 83 1
83 128 1
128 83 1
83 142 -1
142 83 -1
83 144 -1
144 83 -1
83 180 1
180 83 1
83 181 1
181 83 1
83 182 1
182 83 1
83 188 1
188 83 1
83 189 1
189 83 1
84 85 1
85 84 1
84 92 1
92 84 1
84 93 1
93 84 1
84 97 -1
97 84 -1
84 102 1
102 84 1
84 138 -1
138 84 -1
84 141 -1
141 84 -1
84 146 1
146 84 1
84 149 1
149 84 1
84 150 1
150 84 1
84 151 1
151 84 1
84 152 1
152 84 1
84 156 1
156 84 1
84 157 1
157 84 1
84 161 1
161 84 1
84 163 -1
163 84 -1
84 171 -1
171 84 -1
84 174 1
174 84 1
84 177 -1
177 84 -1
84 183 1
183 84 1
84 184 1
184 84 1
84 190 -1
190 84 -1
84 197 1
197 84 1
85 93 1
93 85 1
85 94 -1
94 85 -1
85 108 -1
108 85 -1
85 113 -1
113 85 -1
85 141 1
141 85 1
85 146 -1
146 85 -1
85 150 1
150 85 1
85 151 1
151 85 1
85 152 1
152 85 1
85 161 1
161 85 1
85 184 1
184 85 1
85 193 1
193 85 1
86 90 1
90 86 1
86 92 -1
92 86 -1
86 103 1
103 86 1
86 116 -1
116 86 -1
86 118 1
118 86 1
86 120 -1
120 86 -1
86 148 -1
148 86 -1
86 158 1
158 86 1
86 159 -1
159 86 -1
86 160 -1
160 86 -1
86 181 1
181 86 1
86 189 1
189 86 1
87 88 -1
88 87 -1
87 90 1
90 87 1
87 91 -1
91 87 -1
87 95 1
95 87 1
87 103 -1
103 87 -1
87 113 -1
113 87 -1
87 159 1
159 87 1
87 178 1
178 87 1
87 189 1
189 87 1
88 89 1
89 88 1
88 90 1
90 88 1
88 98 1
98 88 1
88 103 1
103 88 1
88 105 -1
105 88 -1
88 108 1
108 88 1
88 110 1
110 88 1
88 116 -1
116 88 -1
88 118 1
118 88 1
88 119 1
119 88 1
88 120 1
120 88 1
88 121 -1
121 88 -1
88 136 -1
136 88 -1
88 143 1
143 88 1
88 144 1
144 88 1
88 145 -1
145 88 -1
88 159 1
159 88 1
88 166 -1
166 88 -1
88 170 -1
170 88 -1
88 180 1
180 88 1
88 181 1
181 88 1
88 188 1
188 88 1
88 189 1
189 88 1
89 103 1
103 89 1
89 118 -1
118 89 -1
89 158 -1
158 89 -1
89 180 1
180 89 1
89 181 1
181 89 1
89 182 1
182 89 1
89 186 -1
186 89 -1
89 188 1
188 89 1
90 96 -1
96 90 -1
90 103 1
103 90 1
90 106 1
106 90 1
90 108 1
108 90 1
90 110 1
110 90 1
90 118 1
118 90 1
90 119 -1
119 90 -1
90 122 -1
122 90 -1
90 130 1
130 90 1
90 142 1
142 90 1
90 159 1
159 90 1
90 168 1
168 90 1
90 175 1
175 90 1
90 178 1
178 90 1
90 179 -1
179 90 -1
90 180 1
180 90 1
90 182 1
182 90 1
90 188 1
188 90 1
90 189 1
189 90 1
90 191 -1
191 90 -1
90 195 1
195 90 1
90 197 -1
197 90 -1
91 114 -1
114 91 -1
91 116 1
116 91 1
91 118 -1
118 91 -1
91 136 -1
136 91 -1
91 142 1
142 91 1
91 145 1
145 91 1
91 155 -1
155 91 -1
91 163 1
163 91 1
91 170 -1
170 91 -1
91 189 -1
189 91 -1
91 191 1
191 91 1
92 93 1
93 92 1
92 108 -1
108 92 -1
92 136 -1
136 92 -1
92 138 1
138 92 1
92 141 1
141 92 1
92 146 1
146 92 1
92 152 -1
152 92 -1
92 156 1
156 92 1
92 161 -1
161 92 -1
92 174 1
174 92 1
92 180 -1
180 92 -1
92 184 -1
184 92 -1
92 190 1
190 92 1
92 195 -1
195 92 -1
93 100 -1
100 93 -1
93 102 -1
102 93 -1
93 113 1
113 93 1
93 136 -1
136 93 -1
93 141 1
141 93 1
93 146 1
146 93 1
93 149 1
149 93 1
93 150 1
150 93 1
93 151 -1
151 93 -1
93 152 1
152 93 1
93 156 -1
156 93 -1
93 157 1
157 93 1
93 159 -1
159 93 -1
93 161 -1
161 93 -1
93 173 -1
173 93 -1
93 174 1
174 93 1
93 179 1
179 93 1
93 183 1
183 93 1
93 191 -1
191 93 -1
93 197 1
197 93 1
93 200 -1
200 93 -1
94 98 -1
98 94 -1
94 108 -1
108 94 -1
94 111 1
111 94 1
94 116 1
116 94 1
94 136 1
136 94 1
94 142 -1
142 94 -1
94 172 1
172 94 1
94 189 -1
189 94 -1
94 194 1
194 94 1
95 103 1
103 95 1
95 108 1
108 95 1
95 114 -1
114 95 -1
95 130 1
130 95 1
95 133 -1
133 95 -1
95 159 -1
159 95 -1
95 176 -1
176 95 -1
95 188 1
188 95 1
95 189 1
189 95 1
96 100 -1
100 96 -1
96 108 -1
108 96 -1
96 111 1
111 96 1
96 116 -1
116 96 -1
96 136 1
136 96 1
96 142 1
142 96 1
96 145 1
145 96 1
96 155 1
155 96 1
96 165 1
165 96 1
96 179 1
179 96 1
96 199 -1
199 96 -1
97 100 1
100 97 1
97 101 1
101 97 1
97 111 -1
111 97 -1
97 114 1
114 97 1
97 123 1
123 97 1
97 129 1
129 97 1
97 142 -1
142 97 -1
97 194 -1
194 97 -1
97 196 1
196 97 1
98 103 1
103 98 1
98 107 1
107 98 1
98 108 1
108 98 1
98 120 1
120 98 1
98 143 1
143 98 1
98 158 1
158 98 1
98 159 -1
159 98 -1
98 165 -1
165 98 -1
98 187 1
187 98 1
98 188 1
188 98 1
98 189 1
189 98 1
99 103 1
103 99 1
99 120 1
120 99 1
99 131 -1
131 99 -1
99 158 1
158 99 1
99 181 1
181 99 1
99 187 1
187 99 1
99 200 -1
200 99 -1
100 101 1
101 100 1
100 114 1
114 100 1
100 136 -1
136 100 -1
100 149 -1
149 100 -1
101 129 1
129 101 1
101 190 -1
190 101 -1
101 196 1
196 101 1
102 126 -1
126 102 -1
102 146 1
146 102 1
102 150 1
150 102 1
102 158 -1
158 102 -1
102 161 1
161 102 1
102 184 1
184 102 1
103 108 -1
108 103 -1
103 110 1
110 103 1
103 111 -1
111 103 -1
103 115 1
115 103 1
103 118 -1
118 103 -1
103 127 -1
127 103 -1
103 134 -1
134 103 -1
103 136 -1
136 103 -1
103 144 1
144 103 1
103 145 -1
145 103 -1
103 147 -1
147 103 -1
103 168 1
168 103 1
103 170 1
170 103 1
103 175 -1
175 103 -1
103 178 1
178 103 1
103 180 1
180 103 1
103 181 1
181 103 1
103 188 -1
188 103 -1
103 189 1
189 103 1
103 191 -1
191 103 -1
104 105 1
105 104 1
104 110 1
110 104 1
104 128 1
128 104 1
104 133 1
133 104 1
104 167 1
167 104 1
104 172 -1
172 104 -1
105 106 1
106 105 1
105 121 1
121 105 1
105 133 -1
133 105 -1
105 140 1
140 105 1
105 176 1
176 105 1
106 107 1
107 106 1
106 112 -1
112 106 -1
106 121 1
121 106 1
106 128 1
128 106 1
106 131 1
131 106 1
106 132 1
132 106 1
106 133 1
133 106 1
106 137 1
137 106 1
106 139 1
139 106 1
106 140 1
140 106 1
106 144 -1
144 106 -1
106 145 -1
145 106 -1
106 154 1
154 106 1
106 162 1
162 106 1
106 166 -1
166 106 -1
106 167 1
167 106 1
106 171 1
171 106 1
106 176 -1
176 106 -1
106 193 1
193 106 1
107 109 -1
109 107 -1
107 121 1
121 107 1
107 124 1
124 107 1
107 133 1
133 107 1
107 145 -1
145 107 -1
107 154 1
154 107 1
107 176 -1
176 107 -1
108 110 1
110 108 1
108 118 -1
118 108 -1
108 119 1
119 108 1
108 130 1
130 108 1
108 133 -1
133 108 -1
108 139 -1
139 108 -1
108 143 1
143 108 1
108 144 1
144 108 1
108 146 1
146 108 1
108 158 1
158 108 1
108 175 1
175 108 1
108 177 -1
177 108 -1
108 180 1
180 108 1
108 181 1
181 108 1
108 187 1
187 108 1
108 188 -1
188 108 -1
108 189 1
189 108 1
108 200 -1
200 108 -1
109 121 1
121 109 1
109 127 -1
127 109 -1
109 128 -1
128 109 -1
109 133 1
133 109 1
110 118 1
118 110 1
110 125 1
125 110 1
110 136 -1
136 110 -1
110 158 1
158 110 1
110 159 1
159 110 1
110 163 -1
163 110 -1
110 188 1
188 110 1
111 116 1
116 111 1
111 126 1
126 111 1
111 133 -1
133 111 -1
111 136 1
136 111 1
111 146 1
146 111 1
111 148 -1
148 111 -1
111 172 -1
172 111 -1
111 186 1
186 111 1
111 188 -1
188 111 -1
111 189 -1
189 111 -1
112 123 1
123 112 1
112 131 1
131 112 1
112 133 1
133 112 1
112 137 1
137 112 1
112 167 1
167 112 1
113 125 -1
125 113 -1
113 141 1
141 113 1
113 142 1
142 113 1
113 146 1
146 113 1
113 147 1
147 113 1
113 150 1
150 113 1
113 156 1
156 113 1
113 161 1
161 113 1
113 174 1
174 113 1
113 183 1
183 113 1
113 184 1
184 113 1
113 190 1
190 113 1
113 197 1
197 113 1
113 198 -1
198 113 -1
114 116 1
116 114 1
114 129 1
129 114 1
114 169 -1
169 114 -1
114 184 -1
184 114 -1
114 196 1
196 114 1
114 198 1
198 114 1
114 199 1
199 114 1
115 151 -1
151 115 -1
115 159 1
159 115 1
115 168 1
168 115 1
115 178 -1
178 115 -1
115 181 -1
181 115 -1
116 117 1
117 116 1
116 125 1
125 116 1
116 126 1
126 116 1
116 132 -1
132 116 -1
116 135 1
135 116 1
116 136 1
136 116 1
116 137 -1
137 116 -1
116 141 -1
141 116 -1
116 142 1
142 116 1
116 145 1
145 116 1
116 148 -1
148 116 -1
116 160 -1
160 116 -1
116 161 -1
161 116 -1
116 164 1
164 116 1
116 165 1
165 116 1
116 169 1
169 116 1
116 170 1
170 116 1
116 179 1
179 116 1
116 186 1
186 116 1
116 194 1
194 116 1
116 200 1
200 116 1
117 132 -1
132 117 -1
117 142 1
142 117 1
117 151 -1
151 117 -1
117 185 1
185 117 1
117 186 1
186 117 1
118 120 1
120 118 1
118 132 -1
132 118 -1
118 136 -1
136 118 -1
118 144 1
144 118 1
118 158 1
158 118 1
118 159 1
159 118 1
118 168 1
168 118 1
118 172 -1
172 118 -1
118 175 1
175 118 1
118 178 1
178 118 1
118 180 1
180 118 1
118 187 1
187 118 1
118 188 1
188 118 1
118 189 -1
189 118 -1
118 194 -1
194 118 -1
119 120 -1
120 119 -1
119 143 1
143 119 1
119 146 1
146 119 1
119 159 -1
159 119 -1
119 185 -1
185 119 -1
119 188 1
188 119 1
120 130 1
130 120 1
120 154 -1
154 120 -1
120 158 1
158 120 1
120 161 -1
161 120 -1
120 186 -1
186 120 -1
120 187 1
187 120 1
120 189 1
189 120 1
120 192 -1
192 120 -1
121 133 1
133 121 1
121 137 -1
137 121 -1
121 140 1
140 121 1
121 154 1
154 121 1
121 167 -1
167 121 -1
121 186 -1
186 121 -1
121 197 -1
197 121 -1
121 200 -1
200 121 -1
122 136 1
136 122 1
122 194 1
194 122 1
123 136 1
136 123 1
123 196 1
196 123 1
123 198 1
198 123 1
123 199 1
199 123 1
124 132 1
132 124 1
124 133 1
133 124 1
124 140 1
140 124 1
124 152 -1
152 124 -1
124 176 1
176 124 1
124 179 -1
179 124 -1
125 128 -1
128 125 -1
125 141 -1
141 125 -1
125 142 -1
142 125 -1
125 148 1
148 125 1
125 165 -1
165 125 -1
125 188 -1
188 125 -1
126 133 -1
133 126 -1
126 163 1
163 126 1
126 175 -1
175 126 -1
126 186 1
186 126 1
127 150 -1
150 127 -1
127 165 1
165 127 1
127 178 -1
178 127 -1
127 179 1
179 127 1
128 133 1
133 128 1
128 167 1
167 128 1
129 181 -1
181 129 -1
130 144 1
144 130 1
130 158 1
158 130 1
130 168 -1
168 130 -1
130 180 1
180 130 1
130 195 1
195 130 1
131 133 1
133 131 1
131 136 1
136 131 1
131 152 -1
152 131 -1
131 167 1
167 131 1
131 176 1
176 131 1
132 133 -1
133 132 -1
132 167 -1
167 132 -1
133 136 -1
136 133 -1
133 137 1
137 133 1
133 139 1
139 133 1
133 140 1
140 133 1
133 154 1
154 133 1
133 158 -1
158 133 -1
133 162 1
162 133 1
133 164 -1
164 133 -1
133 166 -1
166 133 -1
133 167 1
167 133 1
133 171 1
171 133 1
133 176 1
176 133 1
133 177 1
177 133 1
133 179 1
179 133 1
133 180 -1
180 133 -1
133 187 -1
187 133 -1
133 193 1
193 133 1
134 135 1
135 134 1
134 136 1
136 134 1
134 142 1
142 134 1
134 145 1
145 134 1
134 149 -1
149 134 -1
134 161 -1
161 134 -1
134 170 1
170 134 1
134 184 -1
184 134 -1
134 195 1
195 134 1
135 136 1
136 135 1
135 167 -1
167 135 -1
135 175 -1
175 135 -1
135 179 1
179 135 1
135 181 -1
181 135 -1
136 142 1
142 136 1
136 145 1
145 136 1
136 160 1
160 136 1
136 161 -1
161 136 -1
136 166 1
166 136 1
136 181 -1
181 136 -1
136 186 1
186 136 1
136 195 1
195 136 1
136 200 1
200 136 1
137 143 1
143 137 1
137 154 1
154 137 1
137 162 1
162 137 1
137 176 1
176 137 1
138 146 1
146 138 1
138 149 1
149 138 1
138 150 1
150 138 1
138 161 1
161 138 1
138 175 -1
175 138 -1
138 178 -1
178 138 -1
138 184 1
184 138 1
138 190 1
190 138 1
138 197 1
197 138 1
139 154 1
154 139 1
139 167 1
167 139 1
139 192 -1
192 139 -1
140 176 1
176 140 1
140 187 -1
187 140 -1
141 146 1
146 141 1
141 147 1
147 141 1
141 149 1
149 141 1
141 150 -1
150 141 -1
141 152 1
152 141 1
141 154 -1
154 141 -1
141 156 -1
156 141 -1
141 159 -1
159 141 -1
141 161 1
161 141 1
141 164 -1
164 141 -1
141 174 1
174 141 1
141 183 1
183 141 1
141 184 1
184 141 1
141 190 1
190 141 1
142 145 1
145 142 1
142 150 -1
150 142 -1
142 159 -1
159 142 -1
142 164 1
164 142 1
142 169 1
169 142 1
142 174 -1
174 142 -1
142 186 1
186 142 1
142 189 -1
189 142 -1
142 200 1
200 142 1
143 159 1
159 143 1
143 175 1
175 143 1
143 180 1
180 143 1
143 182 1
182 143 1
143 188 1
188 143 1
144 155 -1
155 144 -1
144 158 -1
158 144 -1
144 159 1
159 144 1
144 161 -1
161 144 -1
144 181 1
181 144 1
144 184 -1
184 144 -1
144 186 -1
186 144 -1
144 187 1
187 144 1
144 188 1
188 144 1
144 189 1
189 144 1
145 148 -1
148 145 -1
145 153 1
153 145 1
145 159 -1
159 145 -1
145 162 -1
162 145 -1
145 164 1
164 145 1
145 169 -1
169 145 -1
145 171 -1
171 145 -1
145 172 1
172 145 1
145 173 -1
173 145 -1
145 176 -1
176 145 -1
145 186 1
186 145 1
145 191 1
191 145 1
146 147 -1
147 146 -1
146 149 1
149 146 1
146 150 1
150 146 1
146 151 1
151 146 1
146 152 1
152 146 1
146 156 1
156 146 1
146 157 1
157 146 1
146 158 -1
158 146 -1
146 161 1
161 146 1
146 170 -1
170 146 -1
146 173 1
173 146 1
146 174 -1
174 146 -1
146 183 1
183 146 1
146 184 1
184 146 1
146 186 -1
186 146 -1
146 190 1
190 146 1
146 197 1
197 146 1
147 150 1
150 147 1
147 152 1
152 147 1
147 161 1
161 147 1
147 173 1
173 147 1
147 196 -1
196 147 -1
147 197 1
197 147 1
148 186 1
186 148 1
148 200 1
200 148 1
149 151 -1
151 149 -1
149 161 1
161 149 1
149 179 -1
179 149 -1
150 161 1
161 150 1
150 162 -1
162 150 -1
150 183 1
183 150 1
150 184 1
184 150 1
150 190 1
190 150 1
151 156 1
156 151 1
151 157 -1
157 151 -1
151 173 1
173 151 1
151 174 1
174 151 1
151 183 1
183 151 1
151 184 1
184 151 1
151 185 -1
185 151 -1
151 190 1
190 151 1
152 155 -1
155 152 -1
152 161 -1
161 152 -1
152 189 -1
189 152 -1
153 160 1
160 153 1
153 170 1
170 153 1
153 172 1
172 153 1
153 179 -1
179 153 -1
153 198 -1
198 153 -1
154 160 -1
160 154 -1
154 161 -1
161 154 -1
154 167 1
167 154 1
154 172 -1
172 154 -1
154 183 -1
183 154 -1
155 164 1
164 155 1
155 169 1
169 155 1
155 175 -1
175 155 -1
156 161 1
161 156 1
156 170 -1
170 156 -1
156 184 1
184 156 1
157 161 1
161 157 1
158 186 -1
186 158 -1
158 189 1
189 158 1
158 193 -1
193 158 -1
159 178 -1
178 159 -1
159 187 1
187 159 1
159 189 1
189 159 1
159 195 -1
195 159 -1
160 165 1
165 160 1
161 173 -1
173 161 -1
161 183 1
183 161 1
161 184 1
184 161 1
161 188 -1
188 161 -1
161 190 1
190 161 1
161 197 1
197 161 1
162 177 1
177 162 1
164 172 -1
172 164 -1
164 186 -1
186 164 -1
164 189 -1
189 164 -1
164 200 1
200 164 1
165 179 1
179 165 1
165 188 1
188 165 1
165 190 -1
190 165 -1
165 192 -1
192 165 -1
166 186 1
186 166 1
167 184 -1
184 167 -1
167 193 1
193 167 1
168 189 1
189 168 1
170 179 -1
179 170 -1
170 186 1
186 170 1
170 194 1
194 170 1
170 200 1
200 170 1
172 179 1
179 172 1
172 185 1
185 172 1
172 190 -1
190 172 -1
173 180 -1
180 173 -1
174 184 -1
184 174 -1
175 181 -1
181 175 -1
175 188 1
188 175 1
177 193 -1
193 177 -1
178 187 -1
187 178 -1
178 197 1
197 178 1
179 200 1
200 179 1
180 188 1
188 180 1
180 189 1
189 180 1
181 188 1
188 181 1
181 189 1
189 181 1
182 188 1
188 182 1
182 189 -1
189 182 -1
182 190 -1
190 182 -1
182 200 -1
200 182 -1
184 186 -1
186 184 -1
184 190 -1
190 184 -1
185 200 1
200 185 1
186 187 1
187 186 1
186 194 1
194 186 1
186 195 1
195 186 1
186 200 -1
200 186 -1
188 200 -1
200 188 -1
192 196 1
196 192 1
192 198 1
198 192 1
192 199 1
199 192 1
193 200 1
200 193 1
196 199 1
199 196 1
198 199 1
199 198 1
