1 4 1
4 1 1
1 10 1
10 1 1
1 22 1
22 1 1
1 57 1
57 1 1
1 66 1
66 1 1
1 70 1
70 1 1
1 102 1
102 1 1
1 113 1
113 1 1
1 116 -1
116 1 -1
1 118 -1
118 1 -1
1 132 -1
132 1 -1
1 149 -1
149 1 -1
1 151 1
151 1 1
1 162 1
162 1 1
1 164 -1
164 1 -1
1 167 1
167 1 1
1 177 1
177 1 1
1 183 1
183 1 1
1 197 1
197 1 1
2 6 -1
6 2 -1
2 11 1
11 2 1
2 14 1
14 2 1
2 20 1
20 2 1
2 33 1
33 2 1
2 41 -1
41 2 -1
2 43 -1
43 2 -1
2 46 1
46 2 1
2 52 -1
52 2 -1
2 85 1
85 2 1
2 88 1
88 2 1
2 89 1
89 2 1
2 96 -1
96 2 -1
2 102 1
102 2 1
2 112 -1
112 2 -1
2 115 -1
115 2 -1
2 116 -1
116 2 -1
2 119 1
119 2 1
2 120 1
120 2 1
2 126 -1
126 2 -1
2 145 1
145 2 1
2 147 1
147 2 1
2 160 -1
160 2 -1
2 166 1
166 2 1
2 167 -1
167 2 -1
2 175 1
175 2 1
2 176 1
176 2 1
2 180 -1
180 2 -1
2 198 1
198 2 1
2 200 1
200 2 1
3 21 -1
21 3 -1
3 23 -1
23 3 -1
3 36 1
36 3 1
3 52 -1
52 3 -1
3 71 1
71 3 1
3 105 1
105 3 1
3 112 1
112 3 1
3 131 1
131 3 1
3 132 1
132 3 1
3 147 1
147 3 1
3 168 -1
168 3 -1
3 184 1
184 3 1
4 11 -1
11 4 -1
4 57 -1
57 4 -1
4 63 -1
63 4 -1
4 66 -1
66 4 -1
4 70 1
70 4 1
4 108 1
108 4 1
4 118 -1
118 4 -1
4 121 1
121 4 1
4 123 -1
123 4 -1
4 135 -1
135 4 -1
4 136 -1
136 4 -1
4 143 -1
143 4 -1
4 162 1
162 4 1
4 167 1
167 4 1
4 177 1
177 4 1
4 183 1
183 4 1
4 191 1
191 4 1
4 193 -1
193 4 -1
5 22 1
22 5 1
5 79 -1
79 5 -1
5 83 -1
83 5 -1
5 84 1
84 5 1
5 91 -1
91 5 -1
5 94 1
94 5 1
5 135 1
135 5 1
5 148 1
148 5 1
5 152 -1
152 5 -1
5 164 1
164 5 1
5 173 1
173 5 1
6 10 -1
10 6 -1
6 11 1
11 6 1
6 14 1
14 6 1
6 17 -1
17 6 -1
6 20 1
20 6 1
6 33 1
33 6 1
6 44 1
44 6 1
6 46 1
46 6 1
6 52 -1
52 6 -1
6 53 -1
53 6 -1
6 54 1
54 6 1
6 63 -1
63 6 -1
6 84 -1
84 6 -1
6 85 1
85 6 1
6 89 1
89 6 1
6 102 -1
102 6 -1
6 119 1
119 6 1
6 120 1
120 6 1
6 123 1
123 6 1
6 126 1
126 6 1
6 130 1
130 6 1
6 139 -1
139 6 -1
6 145 1
145 6 1
6 166 1
166 6 1
6 175 -1
175 6 -1
6 176 -1
176 6 -1
6 178 1
178 6 1
6 182 1
182 6 1
6 184 -1
184 6 -1
6 185 -1
185 6 -1
6 186 -1
186 6 -1
6 198 1
198 6 1
6 200 1
200 6 1
7 16 -1
16 7 -1
7 23 1
23 7 1
7 24 1
24 7 1
7 29 -1
29 7 -1
7 55 1
55 7 1
7 69 -1
69 7 -1
7 75 1
75 7 1
7 100 -1
100 7 -1
7 112 -1
112 7 -1
7 126 1
126 7 1
7 131 1
131 7 1
7 137 1
137 7 1
7 147 1
147 7 1
7 154 1
154 7 1
7 199 1
199 7 1
7 200 -1
200 7 -1
8 13 1
13 8 1
8 15 1
15 8 1
8 18 -1
18 8 -1
8 23 -1
23 8 -1
8 28 1
28 8 1
8 32 1
32 8 1
8 33 -1
33 8 -1
8 37 1
37 8 1
8 38 1
38 8 1
8 45 -1
45 8 -1
8 52 1
52 8 1
8 54 -1
54 8 -1
8 61 -1
61 8 -1
8 64 -1
64 8 -1
8 75 -1
75 8 -1
8 79 1
79 8 1
8 81 1
81 8 1
8 83 1
83 8 1
8 87 -1
87 8 -1
8 90 -1
90 8 -1
8 92 1
92 8 1
8 93 1
93 8 1
8 97 1
97 8 1
8 100 1
100 8 1
8 106 1
106 8 1
8 107 1
107 8 1
8 111 1
111 8 1
8 114 1
114 8 1
8 124 1
124 8 1
8 127 1
127 8 1
8 129 1
129 8 1
8 133 1
133 8 1
8 134 1
134 8 1
8 136 1
136 8 1
8 138 1
138 8 1
8 139 -1
139 8 -1
8 144 -1
144 8 -1
8 149 1
149 8 1
8 150 1
150 8 1
8 156 1
156 8 1
8 158 1
158 8 1
8 163 1
163 8 1
8 170 -1
170 8 -1
8 172 1
172 8 1
8 173 1
173 8 1
8 180 1
180 8 1
8 181 -1
181 8 -1
8 194 1
194 8 1
9 26 -1
26 9 -1
9 42 1
42 9 1
9 68 1
68 9 1
9 103 1
103 9 1
9 109 1
109 9 1
9 110 1
110 9 1
9 112 -1
112 9 -1
9 128 1
128 9 1
9 181 1
181 9 1
9 198 -1
198 9 -1
10 22 1
22 10 1
10 56 -1
56 10 -1
10 57 1
57 10 1
10 58 1
58 10 1
10 66 -1
66 10 -1
10 70 1
70 10 1
10 79 -1
79 10 -1
10 91 -1
91 10 -1
10 92 -1
92 10 -1
10 108 1
108 10 1
10 113 1
113 10 1
10 118 1
118 10 1
10 121 1
121 10 1
10 129 -1
129 10 -1
10 167 1
167 10 1
10 177 1
177 10 1
10 183 1
183 10 1
10 191 1
191 10 1
10 200 -1
200 10 -1
11 14 1
14 11 1
11 20 1
20 11 1
11 23 -1
23 11 -1
11 30 1
30 11 1
11 31 -1
31 11 -1
11 33 -1
33 11 -1
11 42 -1
42 11 -1
11 46 1
46 11 1
11 48 1
48 11 1
11 52 -1
52 11 -1
11 54 1
54 11 1
11 81 -1
81 11 -1
11 83 -1
83 11 -1
11 85 1
85 11 1
11 88 1
88 11 1
11 89 1
89 11 1
11 102 -1
102 11 -1
11 119 1
119 11 1
11 120 1
120 11 1
11 123 -1
123 11 -1
11 130 1
130 11 1
11 141 -1
141 11 -1
11 143 -1
143 11 -1
11 145 1
145 11 1
11 166 1
166 11 1
11 175 1
175 11 1
11 176 -1
176 11 -1
11 178 1
178 11 1
11 193 -1
193 11 -1
11 198 1
198 11 1
11 200 1
200 11 1
12 16 1
16 12 1
12 47 1
47 12 1
12 50 -1
50 12 -1
12 77 1
77 12 1
12 80 1
80 12 1
12 84 1
84 12 1
12 94 1
94 12 1
12 96 -1
96 12 -1
12 104 1
104 12 1
12 139 -1
139 12 -1
12 148 1
148 12 1
12 164 1
164 12 1
12 165 -1
165 12 -1
12 173 1
173 12 1
12 185 1
185 12 1
13 38 1
38 13 1
13 52 1
52 13 1
13 79 1
79 13 1
13 90 -1
90 13 -1
13 104 -1
104 13 -1
13 129 1
129 13 1
13 139 -1
139 13 -1
13 169 -1
169 13 -1
13 191 -1
191 13 -1
14 20 1
20 14 1
14 33 1
33 14 1
14 46 1
46 14 1
14 54 1
54 14 1
14 63 1
63 14 1
14 88 1
88 14 1
14 89 1
89 14 1
14 105 -1
105 14 -1
14 119 1
119 14 1
14 120 1
120 14 1
14 122 -1
122 14 -1
14 126 1
126 14 1
14 135 -1
135 14 -1
14 145 1
145 14 1
14 147 1
147 14 1
14 158 -1
158 14 -1
14 164 -1
164 14 -1
14 166 1
166 14 1
14 169 1
169 14 1
14 175 -1
175 14 -1
14 176 1
176 14 1
14 178 1
178 14 1
14 190 -1
190 14 -1
14 191 -1
191 14 -1
14 198 1
198 14 1
14 200 1
200 14 1
15 23 1
23 15 1
15 24 1
24 15 1
15 34 1
34 15 1
15 41 -1
41 15 -1
15 51 -1
51 15 -1
15 71 1
71 15 1
15 75 1
75 15 1
15 78 1
78 15 1
15 92 -1
92 15 -1
15 101 1
101 15 1
15 115 1
115 15 1
15 117 1
117 15 1
15 177 1
177 15 1
15 184 1
184 15 1
15 190 -1
190 15 -1
16 55 1
55 16 1
16 71 -1
71 16 -1
16 80 1
80 16 1
16 94 1
94 16 1
16 148 1
148 16 1
16 152 1
152 16 1
16 173 1
173 16 1
16 185 1
185 16 1
17 23 -1
23 17 -1
17 71 1
71 17 1
17 78 -1
78 17 -1
17 112 1
112 17 1
17 131 1
131 17 1
17 153 1
153 17 1
17 168 -1
168 17 -1
17 196 -1
196 17 -1
17 199 1
199 17 1
18 53 1
53 18 1
18 73 -1
73 18 -1
18 80 1
80 18 1
18 83 1
83 18 1
18 84 1
84 18 1
18 94 1
94 18 1
18 118 -1
118 18 -1
18 129 1
129 18 1
18 135 -1
135 18 -1
18 138 -1
138 18 -1
18 148 1
148 18 1
18 168 -1
168 18 -1
18 173 1
173 18 1
18 185 1
185 18 1
18 198 -1
198 18 -1
19 38 1
38 19 1
19 52 1
52 19 1
19 75 -1
75 19 -1
19 93 1
93 19 1
19 97 1
97 19 1
19 129 1
129 19 1
19 136 1
136 19 1
19 139 -1
139 19 -1
19 143 -1
143 19 -1
19 152 1
152 19 1
19 175 -1
175 19 -1
20 33 1
33 20 1
20 46 1
46 20 1
20 48 1
48 20 1
20 51 1
51 20 1
20 54 -1
54 20 -1
20 77 1
77 20 1
20 83 -1
83 20 -1
20 119 1
119 20 1
20 120 1
120 20 1
20 145 1
145 20 1
20 148 -1
148 20 -1
20 166 1
166 20 1
20 178 1
178 20 1
20 179 -1
179 20 -1
20 182 1
182 20 1
20 198 1
198 20 1
20 200 1
200 20 1
21 24 -1
24 21 -1
21 29 1
29 21 1
21 51 1
51 21 1
21 73 1
73 21 1
21 79 -1
79 21 -1
21 80 1
80 21 1
21 83 1
83 21 1
21 94 1
94 21 1
21 116 1
116 21 1
21 135 -1
135 21 -1
21 152 1
152 21 1
21 168 1
168 21 1
21 195 -1
195 21 -1
22 46 -1
46 22 -1
22 57 1
57 22 1
22 66 1
66 22 1
22 70 1
70 22 1
22 101 -1
101 22 -1
22 108 1
108 22 1
22 121 1
121 22 1
22 123 -1
123 22 -1
22 124 -1
124 22 -1
22 143 -1
143 22 -1
22 151 1
151 22 1
22 162 1
162 22 1
22 167 1
167 22 1
22 170 -1
170 22 -1
22 177 -1
177 22 -1
22 183 -1
183 22 -1
22 197 1
197 22 1
23 24 1
24 23 1
23 26 1
26 23 1
23 35 1
35 23 1
23 36 1
36 23 1
23 54 -1
54 23 -1
23 55 1
55 23 1
23 65 1
65 23 1
23 66 -1
66 23 -1
23 71 -1
71 23 -1
23 74 1
74 23 1
23 75 -1
75 23 -1
23 84 -1
84 23 -1
23 87 1
87 23 1
23 103 -1
103 23 -1
23 104 1
104 23 1
23 110 -1
110 23 -1
23 114 -1
114 23 -1
23 117 1
117 23 1
23 119 -1
119 23 -1
23 131 1
131 23 1
23 132 1
132 23 1
23 135 -1
135 23 -1
23 142 1
142 23 1
23 147 1
147 23 1
23 154 1
154 23 1
23 155 1
155 23 1
23 165 -1
165 23 -1
23 168 -1
168 23 -1
23 174 1
174 23 1
23 182 1
182 23 1
23 184 1
184 23 1
23 185 -1
185 23 -1
23 190 1
190 23 1
23 193 1
193 23 1
23 195 -1
195 23 -1
23 196 1
196 23 1
23 198 -1
198 23 -1
24 38 1
38 24 1
24 39 1
39 24 1
24 41 1
41 24 1
24 42 -1
42 24 -1
24 46 -1
46 24 -1
24 55 1
55 24 1
24 70 -1
70 24 -1
24 71 1
71 24 1
24 98 1
98 24 1
24 101 1
101 24 1
24 112 1
112 24 1
24 115 1
115 24 1
24 122 1
122 24 1
24 137 1
137 24 1
24 142 1
142 24 1
24 148 -1
148 24 -1
24 153 1
153 24 1
24 159 -1
159 24 -1
24 162 -1
162 24 -1
24 165 1
165 24 1
24 173 1
173 24 1
24 182 1
182 24 1
24 184 1
184 24 1
24 193 -1
193 24 -1
24 194 -1
194 24 -1
24 199 -1
199 24 -1
25 51 1
51 25 1
25 73 -1
73 25 -1
25 83 1
83 25 1
25 84 1
84 25 1
25 85 -1
85 25 -1
25 93 -1
93 25 -1
25 116 1
116 25 1
25 135 1
135 25 1
25 168 1
168 25 1
25 173 1
173 25 1
25 185 1
185 25 1
26 30 1
30 26 1
26 34 1
34 26 1
26 37 -1
37 26 -1
26 71 -1
71 26 -1
26 74 1
74 26 1
26 97 -1
97 26 -1
26 104 1
104 26 1
26 106 -1
106 26 -1
26 121 -1
121 26 -1
26 137 1
137 26 1
26 142 -1
142 26 -1
26 149 -1
149 26 -1
26 159 1
159 26 1
26 174 1
174 26 1
26 192 1
192 26 1
26 196 1
196 26 1
26 199 1
199 26 1
27 47 1
47 27 1
27 83 1
83 27 1
27 84 1
84 27 1
27 94 1
94 27 1
27 95 -1
95 27 -1
27 98 -1
98 27 -1
27 99 -1
99 27 -1
27 173 1
173 27 1
27 185 1
185 27 1
27 187 1
187 27 1
28 29 -1
29 28 -1
28 38 1
38 28 1
28 52 1
52 28 1
28 79 1
79 28 1
28 90 1
90 28 1
28 92 1
92 28 1
28 97 -1
97 28 -1
28 110 -1
110 28 -1
28 113 -1
113 28 -1
28 114 1
114 28 1
28 129 -1
129 28 -1
28 139 1
139 28 1
28 141 -1
141 28 -1
28 150 1
150 28 1
28 157 -1
157 28 -1
28 172 1
172 28 1
28 194 1
194 28 1
29 40 -1
40 29 -1
29 45 1
45 29 1
29 47 1
47 29 1
29 51 1
51 29 1
29 56 -1
56 29 -1
29 75 -1
75 29 -1
29 77 1
77 29 1
29 83 1
83 29 1
29 84 1
84 29 1
29 94 1
94 29 1
29 104 -1
104 29 -1
29 116 -1
116 29 -1
29 129 -1
129 29 -1
29 135 1
135 29 1
29 146 -1
146 29 -1
29 148 1
148 29 1
29 152 1
152 29 1
29 164 1
164 29 1
29 166 -1
166 29 -1
29 168 1
168 29 1
29 169 1
169 29 1
29 170 -1
170 29 -1
29 173 1
173 29 1
29 181 -1
181 29 -1
29 185 -1
185 29 -1
29 187 1
187 29 1
30 39 1
39 30 1
30 41 1
41 30 1
30 42 -1
42 30 -1
30 75 -1
75 30 -1
30 80 1
80 30 1
30 91 1
91 30 1
30 96 1
96 30 1
30 112 1
112 30 1
30 120 1
120 30 1
30 125 1
125 30 1
30 135 -1
135 30 -1
30 137 -1
137 30 -1
30 155 1
155 30 1
30 173 -1
173 30 -1
30 184 -1
184 30 -1
31 40 1
40 31 1
31 42 1
42 31 1
31 47 -1
47 31 -1
31 59 1
59 31 1
31 78 1
78 31 1
31 103 1
103 31 1
31 110 1
110 31 1
31 128 -1
128 31 -1
31 135 -1
135 31 -1
31 151 1
151 31 1
31 181 1
181 31 1
32 38 1
38 32 1
32 52 1
52 32 1
32 79 1
79 32 1
32 89 -1
89 32 -1
32 90 1
90 32 1
32 92 1
92 32 1
32 120 1
120 32 1
32 129 1
129 32 1
32 133 -1
133 32 -1
32 148 1
148 32 1
33 43 1
43 33 1
33 46 1
46 33 1
33 63 1
63 33 1
33 70 -1
70 33 -1
33 119 -1
119 33 -1
33 120 1
120 33 1
33 130 1
130 33 1
33 136 1
136 33 1
33 154 -1
154 33 -1
33 156 1
156 33 1
33 159 -1
159 33 -1
33 166 1
166 33 1
33 198 1
198 33 1
33 200 1
200 33 1
34 58 -1
58 34 -1
34 112 1
112 34 1
34 115 1
115 34 1
34 131 1
131 34 1
34 142 1
142 34 1
34 150 -1
150 34 -1
34 184 1
184 34 1
34 192 1
192 34 1
34 197 -1
197 34 -1
35 41 1
41 35 1
35 46 -1
46 35 -1
35 49 1
49 35 1
35 55 1
55 35 1
35 71 1
71 35 1
35 87 1
87 35 1
35 90 -1
90 35 -1
35 91 1
91 35 1
35 94 -1
94 35 -1
35 95 -1
95 35 -1
35 104 1
104 35 1
35 112 1
112 35 1
35 117 1
117 35 1
35 123 -1
123 35 -1
35 125 1
125 35 1
35 127 -1
127 35 -1
35 131 1
131 35 1
35 138 -1
138 35 -1
35 155 1
155 35 1
35 159 1
159 35 1
35 174 -1
174 35 -1
35 181 -1
181 35 -1
35 184 1
184 35 1
35 192 1
192 35 1
35 193 1
193 35 1
35 199 1
199 35 1
36 49 1
49 36 1
36 55 1
55 36 1
36 71 1
71 36 1
36 87 1
87 36 1
36 91 -1
91 36 -1
36 99 1
99 36 1
36 103 -1
103 36 -1
36 104 1
104 36 1
36 109 -1
109 36 -1
36 115 1
115 36 1
36 116 -1
116 36 -1
36 129 -1
129 36 -1
36 133 -1
133 36 -1
36 141 1
141 36 1
36 142 -1
142 36 -1
36 155 1
155 36 1
36 161 -1
161 36 -1
36 163 -1
163 36 -1
36 182 1
182 36 1
36 184 -1
184 36 -1
36 193 1
193 36 1
36 195 1
195 36 1
36 198 1
198 36 1
37 38 1
38 37 1
37 45 1
45 37 1
37 52 1
52 37 1
37 55 -1
55 37 -1
37 79 1
79 37 1
37 85 1
85 37 1
37 90 -1
90 37 -1
37 114 1
114 37 1
37 131 1
131 37 1
37 133 1
133 37 1
37 138 -1
138 37 -1
37 139 1
139 37 1
37 158 1
158 37 1
37 164 -1
164 37 -1
37 180 1
180 37 1
38 45 1
45 38 1
38 52 1
52 38 1
38 57 -1
57 38 -1
38 76 -1
76 38 -1
38 79 -1
79 38 -1
38 81 1
81 38 1
38 90 1
90 38 1
38 92 1
92 38 1
38 93 1
93 38 1
38 95 -1
95 38 -1
38 97 1
97 38 1
38 99 -1
99 38 -1
38 103 -1
103 38 -1
38 106 1
106 38 1
38 111 1
111 38 1
38 114 1
114 38 1
38 115 -1
115 38 -1
38 116 -1
116 38 -1
38 117 1
117 38 1
38 120 1
120 38 1
38 124 1
124 38 1
38 127 1
127 38 1
38 129 1
129 38 1
38 133 1
133 38 1
38 134 1
134 38 1
38 136 1
136 38 1
38 138 1
138 38 1
38 139 1
139 38 1
38 143 -1
143 38 -1
38 149 1
149 38 1
38 150 1
150 38 1
38 156 -1
156 38 -1
38 158 1
158 38 1
38 161 -1
161 38 -1
38 172 1
172 38 1
38 180 1
180 38 1
38 182 -1
182 38 -1
38 183 -1
183 38 -1
38 189 1
189 38 1
38 194 1
194 38 1
38 196 -1
196 38 -1
39 45 -1
45 39 -1
39 55 1
55 39 1
39 71 1
71 39 1
39 96 1
96 39 1
39 99 -1
99 39 -1
39 104 1
104 39 1
39 107 -1
107 39 -1
39 139 -1
139 39 -1
39 154 1
154 39 1
39 182 1
182 39 1
39 187 1
187 39 1
39 190 1
190 39 1
40 42 1
42 40 1
40 57 -1
57 40 -1
40 59 1
59 40 1
40 78 1
78 40 1
40 83 -1
83 40 -1
40 84 -1
84 40 -1
40 95 1
95 40 1
40 103 1
103 40 1
40 109 -1
109 40 -1
40 110 1
110 40 1
40 111 -1
111 40 -1
40 128 1
128 40 1
40 131 -1
131 40 -1
40 157 1
157 40 1
40 161 1
161 40 1
40 181 1
181 40 1
41 49 1
49 41 1
41 69 -1
69 41 -1
41 75 1
75 41 1
41 77 -1
77 41 -1
41 79 -1
79 41 -1
41 91 1
91 41 1
41 92 -1
92 41 -1
41 115 -1
115 41 -1
41 117 1
117 41 1
41 125 1
125 41 1
41 131 1
131 41 1
41 132 1
132 41 1
41 133 -1
133 41 -1
41 137 1
137 41 1
41 139 -1
139 41 -1
41 147 1
147 41 1
41 153 1
153 41 1
41 174 1
174 41 1
41 182 1
182 41 1
41 189 -1
189 41 -1
41 190 -1
190 41 -1
41 194 -1
194 41 -1
41 195 -1
195 41 -1
41 196 1
196 41 1
42 59 -1
59 42 -1
42 68 1
68 42 1
42 76 1
76 42 1
42 95 1
95 42 1
42 103 1
103 42 1
42 106 -1
106 42 -1
42 109 1
109 42 1
42 110 1
110 42 1
42 121 -1
121 42 -1
42 128 1
128 42 1
42 138 -1
138 42 -1
42 150 -1
150 42 -1
42 161 1
161 42 1
42 171 1
171 42 1
42 179 1
179 42 1
42 181 1
181 42 1
42 184 -1
184 42 -1
42 186 1
186 42 1
42 188 1
188 42 1
43 46 1
46 43 1
43 96 -1
96 43 -1
43 119 1
119 43 1
43 120 1
120 43 1
43 145 1
145 43 1
43 151 -1
151 43 -1
43 198 1
198 43 1
43 200 1
200 43 1
44 46 1
46 44 1
44 48 1
48 44 1
44 63 -1
63 44 -1
44 103 1
103 44 1
44 120 1
120 44 1
44 121 -1
121 44 -1
44 166 1
166 44 1
44 184 -1
184 44 -1
44 198 1
198 44 1
44 200 1
200 44 1
45 55 1
55 45 1
45 60 1
60 45 1
45 71 -1
71 45 -1
45 79 1
79 45 1
45 92 1
92 45 1
45 115 -1
115 45 -1
45 129 -1
129 45 -1
45 133 1
133 45 1
45 136 1
136 45 1
45 139 1
139 45 1
45 150 1
150 45 1
45 163 1
163 45 1
46 48 1
48 46 1
46 49 -1
49 46 -1
46 54 1
54 46 1
46 63 1
63 46 1
46 77 -1
77 46 -1
46 79 1
79 46 1
46 84 -1
84 46 -1
46 85 1
85 46 1
46 86 -1
86 46 -1
46 88 -1
88 46 -1
46 89 1
89 46 1
46 102 1
102 46 1
46 110 -1
110 46 -1
46 119 1
119 46 1
46 120 1
120 46 1
46 123 1
123 46 1
46 126 -1
126 46 -1
46 130 1
130 46 1
46 142 -1
142 46 -1
46 145 1
145 46 1
46 150 -1
150 46 -1
46 160 1
160 46 1
46 166 1
166 46 1
46 175 -1
175 46 -1
46 176 1
176 46 1
46 178 1
178 46 1
46 185 -1
185 46 -1
46 198 -1
198 46 -1
46 200 1
200 46 1
47 50 1
50 47 1
47 56 1
56 47 1
47 68 -1
68 47 -1
47 73 1
73 47 1
47 80 1
80 47 1
47 84 -1
84 47 -1
47 94 -1
94 47 -1
47 95 -1
95 47 -1
47 109 -1
109 47 -1
47 116 1
116 47 1
47 117 -1
117 47 -1
47 144 1
144 47 1
47 148 -1
148 47 -1
47 150 -1
150 47 -1
47 168 1
168 47 1
47 173 -1
173 47 -1
47 181 -1
181 47 -1
47 185 1
185 47 1
48 57 -1
57 48 -1
48 73 -1
73 48 -1
48 86 1
86 48 1
48 105 1
105 48 1
48 119 1
119 48 1
48 120 1
120 48 1
48 145 1
145 48 1
48 147 -1
147 48 -1
48 198 1
198 48 1
48 200 1
200 48 1
49 65 1
65 49 1
49 69 -1
69 49 -1
49 70 -1
70 49 -1
49 71 1
71 49 1
49 79 -1
79 49 -1
49 82 1
82 49 1
49 83 -1
83 49 -1
49 115 1
115 49 1
49 127 -1
127 49 -1
49 141 1
141 49 1
49 159 1
159 49 1
49 165 -1
165 49 -1
49 182 1
182 49 1
49 193 -1
193 49 -1
49 199 1
199 49 1
50 83 1
83 50 1
50 84 1
84 50 1
50 89 -1
89 50 -1
50 94 1
94 50 1
50 109 -1
109 50 -1
50 120 -1
120 50 -1
50 147 -1
147 50 -1
50 148 1
148 50 1
50 152 1
152 50 1
50 164 -1
164 50 -1
50 168 1
168 50 1
50 170 1
170 50 1
50 173 1
173 50 1
50 185 1
185 50 1
50 187 1
187 50 1
50 195 -1
195 50 -1
51 53 1
53 51 1
51 69 1
69 51 1
51 80 1
80 51 1
51 83 1
83 51 1
51 84 1
84 51 1
51 86 1
86 51 1
51 93 -1
93 51 -1
51 94 1
94 51 1
51 116 1
116 51 1
51 134 -1
134 51 -1
51 135 1
135 51 1
51 136 -1
136 51 -1
51 148 1
148 51 1
51 152 1
152 51 1
51 164 1
164 51 1
51 168 1
168 51 1
51 169 1
169 51 1
51 173 1
173 51 1
51 185 1
185 51 1
51 196 -1
196 51 -1
51 198 -1
198 51 -1
52 60 1
60 52 1
52 79 1
79 52 1
52 81 1
81 52 1
52 83 -1
83 52 -1
52 84 -1
84 52 -1
52 89 -1
89 52 -1
52 92 1
92 52 1
52 93 1
93 52 1
52 97 1
97 52 1
52 100 1
100 52 1
52 106 -1
106 52 -1
52 107 1
107 52 1
52 112 -1
112 52 -1
52 115 -1
115 52 -1
52 124 1
124 52 1
52 127 1
127 52 1
52 129 1
129 52 1
52 133 1
133 52 1
52 136 1
136 52 1
52 138 1
138 52 1
52 145 -1
145 52 -1
52 149 1
149 52 1
52 150 1
150 52 1
52 152 -1
152 52 -1
52 158 1
158 52 1
52 172 1
172 52 1
52 180 -1
180 52 -1
52 187 -1
187 52 -1
52 189 1
189 52 1
52 192 -1
192 52 -1
52 194 1
194 52 1
53 63 1
63 53 1
53 64 1
64 53 1
53 68 -1
68 53 -1
53 70 -1
70 53 -1
53 73 1
73 53 1
53 80 1
80 53 1
53 83 1
83 53 1
53 94 1
94 53 1
53 116 1
116 53 1
53 133 -1
133 53 -1
53 135 1
135 53 1
53 148 -1
148 53 -1
53 152 1
152 53 1
53 164 -1
164 53 -1
53 168 1
168 53 1
53 187 1
187 53 1
53 193 1
193 53 1
53 195 -1
195 53 -1
54 68 1
68 54 1
54 71 -1
71 54 -1
54 85 1
85 54 1
54 119 1
119 54 1
54 120 1
120 54 1
54 130 -1
130 54 -1
54 145 1
145 54 1
54 156 1
156 54 1
54 166 1
166 54 1
54 183 -1
183 54 -1
54 198 1
198 54 1
54 200 1
200 54 1
55 75 1
75 55 1
55 105 1
105 55 1
55 112 1
112 55 1
55 115 1
115 55 1
55 117 1
117 55 1
55 122 1
122 55 1
55 147 1
147 55 1
55 156 -1
156 55 -1
55 159 1
159 55 1
55 174 1
174 55 1
55 183 -1
183 55 -1
55 193 1
193 55 1
55 194 1
194 55 1
55 196 1
196 55 1
56 83 1
83 56 1
56 84 1
84 56 1
56 94 1
94 56 1
56 116 1
116 56 1
56 129 -1
129 56 -1
56 138 1
138 56 1
56 148 1
148 56 1
56 155 -1
155 56 -1
56 168 1
168 56 1
56 185 1
185 56 1
57 66 1
66 57 1
57 70 1
70 57 1
57 101 -1
101 57 -1
57 118 1
118 57 1
57 121 -1
121 57 -1
57 133 -1
133 57 -1
57 143 1
143 57 1
57 148 -1
148 57 -1
57 151 1
151 57 1
57 162 1
162 57 1
57 167 1
167 57 1
57 177 -1
177 57 -1
57 183 1
183 57 1
57 191 1
191 57 1
57 197 1
197 57 1
58 66 1
66 58 1
58 70 1
70 58 1
58 108 -1
108 58 -1
58 131 1
131 58 1
58 137 -1
137 58 -1
58 151 1
151 58 1
58 183 1
183 58 1
58 191 -1
191 58 -1
59 62 1
62 59 1
59 67 -1
67 59 -1
59 68 1
68 59 1
59 72 1
72 59 1
59 76 1
76 59 1
59 80 -1
80 59 -1
59 95 1
95 59 1
59 103 1
103 59 1
59 109 1
109 59 1
59 110 1
110 59 1
59 128 1
128 59 1
59 129 -1
129 59 -1
59 135 -1
135 59 -1
59 154 -1
154 59 -1
59 157 1
157 59 1
59 160 -1
160 59 -1
59 161 1
161 59 1
59 163 -1
163 59 -1
59 171 1
171 59 1
59 179 1
179 59 1
59 187 1
187 59 1
60 62 -1
62 60 -1
60 79 1
79 60 1
60 92 1
92 60 1
60 93 -1
93 60 -1
60 115 -1
115 60 -1
60 120 -1
120 60 -1
60 133 1
133 60 1
60 138 -1
138 60 -1
61 78 1
78 61 1
61 83 1
83 61 1
61 84 1
84 61 1
61 94 -1
94 61 -1
61 132 -1
132 61 -1
61 135 1
135 61 1
61 137 -1
137 61 -1
61 148 1
148 61 1
61 152 1
152 61 1
61 168 1
168 61 1
61 173 1
173 61 1
61 182 -1
182 61 -1
61 185 -1
185 61 -1
62 76 1
76 62 1
62 95 1
95 62 1
62 103 1
103 62 1
62 109 1
109 62 1
62 110 1
110 62 1
62 128 1
128 62 1
62 150 -1
150 62 -1
62 161 1
161 62 1
62 171 1
171 62 1
62 175 -1
175 62 -1
62 193 -1
193 62 -1
63 84 1
84 63 1
63 119 1
119 63 1
63 120 1
120 63 1
63 130 1
130 63 1
63 131 -1
131 63 -1
63 145 1
145 63 1
63 166 1
166 63 1
63 184 -1
184 63 -1
63 198 1
198 63 1
63 200 -1
200 63 -1
64 72 -1
72 64 -1
64 80 1
80 64 1
64 83 1
83 64 1
64 84 -1
84 64 -1
64 94 1
94 64 1
64 116 1
116 64 1
64 134 1
134 64 1
64 135 1
135 64 1
64 148 1
148 64 1
64 152 -1
152 64 -1
64 159 -1
159 64 -1
64 164 1
164 64 1
64 168 -1
168 64 -1
64 170 1
170 64 1
64 173 1
173 64 1
64 182 -1
182 64 -1
64 188 -1
188 64 -1
65 97 -1
97 65 -1
65 112 1
112 65 1
65 123 1
123 65 1
65 159 1
159 65 1
65 173 -1
173 65 -1
65 182 1
182 65 1
65 193 1
193 65 1
65 195 -1
195 65 -1
65 199 1
199 65 1
66 113 1
113 66 1
66 118 1
118 66 1
66 119 -1
119 66 -1
66 148 -1
148 66 -1
66 152 -1
152 66 -1
66 167 1
167 66 1
66 185 -1
185 66 -1
66 191 1
191 66 1
67 68 1
68 67 1
67 95 1
95 67 1
67 103 1
103 67 1
67 109 1
109 67 1
67 110 1
110 67 1
67 119 -1
119 67 -1
67 128 1
128 67 1
67 129 -1
129 67 -1
67 181 1
181 67 1
67 188 1
188 67 1
67 200 -1
200 67 -1
68 72 1
72 68 1
68 78 1
78 68 1
68 80 -1
80 68 -1
68 95 1
95 68 1
68 103 1
103 68 1
68 109 1
109 68 1
68 110 1
110 68 1
68 128 1
128 68 1
68 133 -1
133 68 -1
68 139 -1
139 68 -1
68 144 -1
144 68 -1
68 157 1
157 68 1
68 161 1
161 68 1
68 179 1
179 68 1
68 181 1
181 68 1
69 80 -1
80 69 -1
69 84 1
84 69 1
69 88 -1
88 69 -1
69 94 1
94 69 1
69 116 1
116 69 1
69 135 -1
135 69 -1
69 140 1
140 69 1
69 148 1
148 69 1
69 163 1
163 69 1
69 164 1
164 69 1
69 173 -1
173 69 -1
70 108 -1
108 70 -1
70 113 1
113 70 1
70 118 1
118 70 1
70 121 1
121 70 1
70 136 -1
136 70 -1
70 143 1
143 70 1
70 151 1
151 70 1
70 162 -1
162 70 -1
70 166 -1
166 70 -1
70 167 1
167 70 1
70 177 1
177 70 1
70 182 -1
182 70 -1
70 183 -1
183 70 -1
70 191 1
191 70 1
70 197 1
197 70 1
71 74 1
74 71 1
71 75 1
75 71 1
71 82 1
82 71 1
71 84 -1
84 71 -1
71 91 1
91 71 1
71 97 -1
97 71 -1
71 98 -1
98 71 -1
71 104 1
104 71 1
71 106 -1
106 71 -1
71 112 1
112 71 1
71 115 1
115 71 1
71 122 1
122 71 1
71 125 1
125 71 1
71 137 1
137 71 1
71 138 -1
138 71 -1
71 140 -1
140 71 -1
71 142 1
142 71 1
71 152 -1
152 71 -1
71 153 1
153 71 1
71 154 1
154 71 1
71 165 1
165 71 1
71 167 1
167 71 1
71 171 -1
171 71 -1
71 181 -1
181 71 -1
71 188 -1
188 71 -1
71 190 1
190 71 1
71 192 1
192 71 1
71 193 -1
193 71 -1
71 196 -1
196 71 -1
72 85 -1
85 72 -1
72 103 1
103 72 1
72 109 1
109 72 1
72 128 1
128 72 1
72 142 1
142 72 1
72 157 1
157 72 1
72 161 1
161 72 1
72 181 1
181 72 1
72 194 1
194 72 1
73 80 1
80 73 1
73 84 1
84 73 1
73 92 -1
92 73 -1
73 94 1
94 73 1
73 97 -1
97 73 -1
73 135 1
135 73 1
73 150 -1
150 73 -1
73 164 1
164 73 1
73 166 -1
166 73 -1
73 173 1
173 73 1
73 185 1
185 73 1
74 75 1
75 74 1
74 92 -1
92 74 -1
74 104 1
104 74 1
74 115 1
115 74 1
74 122 1
122 74 1
74 131 1
131 74 1
74 145 -1
145 74 -1
74 185 -1
185 74 -1
74 196 -1
196 74 -1
75 80 1
80 75 1
75 87 1
87 75 1
75 93 1
93 75 1
75 99 -1
99 75 -1
75 103 -1
103 75 -1
75 104 1
104 75 1
75 110 -1
110 75 -1
75 115 1
115 75 1
75 131 1
131 75 1
75 133 -1
133 75 -1
75 141 1
141 75 1
75 142 1
142 75 1
75 153 1
153 75 1
75 154 1
154 75 1
75 165 -1
165 75 -1
75 180 1
180 75 1
75 184 1
184 75 1
75 195 1
195 75 1
75 199 1
199 75 1
76 78 1
78 76 1
76 95 -1
95 76 -1
76 103 -1
103 76 -1
76 108 1
108 76 1
76 110 1
110 76 1
76 120 -1
120 76 -1
76 161 1
161 76 1
76 181 1
181 76 1
76 195 -1
195 76 -1
77 83 1
83 77 1
77 84 1
84 77 1
77 94 -1
94 77 -1
77 129 -1
129 77 -1
77 148 -1
148 77 -1
77 152 -1
152 77 -1
77 168 1
168 77 1
77 177 -1
177 77 -1
77 185 -1
185 77 -1
78 103 1
103 78 1
78 109 1
109 78 1
78 128 1
128 78 1
78 131 -1
131 78 -1
78 181 1
181 78 1
78 188 1
188 78 1
79 90 1
90 79 1
79 92 1
92 79 1
79 93 1
93 79 1
79 94 -1
94 79 -1
79 97 1
97 79 1
79 100 1
100 79 1
79 106 1
106 79 1
79 107 1
107 79 1
79 111 1
111 79 1
79 122 -1
122 79 -1
79 124 1
124 79 1
79 127 1
127 79 1
79 129 1
129 79 1
79 133 -1
133 79 -1
79 134 1
134 79 1
79 136 -1
136 79 -1
79 138 1
138 79 1
79 139 1
139 79 1
79 144 1
144 79 1
79 145 -1
145 79 -1
79 156 1
156 79 1
79 158 -1
158 79 -1
79 161 -1
161 79 -1
79 163 1
163 79 1
79 180 1
180 79 1
79 189 1
189 79 1
79 191 -1
191 79 -1
79 196 1
196 79 1
80 83 1
83 80 1
80 84 1
84 80 1
80 94 -1
94 80 -1
80 106 1
106 80 1
80 114 -1
114 80 -1
80 116 1
116 80 1
80 135 -1
135 80 -1
80 137 -1
137 80 -1
80 146 1
146 80 1
80 152 1
152 80 1
80 168 1
168 80 1
80 173 1
173 80 1
80 184 -1
184 80 -1
80 185 1
185 80 1
81 97 1
97 81 1
81 129 -1
129 81 -1
81 149 1
149 81 1
81 152 -1
152 81 -1
81 180 1
180 81 1
81 197 1
197 81 1
82 104 1
104 82 1
82 105 1
105 82 1
82 111 -1
111 82 -1
82 119 -1
119 82 -1
82 137 1
137 82 1
82 139 -1
139 82 -1
82 147 1
147 82 1
82 192 1
192 82 1
83 84 -1
84 83 -1
83 86 1
86 83 1
83 94 1
94 83 1
83 99 -1
99 83 -1
83 116 1
116 83 1
83 122 -1
122 83 -1
83 126 -1
126 83 -1
83 135 1
135 83 1
83 140 1
140 83 1
83 146 1
146 83 1
83 148 -1
148 83 -1
83 152 -1
152 83 -1
83 164 1
164 83 1
83 168 -1
168 83 -1
83 173 1
173 83 1
83 174 -1
174 83 -1
83 185 1
185 83 1
83 195 -1
195 83 -1
83 200 -1
200 83 -1
84 90 -1
90 84 -1
84 92 -1
92 84 -1
84 94 1
94 84 1
84 108 -1
108 84 -1
84 112 -1
112 84 -1
84 116 1
116 84 1
84 127 1
127 84 1
84 133 -1
133 84 -1
84 135 1
135 84 1
84 140 1
140 84 1
84 146 -1
146 84 -1
84 148 1
148 84 1
84 152 1
152 84 1
84 164 -1
164 84 -1
84 168 1
168 84 1
84 170 1
170 84 1
84 173 1
173 84 1
84 185 1
185 84 1
84 187 1
187 84 1
85 119 1
119 85 1
85 120 1
120 85 1
85 145 1
145 85 1
85 157 -1
157 85 -1
85 176 1
176 85 1
85 198 1
198 85 1
85 200 1
200 85 1
86 148 1
148 86 1
86 152 1
152 86 1
86 164 -1
164 86 -1
86 177 -1
177 86 -1
86 185 -1
185 86 -1
86 187 1
187 86 1
87 115 1
115 87 1
87 142 1
142 87 1
87 149 -1
149 87 -1
87 166 -1
166 87 -1
87 184 1
184 87 1
88 119 1
119 88 1
88 120 1
120 88 1
88 152 -1
152 88 -1
88 185 -1
185 88 -1
88 198 1
198 88 1
89 119 1
119 89 1
89 120 1
120 89 1
89 160 1
160 89 1
89 166 1
166 89 1
89 193 1
193 89 1
90 97 -1
97 90 -1
90 106 1
106 90 1
90 118 -1
118 90 -1
90 126 -1
126 90 -1
90 129 1
129 90 1
90 136 1
136 90 1
90 138 1
138 90 1
90 139 1
139 90 1
90 152 -1
152 90 -1
90 154 -1
154 90 -1
90 163 1
163 90 1
91 99 1
99 91 1
91 103 -1
103 91 -1
91 104 1
104 91 1
91 115 1
115 91 1
91 128 -1
128 91 -1
92 97 1
97 92 1
92 114 1
114 92 1
92 127 1
127 92 1
92 129 1
129 92 1
92 133 1
133 92 1
92 136 1
136 92 1
92 138 -1
138 92 -1
92 139 1
139 92 1
92 150 1
150 92 1
92 156 1
156 92 1
92 180 1
180 92 1
92 182 -1
182 92 -1
92 192 -1
192 92 -1
93 129 1
129 93 1
93 138 1
138 93 1
93 139 1
139 93 1
93 150 1
150 93 1
93 158 1
158 93 1
93 174 -1
174 93 -1
93 184 1
184 93 1
94 108 -1
108 94 -1
94 116 -1
116 94 -1
94 130 -1
130 94 -1
94 133 -1
133 94 -1
94 135 1
135 94 1
94 136 -1
136 94 -1
94 137 -1
137 94 -1
94 139 1
139 94 1
94 140 1
140 94 1
94 144 1
144 94 1
94 146 1
146 94 1
94 148 1
148 94 1
94 152 1
152 94 1
94 159 -1
159 94 -1
94 164 -1
164 94 -1
94 168 1
168 94 1
94 173 -1
173 94 -1
94 176 1
176 94 1
94 178 -1
178 94 -1
94 184 -1
184 94 -1
94 185 1
185 94 1
94 187 1
187 94 1
94 193 -1
193 94 -1
94 200 1
200 94 1
95 100 1
100 95 1
95 103 1
103 95 1
95 109 1
109 95 1
95 110 1
110 95 1
95 128 1
128 95 1
95 157 1
157 95 1
95 171 1
171 95 1
95 179 1
179 95 1
95 181 1
181 95 1
95 184 -1
184 95 -1
95 186 -1
186 95 -1
95 190 -1
190 95 -1
96 104 1
104 96 1
96 115 1
115 96 1
96 147 1
147 96 1
96 153 -1
153 96 -1
96 192 -1
192 96 -1
97 100 1
100 97 1
97 106 1
106 97 1
97 110 -1
110 97 -1
97 112 -1
112 97 -1
97 114 -1
114 97 -1
97 124 1
124 97 1
97 127 1
127 97 1
97 129 1
129 97 1
97 133 1
133 97 1
97 134 -1
134 97 -1
97 136 1
136 97 1
97 138 1
138 97 1
97 139 1
139 97 1
97 150 1
150 97 1
97 158 1
158 97 1
97 159 -1
159 97 -1
97 163 1
163 97 1
97 164 -1
164 97 -1
97 168 -1
168 97 -1
97 174 -1
174 97 -1
98 104 1
104 98 1
98 115 -1
115 98 -1
98 129 -1
129 98 -1
98 156 -1
156 98 -1
98 165 1
165 98 1
98 174 1
174 98 1
98 182 1
182 98 1
99 104 1
104 99 1
99 112 1
112 99 1
99 125 1
125 99 1
99 145 -1
145 99 -1
99 159 1
159 99 1
99 166 -1
166 99 -1
99 182 1
182 99 1
99 184 -1
184 99 -1
99 199 -1
199 99 -1
100 104 -1
104 100 -1
100 106 1
106 100 1
100 124 1
124 100 1
100 127 1
127 100 1
100 129 1
129 100 1
100 133 1
133 100 1
100 134 1
134 100 1
100 136 1
136 100 1
100 139 -1
139 100 -1
100 153 -1
153 100 -1
100 180 1
180 100 1
100 181 -1
181 100 -1
101 115 1
115 101 1
101 131 1
131 101 1
101 155 1
155 101 1
101 167 1
167 101 1
101 174 1
174 101 1
101 182 1
182 101 1
102 119 1
119 102 1
102 120 1
120 102 1
102 121 -1
121 102 -1
102 166 1
166 102 1
102 176 1
176 102 1
102 181 -1
181 102 -1
103 104 -1
104 103 -1
103 109 1
109 103 1
103 110 1
110 103 1
103 125 -1
125 103 -1
103 128 1
128 103 1
103 157 1
157 103 1
103 161 -1
161 103 -1
103 181 1
181 103 1
103 186 1
186 103 1
103 188 1
188 103 1
104 115 -1
115 104 -1
104 122 1
122 104 1
104 131 1
131 104 1
104 148 -1
148 104 -1
104 159 1
159 104 1
104 164 1
164 104 1
104 172 -1
172 104 -1
104 182 1
182 104 1
104 184 1
184 104 1
104 193 -1
193 104 -1
104 195 1
195 104 1
104 198 -1
198 104 -1
104 199 1
199 104 1
105 112 1
112 105 1
105 117 1
117 105 1
105 131 1
131 105 1
105 132 1
132 105 1
105 147 1
147 105 1
105 161 -1
161 105 -1
105 165 1
165 105 1
105 174 1
174 105 1
105 178 -1
178 105 -1
105 184 1
184 105 1
106 129 1
129 106 1
106 136 1
136 106 1
106 138 -1
138 106 -1
106 139 1
139 106 1
106 145 -1
145 106 -1
106 149 1
149 106 1
106 150 1
150 106 1
106 152 -1
152 106 -1
106 158 1
158 106 1
106 189 1
189 106 1
107 129 1
129 107 1
107 133 1
133 107 1
107 138 1
138 107 1
107 150 -1
150 107 -1
107 158 1
158 107 1
107 173 -1
173 107 -1
107 197 1
197 107 1
108 118 1
118 108 1
108 138 -1
138 108 -1
108 162 1
162 108 1
108 197 1
197 108 1
109 110 1
110 109 1
109 119 -1
119 109 -1
109 128 1
128 109 1
109 139 -1
139 109 -1
109 157 1
157 109 1
109 161 1
161 109 1
109 171 1
171 109 1
109 173 -1
173 109 -1
109 179 1
179 109 1
109 181 -1
181 109 -1
109 185 -1
185 109 -1
109 186 -1
186 109 -1
109 188 -1
188 109 -1
109 195 -1
195 109 -1
109 199 -1
199 109 -1
110 128 1
128 110 1
110 157 1
157 110 1
110 161 -1
161 110 -1
110 162 -1
162 110 -1
110 168 -1
168 110 -1
110 171 1
171 110 1
110 179 1
179 110 1
110 181 1
181 110 1
110 188 -1
188 110 -1
111 127 -1
127 111 -1
111 129 1
129 111 1
111 138 1
138 111 1
111 139 1
139 111 1
111 140 -1
140 111 -1
111 150 1
150 111 1
112 115 1
115 112 1
112 116 1
116 112 1
112 122 -1
122 112 -1
112 128 -1
128 112 -1
112 131 1
131 112 1
112 137 1
137 112 1
112 153 -1
153 112 -1
112 167 -1
167 112 -1
112 173 -1
173 112 -1
112 182 1
182 112 1
112 184 1
184 112 1
112 192 -1
192 112 -1
112 193 1
193 112 1
112 195 1
195 112 1
112 196 1
196 112 1
113 118 1
118 113 1
113 146 1
146 113 1
113 151 1
151 113 1
113 157 -1
157 113 -1
113 167 1
167 113 1
113 177 1
177 113 1
113 183 1
183 113 1
114 115 -1
115 114 -1
114 128 -1
128 114 -1
114 129 1
129 114 1
114 133 1
133 114 1
114 136 1
136 114 1
114 138 1
138 114 1
114 139 1
139 114 1
114 155 -1
155 114 -1
114 156 1
156 114 1
114 158 1
158 114 1
114 198 -1
198 114 -1
115 131 -1
131 115 -1
115 137 1
137 115 1
115 141 1
141 115 1
115 148 -1
148 115 -1
115 159 1
159 115 1
115 168 -1
168 115 -1
115 180 -1
180 115 -1
115 182 1
182 115 1
115 184 1
184 115 1
115 185 -1
185 115 -1
115 192 1
192 115 1
115 195 1
195 115 1
116 120 -1
120 116 -1
116 125 -1
125 116 -1
116 128 -1
128 116 -1
116 135 1
135 116 1
116 140 1
140 116 1
116 144 1
144 116 1
116 148 1
148 116 1
116 152 1
152 116 1
116 155 -1
155 116 -1
116 164 1
164 116 1
116 168 1
168 116 1
116 170 1
170 116 1
116 173 1
173 116 1
116 177 -1
177 116 -1
116 185 1
185 116 1
116 188 -1
188 116 -1
117 129 -1
129 117 -1
117 131 1
131 117 1
117 141 1
141 117 1
117 147 1
147 117 1
117 158 -1
158 117 -1
117 185 -1
185 117 -1
118 121 1
121 118 1
118 158 -1
158 118 -1
118 198 -1
198 118 -1
119 120 -1
120 119 -1
119 123 1
123 119 1
119 124 -1
124 119 -1
119 130 1
130 119 1
119 140 -1
140 119 -1
119 145 1
145 119 1
119 154 -1
154 119 -1
119 160 1
160 119 1
119 166 1
166 119 1
119 172 1
172 119 1
119 175 1
175 119 1
119 176 1
176 119 1
119 187 -1
187 119 -1
119 198 1
198 119 1
119 200 1
200 119 1
120 123 -1
123 120 -1
120 128 -1
128 120 -1
120 130 1
130 120 1
120 131 -1
131 120 -1
120 145 1
145 120 1
120 153 -1
153 120 -1
120 160 1
160 120 1
120 166 1
166 120 1
120 168 -1
168 120 -1
120 171 -1
171 120 -1
120 175 1
175 120 1
120 176 1
176 120 1
120 178 1
178 120 1
120 198 1
198 120 1
120 200 1
200 120 1
121 143 1
143 121 1
121 162 -1
162 121 -1
121 167 -1
167 121 -1
121 197 1
197 121 1
122 127 -1
127 122 -1
122 131 1
131 122 1
122 136 1
136 122 1
122 180 -1
180 122 -1
122 182 1
182 122 1
122 184 1
184 122 1
122 193 1
193 122 1
122 195 1
195 122 1
122 196 1
196 122 1
122 199 1
199 122 1
123 145 1
145 123 1
123 176 -1
176 123 -1
123 198 1
198 123 1
123 200 1
200 123 1
124 129 1
129 124 1
124 136 1
136 124 1
124 139 -1
139 124 -1
124 152 -1
152 124 -1
124 173 1
173 124 1
125 153 1
153 125 1
125 182 1
182 125 1
125 184 1
184 125 1
125 185 -1
185 125 -1
126 145 1
145 126 1
126 166 1
166 126 1
126 198 -1
198 126 -1
126 200 1
200 126 1
127 129 1
129 127 1
127 133 1
133 127 1
127 139 -1
139 127 -1
127 149 1
149 127 1
127 158 1
158 127 1
127 164 1
164 127 1
127 172 1
172 127 1
128 133 -1
133 128 -1
128 161 1
161 128 1
128 179 -1
179 128 -1
128 180 -1
180 128 -1
128 181 1
181 128 1
128 186 1
186 128 1
128 188 1
188 128 1
128 190 -1
190 128 -1
128 200 -1
200 128 -1
129 133 1
133 129 1
129 134 1
134 129 1
129 136 1
136 129 1
129 137 -1
137 129 -1
129 138 1
138 129 1
129 139 1
139 129 1
129 147 -1
147 129 -1
129 149 1
149 129 1
129 150 1
150 129 1
129 156 -1
156 129 -1
129 158 1
158 129 1
129 180 1
180 129 1
129 184 -1
184 129 -1
129 189 1
189 129 1
129 194 1
194 129 1
129 199 -1
199 129 -1
130 136 -1
136 130 -1
130 142 -1
142 130 -1
130 166 1
166 130 1
130 184 -1
184 130 -1
130 198 1
198 130 1
130 200 1
200 130 1
131 132 1
132 131 1
131 136 1
136 131 1
131 182 -1
182 131 -1
131 184 1
184 131 1
131 190 1
190 131 1
131 197 -1
197 131 -1
132 134 -1
134 132 -1
132 138 -1
138 132 -1
132 142 1
142 132 1
132 145 -1
145 132 -1
132 154 1
154 132 1
132 159 -1
159 132 -1
132 182 1
182 132 1
132 193 -1
193 132 -1
132 199 1
199 132 1
133 134 1
134 133 1
133 136 -1
136 133 -1
133 138 1
138 133 1
133 139 1
139 133 1
133 149 1
149 133 1
133 150 1
150 133 1
133 153 -1
153 133 -1
133 154 -1
154 133 -1
133 156 -1
156 133 -1
133 158 1
158 133 1
133 172 1
172 133 1
133 180 1
180 133 1
133 181 -1
181 133 -1
133 189 1
189 133 1
133 200 1
200 133 1
135 140 1
140 135 1
135 145 1
145 135 1
135 152 1
152 135 1
135 161 -1
161 135 -1
135 164 1
164 135 1
135 170 1
170 135 1
135 173 1
173 135 1
135 185 1
185 135 1
136 138 1
138 136 1
136 139 1
139 136 1
136 148 -1
148 136 -1
136 149 1
149 136 1
136 150 1
150 136 1
136 156 1
156 136 1
136 158 1
158 136 1
136 176 -1
176 136 -1
136 189 1
189 136 1
136 194 1
194 136 1
137 139 -1
139 137 -1
137 182 1
182 137 1
137 184 1
184 137 1
138 139 1
139 138 1
138 142 -1
142 138 -1
138 148 -1
148 138 -1
138 150 1
150 138 1
138 152 -1
152 138 -1
138 156 -1
156 138 -1
138 158 1
158 138 1
138 163 1
163 138 1
138 168 1
168 138 1
138 180 1
180 138 1
138 189 1
189 138 1
139 149 1
149 139 1
139 157 -1
157 139 -1
139 158 1
158 139 1
139 180 1
180 139 1
139 189 1
189 139 1
139 194 1
194 139 1
139 200 -1
200 139 -1
140 148 1
148 140 1
140 173 -1
173 140 -1
140 185 1
185 140 1
140 193 -1
193 140 -1
141 155 1
155 141 1
141 166 -1
166 141 -1
141 175 -1
175 141 -1
141 192 1
192 141 1
141 193 1
193 141 1
142 154 1
154 142 1
143 151 1
151 143 1
143 167 1
167 143 1
144 148 1
148 144 1
144 164 1
164 144 1
144 173 1
173 144 1
144 185 1
185 144 1
144 187 1
187 144 1
145 152 -1
152 145 -1
145 166 -1
166 145 -1
145 169 -1
169 145 -1
145 176 -1
176 145 -1
145 198 1
198 145 1
145 200 1
200 145 1
146 162 -1
162 146 -1
146 163 -1
163 146 -1
146 173 1
173 146 1
146 185 1
185 146 1
147 155 1
155 147 1
147 165 1
165 147 1
147 171 -1
171 147 -1
147 174 1
174 147 1
147 184 1
184 147 1
147 193 -1
193 147 -1
147 195 1
195 147 1
148 152 1
152 148 1
148 158 -1
158 148 -1
148 164 1
164 148 1
148 165 -1
165 148 -1
148 166 -1
166 148 -1
148 168 1
168 148 1
148 169 1
169 148 1
148 173 1
173 148 1
148 185 1
185 148 1
148 187 1
187 148 1
148 198 -1
198 148 -1
149 176 -1
176 149 -1
150 158 1
158 150 1
150 168 -1
168 150 -1
150 174 1
174 150 1
150 180 1
180 150 1
151 162 1
162 151 1
151 167 -1
167 151 -1
151 179 -1
179 151 -1
151 191 -1
191 151 -1
151 194 -1
194 151 -1
152 164 -1
164 152 -1
152 168 1
168 152 1
152 170 1
170 152 1
152 173 1
173 152 1
152 185 1
185 152 1
153 160 1
160 153 1
153 173 -1
173 153 -1
153 193 -1
193 153 -1
154 182 1
182 154 1
154 193 1
193 154 1
155 190 1
190 155 1
156 158 1
158 156 1
157 161 1
161 157 1
158 163 1
163 158 1
158 164 -1
164 158 -1
158 172 -1
172 158 -1
158 173 -1
173 158 -1
158 196 -1
196 158 -1
158 199 -1
199 158 -1
158 200 1
200 158 1
159 161 -1
161 159 -1
159 184 1
184 159 1
159 195 1
195 159 1
159 200 -1
200 159 -1
160 166 1
166 160 1
160 174 -1
174 160 -1
160 198 -1
198 160 -1
160 200 1
200 160 1
161 181 1
181 161 1
161 186 1
186 161 1
161 199 -1
199 161 -1
162 177 1
177 162 1
162 191 -1
191 162 -1
164 168 1
168 164 1
164 170 -1
170 164 -1
164 185 1
185 164 1
164 187 1
187 164 1
164 192 -1
192 164 -1
164 199 -1
199 164 -1
165 168 -1
168 165 -1
165 178 -1
178 165 -1
165 184 1
184 165 1
166 173 -1
173 166 -1
166 176 1
176 166 1
166 189 -1
189 166 -1
166 198 -1
198 166 -1
166 200 1
200 166 1
167 173 -1
173 167 -1
167 177 1
177 167 1
167 183 1
183 167 1
168 169 1
169 168 1
168 173 1
173 168 1
168 185 1
185 168 1
169 173 1
173 169 1
169 185 1
185 169 1
169 186 -1
186 169 -1
169 187 1
187 169 1
170 173 1
173 170 1
170 176 -1
176 170 -1
170 185 1
185 170 1
171 181 -1
181 171 -1
172 176 -1
176 172 -1
172 185 -1
185 172 -1
173 185 -1
185 173 -1
174 184 1
184 174 1
174 186 -1
186 174 -1
174 195 1
195 174 1
174 196 1
196 174 1
175 198 -1
198 175 -1
175 200 1
200 175 1
176 182 -1
182 176 -1
176 198 -1
198 176 -1
176 200 -1
200 176 -1
178 200 1
200 178 1
179 180 -1
180 179 -1
179 182 -1
182 179 -1
179 188 1
188 179 1
180 194 1
194 180 1
181 186 1
186 181 1
181 188 1
188 181 1
182 184 1
184 182 1
182 192 1
192 182 1
182 195 1
195 182 1
182 196 1
196 182 1
184 186 -1
186 184 -1
184 190 1
190 184 1
184 193 1
193 184 1
185 187 1
187 185 1
185 192 -1
192 185 -1
185 200 -1
200 185 -1
187 196 -1
196 187 -1
189 194 1
194 189 1
189 198 -1
198 189 -1
190 191 -1
191 190 -1
191 197 1
197 191 1
193 195 1
195 193 1
193 199 1
199 193 1
198 200 1
200 198 1
