1 6 -1
6 1 -1
1 7 1
7 1 1
1 22 -1
22 1 -1
1 35 -1
35 1 -1
1 40 -1
40 1 -1
1 42 1
42 1 1
1 49 1
49 1 1
1 52 -1
52 1 -1
1 61 -1
61 1 -1
1 71 1
71 1 1
1 78 1
78 1 1
1 82 -1
82 1 -1
1 83 1
83 1 1
1 99 1
99 1 1
1 106 1
106 1 1
1 107 1
107 1 1
1 118 1
118 1 1
1 122 1
122 1 1
1 123 1
123 1 1
1 142 1
142 1 1
1 150 1
150 1 1
1 163 -1
163 1 -1
1 164 1
164 1 1
1 168 -1
168 1 -1
1 178 1
178 1 1
1 196 1
196 1 1
2 8 1
8 2 1
2 11 1
11 2 1
2 15 -1
15 2 -1
2 22 -1
22 2 -1
2 25 1
25 2 1
2 37 1
37 2 1
2 46 -1
46 2 -1
2 65 1
65 2 1
2 73 1
73 2 1
2 75 1
75 2 1
2 81 -1
81 2 -1
2 113 1
113 2 1
2 124 1
124 2 1
2 131 1
131 2 1
2 144 1
144 2 1
2 146 -1
146 2 -1
2 161 -1
161 2 -1
2 176 -1
176 2 -1
2 182 1
182 2 1
2 186 1
186 2 1
2 188 1
188 2 1
2 197 -1
197 2 -1
2 199 -1
199 2 -1
3 35 -1
35 3 -1
3 53 1
53 3 1
3 74 1
74 3 1
3 85 1
85 3 1
3 89 -1
89 3 -1
3 96 1
96 3 1
3 102 -1
102 3 -1
3 110 -1
110 3 -1
3 122 1
122 3 1
3 150 1
150 3 1
3 190 -1
190 3 -1
4 22 1
22 4 1
4 26 -1
26 4 -1
4 27 -1
27 4 -1
4 48 -1
48 4 -1
4 50 1
50 4 1
4 53 1
53 4 1
4 56 -1
56 4 -1
4 65 -1
65 4 -1
4 78 1
78 4 1
4 79 1
79 4 1
4 91 1
91 4 1
4 110 1
110 4 1
4 123 1
123 4 1
4 130 1
130 4 1
4 140 -1
140 4 -1
4 168 1
168 4 1
4 187 1
187 4 1
5 14 1
14 5 1
5 18 1
18 5 1
5 50 -1
50 5 -1
5 71 1
71 5 1
5 72 -1
72 5 -1
5 76 1
76 5 1
5 86 -1
86 5 -1
5 122 1
122 5 1
5 150 -1
150 5 -1
5 160 1
160 5 1
5 182 -1
182 5 -1
5 192 -1
192 5 -1
6 11 -1
11 6 -1
6 16 1
16 6 1
6 21 1
21 6 1
6 28 1
28 6 1
6 35 -1
35 6 -1
6 41 1
41 6 1
6 43 1
43 6 1
6 47 1
47 6 1
6 59 1
59 6 1
6 86 1
86 6 1
6 98 1
98 6 1
6 106 -1
106 6 -1
6 131 1
131 6 1
6 138 1
138 6 1
6 147 -1
147 6 -1
6 148 1
148 6 1
6 149 1
149 6 1
6 154 1
154 6 1
6 165 1
165 6 1
6 166 -1
166 6 -1
6 167 -1
167 6 -1
6 170 1
170 6 1
6 180 1
180 6 1
6 183 1
183 6 1
6 184 1
184 6 1
7 53 1
53 7 1
7 62 1
62 7 1
7 111 -1
111 7 -1
7 121 -1
121 7 -1
7 122 1
122 7 1
7 150 1
150 7 1
7 160 1
160 7 1
7 187 1
187 7 1
7 190 1
190 7 1
8 11 -1
11 8 -1
8 12 1
12 8 1
8 19 1
19 8 1
8 25 1
25 8 1
8 28 -1
28 8 -1
8 46 -1
46 8 -1
8 75 1
75 8 1
8 80 1
80 8 1
8 107 -1
107 8 -1
8 118 -1
118 8 -1
8 123 1
123 8 1
8 131 1
131 8 1
8 132 -1
132 8 -1
8 134 -1
134 8 -1
8 157 1
157 8 1
8 161 1
161 8 1
8 174 1
174 8 1
8 177 1
177 8 1
8 179 1
179 8 1
8 182 -1
182 8 -1
8 188 -1
188 8 -1
9 15 -1
15 9 -1
9 19 1
19 9 1
9 23 1
23 9 1
9 27 1
27 9 1
9 30 -1
30 9 -1
9 34 -1
34 9 -1
9 45 1
45 9 1
9 47 1
47 9 1
9 48 1
48 9 1
9 50 -1
50 9 -1
9 52 1
52 9 1
9 66 1
66 9 1
9 67 1
67 9 1
9 87 1
87 9 1
9 88 1
88 9 1
9 91 -1
91 9 -1
9 93 1
93 9 1
9 104 -1
104 9 -1
9 106 1
106 9 1
9 110 -1
110 9 -1
9 112 -1
112 9 -1
9 113 -1
113 9 -1
9 114 1
114 9 1
9 128 1
128 9 1
9 129 -1
129 9 -1
9 155 1
155 9 1
9 161 -1
161 9 -1
9 163 -1
163 9 -1
9 169 1
169 9 1
9 173 1
173 9 1
9 181 1
181 9 1
9 190 -1
190 9 -1
9 191 1
191 9 1
9 192 1
192 9 1
9 193 -1
193 9 -1
9 195 1
195 9 1
9 199 1
199 9 1
9 200 1
200 9 1
10 25 1
25 10 1
10 28 1
28 10 1
10 72 -1
72 10 -1
10 82 1
82 10 1
10 101 -1
101 10 -1
10 147 1
147 10 1
10 148 1
148 10 1
10 153 -1
153 10 -1
10 154 1
154 10 1
10 155 -1
155 10 -1
10 167 1
167 10 1
10 180 -1
180 10 -1
10 183 1
183 10 1
10 184 1
184 10 1
10 196 -1
196 10 -1
10 197 1
197 10 1
11 12 1
12 11 1
11 25 1
25 11 1
11 28 -1
28 11 -1
11 34 1
34 11 1
11 46 1
46 11 1
11 49 -1
49 11 -1
11 65 1
65 11 1
11 68 -1
68 11 -1
11 73 1
73 11 1
11 74 -1
74 11 -1
11 75 1
75 11 1
11 80 -1
80 11 -1
11 84 -1
84 11 -1
11 95 -1
95 11 -1
11 109 -1
109 11 -1
11 113 1
113 11 1
11 124 -1
124 11 -1
11 126 1
126 11 1
11 131 1
131 11 1
11 152 1
152 11 1
11 158 -1
158 11 -1
11 172 -1
172 11 -1
11 174 1
174 11 1
11 177 1
177 11 1
11 179 1
179 11 1
11 182 -1
182 11 -1
11 183 -1
183 11 -1
11 186 1
186 11 1
11 188 1
188 11 1
12 52 -1
52 12 -1
12 65 1
65 12 1
12 75 1
75 12 1
12 113 -1
113 12 -1
12 128 -1
128 12 -1
12 147 -1
147 12 -1
12 174 1
174 12 1
12 182 1
182 12 1
12 188 1
188 12 1
13 30 1
30 13 1
13 36 1
36 13 1
13 39 1
39 13 1
13 50 1
50 13 1
13 69 1
69 13 1
13 72 1
72 13 1
13 79 -1
79 13 -1
13 95 1
95 13 1
13 97 1
97 13 1
13 99 1
99 13 1
13 120 -1
120 13 -1
13 127 1
127 13 1
13 153 -1
153 13 -1
13 163 1
163 13 1
13 164 -1
164 13 -1
13 166 1
166 13 1
13 168 1
168 13 1
13 173 -1
173 13 -1
13 200 1
200 13 1
14 20 1
20 14 1
14 38 -1
38 14 -1
14 53 1
53 14 1
14 71 1
71 14 1
14 78 1
78 14 1
14 85 1
85 14 1
14 110 1
110 14 1
14 122 1
122 14 1
14 130 1
130 14 1
14 143 -1
143 14 -1
14 146 -1
146 14 -1
14 150 -1
150 14 -1
14 175 -1
175 14 -1
14 178 1
178 14 1
14 188 -1
188 14 -1
15 19 1
19 15 1
15 46 -1
46 15 -1
15 47 1
47 15 1
15 50 1
50 15 1
15 87 1
87 15 1
15 93 1
93 15 1
15 114 1
114 15 1
15 128 1
128 15 1
15 151 -1
151 15 -1
15 192 1
192 15 1
15 195 1
195 15 1
16 27 -1
27 16 -1
16 28 1
28 16 1
16 34 -1
34 16 -1
16 54 -1
54 16 -1
16 96 -1
96 16 -1
16 136 -1
136 16 -1
16 153 1
153 16 1
16 154 1
154 16 1
16 170 1
170 16 1
16 183 1
183 16 1
16 184 1
184 16 1
16 185 -1
185 16 -1
17 18 1
18 17 1
17 22 1
22 17 1
17 29 1
29 17 1
17 31 -1
31 17 -1
17 35 1
35 17 1
17 46 -1
46 17 -1
17 53 -1
53 17 -1
17 71 1
71 17 1
17 85 1
85 17 1
17 86 -1
86 17 -1
17 96 1
96 17 1
17 100 -1
100 17 -1
17 123 1
123 17 1
17 150 1
150 17 1
17 160 1
160 17 1
17 164 1
164 17 1
17 175 1
175 17 1
17 176 -1
176 17 -1
17 188 -1
188 17 -1
17 195 -1
195 17 -1
18 24 1
24 18 1
18 62 1
62 18 1
18 74 1
74 18 1
18 77 1
77 18 1
18 100 1
100 18 1
18 128 1
128 18 1
18 133 -1
133 18 -1
18 150 -1
150 18 -1
18 164 1
164 18 1
18 188 -1
188 18 -1
19 30 -1
30 19 -1
19 47 1
47 19 1
19 48 1
48 19 1
19 55 1
55 19 1
19 66 1
66 19 1
19 67 1
67 19 1
19 69 -1
69 19 -1
19 87 1
87 19 1
19 93 -1
93 19 -1
19 102 1
102 19 1
19 106 1
106 19 1
19 111 -1
111 19 -1
19 114 1
114 19 1
19 145 -1
145 19 -1
19 169 1
169 19 1
19 173 1
173 19 1
19 191 1
191 19 1
19 192 1
192 19 1
19 195 1
195 19 1
20 22 1
22 20 1
20 28 1
28 20 1
20 50 -1
50 20 -1
20 86 1
86 20 1
20 91 -1
91 20 -1
20 136 1
136 20 1
20 147 1
147 20 1
20 154 1
154 20 1
20 159 1
159 20 1
20 180 1
180 20 1
21 28 1
28 21 1
21 86 1
86 21 1
21 103 -1
103 21 -1
21 144 -1
144 21 -1
21 153 1
153 21 1
21 154 1
154 21 1
21 159 1
159 21 1
21 167 1
167 21 1
21 170 -1
170 21 -1
21 172 1
172 21 1
21 180 1
180 21 1
21 182 -1
182 21 -1
21 184 1
184 21 1
21 193 -1
193 21 -1
22 23 -1
23 22 -1
22 32 -1
32 22 -1
22 35 1
35 22 1
22 38 1
38 22 1
22 44 -1
44 22 -1
22 49 1
49 22 1
22 50 1
50 22 1
22 55 1
55 22 1
22 60 1
60 22 1
22 62 1
62 22 1
22 63 -1
63 22 -1
22 64 -1
64 22 -1
22 70 1
70 22 1
22 71 1
71 22 1
22 76 1
76 22 1
22 77 1
77 22 1
22 78 1
78 22 1
22 79 1
79 22 1
22 83 1
83 22 1
22 85 1
85 22 1
22 89 -1
89 22 -1
22 91 1
91 22 1
22 93 -1
93 22 -1
22 94 -1
94 22 -1
22 96 1
96 22 1
22 100 1
100 22 1
22 101 1
101 22 1
22 109 -1
109 22 -1
22 113 1
113 22 1
22 114 -1
114 22 -1
22 118 1
118 22 1
22 120 -1
120 22 -1
22 122 1
122 22 1
22 123 1
123 22 1
22 127 1
127 22 1
22 140 1
140 22 1
22 150 1
150 22 1
22 158 1
158 22 1
22 162 1
162 22 1
22 187 1
187 22 1
22 191 -1
191 22 -1
22 194 1
194 22 1
22 195 -1
195 22 -1
22 198 1
198 22 1
23 93 1
93 23 1
23 106 -1
106 23 -1
23 123 -1
123 23 -1
23 128 1
128 23 1
23 160 -1
160 23 -1
23 181 1
181 23 1
23 191 1
191 23 1
23 192 1
192 23 1
24 41 1
41 24 1
24 55 1
55 24 1
24 69 -1
69 24 -1
24 91 1
91 24 1
24 110 1
110 24 1
24 122 1
122 24 1
24 150 1
150 24 1
24 158 -1
158 24 -1
24 160 1
160 24 1
24 166 -1
166 24 -1
24 189 -1
189 24 -1
25 65 1
65 25 1
25 68 1
68 25 1
25 74 -1
74 25 -1
25 91 -1
91 25 -1
25 113 1
113 25 1
25 144 1
144 25 1
25 154 -1
154 25 -1
25 182 1
182 25 1
25 188 1
188 25 1
26 30 1
30 26 1
26 36 1
36 26 1
26 39 1
39 26 1
26 81 1
81 26 1
26 95 1
95 26 1
26 112 1
112 26 1
26 140 1
140 26 1
26 150 -1
150 26 -1
26 152 -1
152 26 -1
26 156 1
156 26 1
26 166 1
166 26 1
26 168 1
168 26 1
26 171 -1
171 26 -1
27 47 1
47 27 1
27 93 1
93 27 1
27 106 1
106 27 1
27 114 1
114 27 1
27 117 -1
117 27 -1
27 128 1
128 27 1
27 192 1
192 27 1
28 33 1
33 28 1
28 36 -1
36 28 -1
28 43 1
43 28 1
28 44 -1
44 28 -1
28 63 -1
63 28 -1
28 86 1
86 28 1
28 104 1
104 28 1
28 108 1
108 28 1
28 122 1
122 28 1
28 126 -1
126 28 -1
28 132 1
132 28 1
28 136 1
136 28 1
28 138 1
138 28 1
28 147 1
147 28 1
28 149 1
149 28 1
28 152 -1
152 28 -1
28 154 1
154 28 1
28 159 1
159 28 1
28 167 1
167 28 1
28 172 -1
172 28 -1
28 180 1
180 28 1
28 183 -1
183 28 -1
28 184 -1
184 28 -1
28 185 1
185 28 1
29 40 1
40 29 1
29 46 -1
46 29 -1
29 55 1
55 29 1
29 75 1
75 29 1
29 100 1
100 29 1
29 110 1
110 29 1
29 140 1
140 29 1
29 150 1
150 29 1
29 189 -1
189 29 -1
29 192 -1
192 29 -1
30 35 -1
35 30 -1
30 36 1
36 30 1
30 39 1
39 30 1
30 46 -1
46 30 -1
30 54 -1
54 30 -1
30 58 1
58 30 1
30 63 1
63 30 1
30 69 1
69 30 1
30 72 1
72 30 1
30 75 -1
75 30 -1
30 80 -1
80 30 -1
30 81 -1
81 30 -1
30 85 -1
85 30 -1
30 87 -1
87 30 -1
30 92 1
92 30 1
30 95 1
95 30 1
30 97 1
97 30 1
30 99 1
99 30 1
30 102 1
102 30 1
30 104 1
104 30 1
30 111 1
111 30 1
30 112 -1
112 30 -1
30 120 1
120 30 1
30 121 1
121 30 1
30 122 -1
122 30 -1
30 127 1
127 30 1
30 133 1
133 30 1
30 134 1
134 30 1
30 137 1
137 30 1
30 141 1
141 30 1
30 143 1
143 30 1
30 145 1
145 30 1
30 146 1
146 30 1
30 148 -1
148 30 -1
30 155 -1
155 30 -1
30 156 1
156 30 1
30 162 -1
162 30 -1
30 163 1
163 30 1
30 166 -1
166 30 -1
30 168 1
168 30 1
30 171 1
171 30 1
30 176 -1
176 30 -1
30 186 -1
186 30 -1
30 196 -1
196 30 -1
30 200 1
200 30 1
31 46 1
46 31 1
31 75 -1
75 31 -1
31 80 1
80 31 1
31 109 -1
109 31 -1
31 113 1
113 31 1
31 121 -1
121 31 -1
31 124 1
124 31 1
31 162 -1
162 31 -1
31 174 1
174 31 1
31 179 1
179 31 1
31 188 1
188 31 1
32 33 1
33 32 1
32 39 1
39 32 1
32 72 1
72 32 1
32 89 1
89 32 1
32 95 1
95 32 1
32 97 1
97 32 1
32 112 1
112 32 1
32 116 -1
116 32 -1
32 121 1
121 32 1
32 127 -1
127 32 -1
32 135 -1
135 32 -1
32 146 1
146 32 1
32 154 -1
154 32 -1
32 166 1
166 32 1
32 168 1
168 32 1
32 176 1
176 32 1
32 182 -1
182 32 -1
32 200 1
200 32 1
33 43 -1
43 33 -1
33 100 -1
100 33 -1
33 112 -1
112 33 -1
33 128 -1
128 33 -1
33 136 1
136 33 1
33 138 1
138 33 1
33 145 -1
145 33 -1
33 151 1
151 33 1
33 153 1
153 33 1
33 154 1
154 33 1
33 159 1
159 33 1
33 172 1
172 33 1
33 180 -1
180 33 -1
33 183 -1
183 33 -1
34 64 1
64 34 1
34 68 1
68 34 1
34 75 -1
75 34 -1
34 99 -1
99 34 -1
34 112 -1
112 34 -1
34 113 1
113 34 1
34 124 1
124 34 1
34 129 1
129 34 1
34 186 1
186 34 1
34 188 1
188 34 1
35 38 -1
38 35 -1
35 41 1
41 35 1
35 44 1
44 35 1
35 50 -1
50 35 -1
35 53 -1
53 35 -1
35 59 -1
59 35 -1
35 60 1
60 35 1
35 65 -1
65 35 -1
35 69 -1
69 35 -1
35 74 1
74 35 1
35 75 -1
75 35 -1
35 85 1
85 35 1
35 91 -1
91 35 -1
35 92 -1
92 35 -1
35 101 1
101 35 1
35 107 -1
107 35 -1
35 118 1
118 35 1
35 122 1
122 35 1
35 126 -1
126 35 -1
35 130 -1
130 35 -1
35 150 1
150 35 1
35 153 -1
153 35 -1
35 160 1
160 35 1
35 162 1
162 35 1
35 194 1
194 35 1
35 196 1
196 35 1
36 39 1
39 36 1
36 41 1
41 36 1
36 50 -1
50 36 -1
36 53 -1
53 36 -1
36 55 -1
55 36 -1
36 57 -1
57 36 -1
36 63 -1
63 36 -1
36 67 -1
67 36 -1
36 69 1
69 36 1
36 72 1
72 36 1
36 74 -1
74 36 -1
36 76 1
76 36 1
36 81 1
81 36 1
36 89 1
89 36 1
36 91 -1
91 36 -1
36 92 1
92 36 1
36 95 1
95 36 1
36 97 1
97 36 1
36 99 -1
99 36 -1
36 104 1
104 36 1
36 111 1
111 36 1
36 112 1
112 36 1
36 117 1
117 36 1
36 121 1
121 36 1
36 122 1
122 36 1
36 127 1
127 36 1
36 131 1
131 36 1
36 133 -1
133 36 -1
36 137 1
137 36 1
36 141 1
141 36 1
36 142 1
142 36 1
36 143 1
143 36 1
36 145 1
145 36 1
36 146 1
146 36 1
36 156 1
156 36 1
36 162 -1
162 36 -1
36 163 1
163 36 1
36 166 1
166 36 1
36 168 1
168 36 1
36 171 1
171 36 1
36 176 1
176 36 1
37 46 1
46 37 1
37 75 1
75 37 1
37 82 -1
82 37 -1
37 113 1
113 37 1
37 131 1
131 37 1
37 141 -1
141 37 -1
37 167 -1
167 37 -1
37 174 -1
174 37 -1
37 188 1
188 37 1
38 81 -1
81 38 -1
38 95 1
95 38 1
38 109 -1
109 38 -1
38 112 1
112 38 1
38 121 1
121 38 1
38 127 1
127 38 1
38 145 1
145 38 1
38 156 1
156 38 1
38 166 1
166 38 1
38 168 1
168 38 1
38 176 1
176 38 1
39 47 -1
47 39 -1
39 58 1
58 39 1
39 69 1
69 39 1
39 70 -1
70 39 -1
39 72 -1
72 39 -1
39 75 -1
75 39 -1
39 77 -1
77 39 -1
39 81 1
81 39 1
39 85 -1
85 39 -1
39 89 1
89 39 1
39 92 1
92 39 1
39 95 -1
95 39 -1
39 97 1
97 39 1
39 101 -1
101 39 -1
39 102 -1
102 39 -1
39 104 1
104 39 1
39 106 -1
106 39 -1
39 113 1
113 39 1
39 117 1
117 39 1
39 121 1
121 39 1
39 124 -1
124 39 -1
39 127 1
127 39 1
39 139 -1
139 39 -1
39 141 1
141 39 1
39 142 1
142 39 1
39 143 -1
143 39 -1
39 145 1
145 39 1
39 146 1
146 39 1
39 156 1
156 39 1
39 163 1
163 39 1
39 166 1
166 39 1
39 168 1
168 39 1
39 170 -1
170 39 -1
39 171 1
171 39 1
39 176 1
176 39 1
39 182 -1
182 39 -1
39 186 -1
186 39 -1
39 196 -1
196 39 -1
39 200 1
200 39 1
40 54 1
54 40 1
40 60 1
60 40 1
40 70 1
70 40 1
40 88 -1
88 40 -1
40 109 1
109 40 1
40 110 1
110 40 1
40 122 -1
122 40 -1
40 131 -1
131 40 -1
40 174 -1
174 40 -1
41 49 1
49 41 1
41 50 1
50 41 1
41 53 1
53 41 1
41 61 1
61 41 1
41 70 1
70 41 1
41 100 -1
100 41 -1
41 109 1
109 41 1
41 168 -1
168 41 -1
41 171 -1
171 41 -1
42 50 1
50 42 1
42 53 -1
53 42 -1
42 71 1
71 42 1
42 100 1
100 42 1
42 103 1
103 42 1
42 107 1
107 42 1
42 112 -1
112 42 -1
42 174 -1
174 42 -1
42 175 1
175 42 1
42 195 1
195 42 1
42 197 -1
197 42 -1
42 198 1
198 42 1
43 127 -1
127 43 -1
43 141 1
141 43 1
43 147 -1
147 43 -1
43 148 1
148 43 1
43 153 1
153 43 1
43 154 1
154 43 1
43 160 1
160 43 1
44 73 -1
73 44 -1
44 74 1
74 44 1
44 91 1
91 44 1
44 95 1
95 44 1
44 96 1
96 44 1
44 122 1
122 44 1
44 150 1
150 44 1
45 47 1
47 45 1
45 64 -1
64 45 -1
45 87 1
87 45 1
45 93 1
93 45 1
45 107 -1
107 45 -1
45 114 1
114 45 1
45 128 -1
128 45 -1
45 188 -1
188 45 -1
45 191 1
191 45 1
45 192 1
192 45 1
45 194 -1
194 45 -1
45 195 -1
195 45 -1
46 51 1
51 46 1
46 64 -1
64 46 -1
46 65 1
65 46 1
46 68 1
68 46 1
46 71 -1
71 46 -1
46 73 1
73 46 1
46 75 -1
75 46 -1
46 80 1
80 46 1
46 87 -1
87 46 -1
46 90 1
90 46 1
46 104 1
104 46 1
46 108 1
108 46 1
46 113 1
113 46 1
46 115 1
115 46 1
46 124 1
124 46 1
46 128 -1
128 46 -1
46 129 -1
129 46 -1
46 131 1
131 46 1
46 135 1
135 46 1
46 152 -1
152 46 -1
46 157 1
157 46 1
46 161 1
161 46 1
46 169 -1
169 46 -1
46 174 1
174 46 1
46 179 1
179 46 1
46 180 1
180 46 1
46 181 1
181 46 1
46 182 1
182 46 1
46 186 1
186 46 1
46 188 1
188 46 1
47 49 -1
49 47 -1
47 66 1
66 47 1
47 67 1
67 47 1
47 81 -1
81 47 -1
47 83 -1
83 47 -1
47 87 1
87 47 1
47 93 1
93 47 1
47 105 1
105 47 1
47 106 1
106 47 1
47 107 -1
107 47 -1
47 112 -1
112 47 -1
47 114 1
114 47 1
47 128 1
128 47 1
47 155 1
155 47 1
47 160 -1
160 47 -1
47 169 1
169 47 1
47 171 -1
171 47 -1
47 173 1
173 47 1
47 190 1
190 47 1
47 191 1
191 47 1
47 192 -1
192 47 -1
47 195 1
195 47 1
47 199 -1
199 47 -1
48 71 -1
71 48 -1
48 75 -1
75 48 -1
48 87 1
87 48 1
48 93 -1
93 48 -1
48 121 -1
121 48 -1
48 125 1
125 48 1
48 128 -1
128 48 -1
48 169 1
169 48 1
48 192 1
192 48 1
48 195 1
195 48 1
49 50 1
50 49 1
49 56 1
56 49 1
49 62 1
62 49 1
49 70 1
70 49 1
49 71 1
71 49 1
49 79 1
79 49 1
49 91 1
91 49 1
49 109 1
109 49 1
49 110 1
110 49 1
49 116 1
116 49 1
49 121 1
121 49 1
49 122 1
122 49 1
49 157 -1
157 49 -1
49 162 1
162 49 1
49 175 1
175 49 1
49 184 -1
184 49 -1
49 188 -1
188 49 -1
49 195 -1
195 49 -1
50 55 1
55 50 1
50 56 1
56 50 1
50 58 -1
58 50 -1
50 70 1
70 50 1
50 74 1
74 50 1
50 78 1
78 50 1
50 84 1
84 50 1
50 91 1
91 50 1
50 96 1
96 50 1
50 100 1
100 50 1
50 110 1
110 50 1
50 116 1
116 50 1
50 118 1
118 50 1
50 122 1
122 50 1
50 123 -1
123 50 -1
50 128 -1
128 50 -1
50 131 -1
131 50 -1
50 139 -1
139 50 -1
50 140 1
140 50 1
50 150 -1
150 50 -1
50 158 1
158 50 1
50 160 1
160 50 1
50 161 -1
161 50 -1
50 164 1
164 50 1
50 171 1
171 50 1
50 175 1
175 50 1
50 177 -1
177 50 -1
51 64 1
64 51 1
51 65 1
65 51 1
51 75 1
75 51 1
51 118 -1
118 51 -1
51 129 1
129 51 1
51 164 1
164 51 1
51 182 1
182 51 1
51 188 1
188 51 1
51 195 1
195 51 1
52 66 1
66 52 1
52 67 1
67 52 1
52 107 -1
107 52 -1
52 114 1
114 52 1
52 122 -1
122 52 -1
52 125 1
125 52 1
52 128 1
128 52 1
52 155 1
155 52 1
52 191 1
191 52 1
52 192 1
192 52 1
53 54 1
54 53 1
53 57 1
57 53 1
53 71 1
71 53 1
53 74 1
74 53 1
53 78 1
78 53 1
53 80 -1
80 53 -1
53 91 1
91 53 1
53 99 -1
99 53 -1
53 103 -1
103 53 -1
53 109 1
109 53 1
53 117 1
117 53 1
53 118 1
118 53 1
53 119 1
119 53 1
53 122 1
122 53 1
53 132 -1
132 53 -1
53 139 1
139 53 1
53 150 -1
150 53 -1
53 156 -1
156 53 -1
53 182 -1
182 53 -1
53 183 -1
183 53 -1
53 188 1
188 53 1
53 193 1
193 53 1
53 196 1
196 53 1
53 198 1
198 53 1
54 71 1
71 54 1
54 96 1
96 54 1
54 110 1
110 54 1
54 119 1
119 54 1
54 190 -1
190 54 -1
54 196 1
196 54 1
55 66 -1
66 55 -1
55 74 1
74 55 1
55 92 -1
92 55 -1
55 94 1
94 55 1
55 122 1
122 55 1
55 138 -1
138 55 -1
55 150 1
150 55 1
55 160 -1
160 55 -1
55 175 1
175 55 1
56 78 1
78 56 1
56 84 -1
84 56 -1
56 110 -1
110 56 -1
56 150 -1
150 56 -1
56 153 -1
153 56 -1
56 172 -1
172 56 -1
56 188 -1
188 56 -1
57 91 1
91 57 1
57 103 1
103 57 1
57 118 1
118 57 1
57 129 -1
129 57 -1
57 160 1
160 57 1
57 162 1
162 57 1
57 196 1
196 57 1
57 198 1
198 57 1
57 200 -1
200 57 -1
58 98 1
98 58 1
58 121 1
121 58 1
58 127 -1
127 58 -1
58 134 -1
134 58 -1
58 141 1
141 58 1
58 163 1
163 58 1
58 169 -1
169 58 -1
58 171 1
171 58 1
58 177 1
177 58 1
59 75 -1
75 59 -1
59 82 -1
82 59 -1
59 86 1
86 59 1
59 112 -1
112 59 -1
59 127 -1
127 59 -1
59 136 1
136 59 1
59 148 1
148 59 1
59 153 1
153 59 1
59 180 1
180 59 1
59 183 -1
183 59 -1
59 197 1
197 59 1
60 67 -1
67 60 -1
60 96 1
96 60 1
60 99 -1
99 60 -1
60 100 1
100 60 1
60 109 1
109 60 1
60 123 1
123 60 1
60 154 -1
154 60 -1
60 194 -1
194 60 -1
61 70 1
70 61 1
61 85 1
85 61 1
61 89 -1
89 61 -1
61 105 -1
105 61 -1
61 107 1
107 61 1
61 110 1
110 61 1
61 113 -1
113 61 -1
61 122 -1
122 61 -1
61 129 -1
129 61 -1
61 130 1
130 61 1
61 190 1
190 61 1
61 194 1
194 61 1
62 71 -1
71 62 -1
62 91 1
91 62 1
62 107 1
107 62 1
62 109 1
109 62 1
62 112 -1
112 62 -1
62 137 -1
137 62 -1
62 154 -1
154 62 -1
62 162 1
162 62 1
62 178 1
178 62 1
62 192 1
192 62 1
63 72 1
72 63 1
63 99 -1
99 63 -1
63 112 1
112 63 1
63 114 1
114 63 1
63 142 1
142 63 1
63 146 1
146 63 1
63 176 1
176 63 1
64 68 -1
68 64 -1
64 73 1
73 64 1
64 75 1
75 64 1
64 85 -1
85 64 -1
64 113 1
113 64 1
64 131 1
131 64 1
64 149 -1
149 64 -1
64 160 -1
160 64 -1
64 174 1
174 64 1
64 188 1
188 64 1
65 71 -1
71 65 -1
65 73 -1
73 65 -1
65 75 1
75 65 1
65 106 -1
106 65 -1
65 110 -1
110 65 -1
65 113 -1
113 65 -1
65 115 -1
115 65 -1
65 126 1
126 65 1
65 128 -1
128 65 -1
65 131 1
131 65 1
65 135 1
135 65 1
65 157 1
157 65 1
65 159 1
159 65 1
65 161 1
161 65 1
65 168 -1
168 65 -1
65 174 1
174 65 1
65 182 1
182 65 1
65 186 1
186 65 1
65 188 1
188 65 1
66 67 1
67 66 1
66 70 -1
70 66 -1
66 71 -1
71 66 -1
66 88 1
88 66 1
66 93 1
93 66 1
66 105 -1
105 66 -1
66 114 1
114 66 1
66 117 1
117 66 1
66 128 1
128 66 1
66 135 -1
135 66 -1
66 145 1
145 66 1
66 155 1
155 66 1
66 168 -1
168 66 -1
66 173 1
173 66 1
66 191 1
191 66 1
66 192 1
192 66 1
66 193 1
193 66 1
66 195 1
195 66 1
67 85 -1
85 67 -1
67 106 1
106 67 1
67 114 1
114 67 1
67 128 1
128 67 1
67 130 -1
130 67 -1
67 169 1
169 67 1
67 184 -1
184 67 -1
67 191 1
191 67 1
67 192 1
192 67 1
67 195 -1
195 67 -1
68 75 1
75 68 1
68 79 -1
79 68 -1
68 113 1
113 68 1
68 119 -1
119 68 -1
68 129 1
129 68 1
68 131 1
131 68 1
68 139 -1
139 68 -1
68 146 -1
146 68 -1
68 157 1
157 68 1
68 161 1
161 68 1
68 165 -1
165 68 -1
68 169 -1
169 68 -1
68 174 -1
174 68 -1
68 179 1
179 68 1
68 182 1
182 68 1
68 188 -1
188 68 -1
69 73 -1
73 69 -1
69 95 1
95 69 1
69 97 1
97 69 1
69 121 -1
121 69 -1
69 127 1
127 69 1
69 133 -1
133 69 -1
69 137 1
137 69 1
69 157 1
157 69 1
69 168 -1
168 69 -1
69 176 1
176 69 1
70 76 1
76 70 1
70 78 1
78 70 1
70 79 1
79 70 1
70 85 1
85 70 1
70 107 1
107 70 1
70 119 1
119 70 1
70 150 1
150 70 1
70 151 -1
151 70 -1
70 155 1
155 70 1
70 164 -1
164 70 -1
70 176 -1
176 70 -1
70 177 -1
177 70 -1
71 84 1
84 71 1
71 93 1
93 71 1
71 95 -1
95 71 -1
71 100 1
100 71 1
71 103 1
103 71 1
71 118 -1
118 71 -1
71 122 1
122 71 1
71 127 -1
127 71 -1
71 130 1
130 71 1
71 139 1
139 71 1
71 160 1
160 71 1
71 165 -1
165 71 -1
72 77 1
77 72 1
72 78 -1
78 72 -1
72 95 -1
95 72 -1
72 97 1
97 72 1
72 102 1
102 72 1
72 111 1
111 72 1
72 112 1
112 72 1
72 121 -1
121 72 -1
72 122 -1
122 72 -1
72 127 1
127 72 1
72 133 1
133 72 1
72 134 1
134 72 1
72 142 1
142 72 1
72 145 1
145 72 1
72 154 -1
154 72 -1
72 156 -1
156 72 -1
72 163 -1
163 72 -1
72 166 1
166 72 1
72 168 1
168 72 1
72 175 -1
175 72 -1
72 176 1
176 72 1
72 182 -1
182 72 -1
72 185 -1
185 72 -1
72 192 -1
192 72 -1
72 200 1
200 72 1
73 75 1
75 73 1
73 87 -1
87 73 -1
73 113 -1
113 73 -1
73 124 1
124 73 1
73 129 1
129 73 1
73 159 1
159 73 1
73 181 -1
181 73 -1
73 182 -1
182 73 -1
73 186 1
186 73 1
73 188 1
188 73 1
74 75 -1
75 74 -1
74 76 -1
76 74 -1
74 78 1
78 74 1
74 86 1
86 74 1
74 103 -1
103 74 -1
74 109 1
109 74 1
74 110 1
110 74 1
74 116 1
116 74 1
74 122 1
122 74 1
74 123 1
123 74 1
74 129 -1
129 74 -1
74 139 1
139 74 1
74 150 1
150 74 1
74 153 -1
153 74 -1
74 158 1
158 74 1
74 162 1
162 74 1
74 164 1
164 74 1
74 168 -1
168 74 -1
74 173 -1
173 74 -1
74 180 -1
180 74 -1
74 187 1
187 74 1
74 196 1
196 74 1
75 80 1
80 75 1
75 90 1
90 75 1
75 97 -1
97 75 -1
75 103 -1
103 75 -1
75 113 1
113 75 1
75 114 -1
114 75 -1
75 124 -1
124 75 -1
75 129 -1
129 75 -1
75 131 1
131 75 1
75 134 -1
134 75 -1
75 135 1
135 75 1
75 144 1
144 75 1
75 152 1
152 75 1
75 161 1
161 75 1
75 166 1
166 75 1
75 174 -1
174 75 -1
75 177 1
177 75 1
75 182 1
182 75 1
75 186 1
186 75 1
75 188 -1
188 75 -1
75 189 -1
189 75 -1
75 195 -1
195 75 -1
76 77 -1
77 76 -1
76 78 -1
78 76 -1
76 85 -1
85 76 -1
76 99 -1
99 76 -1
76 107 1
107 76 1
76 108 -1
108 76 -1
76 110 1
110 76 1
76 115 -1
115 76 -1
76 122 1
122 76 1
76 130 1
130 76 1
76 131 -1
131 76 -1
76 140 1
140 76 1
76 162 1
162 76 1
76 164 1
164 76 1
77 91 1
91 77 1
77 107 1
107 77 1
77 119 1
119 77 1
77 122 1
122 77 1
77 127 -1
127 77 -1
78 85 1
85 78 1
78 86 -1
86 78 -1
78 87 -1
87 78 -1
78 96 1
96 78 1
78 103 1
103 78 1
78 122 1
122 78 1
78 123 1
123 78 1
78 127 -1
127 78 -1
78 150 1
150 78 1
78 182 -1
182 78 -1
78 185 -1
185 78 -1
79 84 -1
84 79 -1
79 96 1
96 79 1
79 112 -1
112 79 -1
79 122 1
122 79 1
80 113 1
113 80 1
80 115 1
115 80 1
80 120 -1
120 80 -1
80 129 1
129 80 1
80 132 -1
132 80 -1
80 148 1
148 80 1
80 149 -1
149 80 -1
80 174 -1
174 80 -1
80 182 1
182 80 1
80 188 1
188 80 1
81 95 1
95 81 1
81 100 1
100 81 1
81 112 1
112 81 1
81 121 1
121 81 1
81 133 1
133 81 1
81 134 -1
134 81 -1
81 135 -1
135 81 -1
81 137 1
137 81 1
81 143 1
143 81 1
81 145 -1
145 81 -1
81 166 1
166 81 1
81 168 1
168 81 1
81 169 -1
169 81 -1
81 175 -1
175 81 -1
81 186 -1
186 81 -1
82 86 1
86 82 1
82 91 -1
91 82 -1
82 92 1
92 82 1
82 98 1
98 82 1
82 108 -1
108 82 -1
82 132 1
132 82 1
82 151 1
151 82 1
82 153 1
153 82 1
82 154 1
154 82 1
82 159 1
159 82 1
82 160 -1
160 82 -1
82 164 -1
164 82 -1
82 167 1
167 82 1
82 180 1
180 82 1
82 183 1
183 82 1
82 184 1
184 82 1
82 185 1
185 82 1
83 85 1
85 83 1
83 96 1
96 83 1
83 109 1
109 83 1
83 119 1
119 83 1
83 136 -1
136 83 -1
83 138 1
138 83 1
83 140 1
140 83 1
83 179 -1
179 83 -1
84 110 1
110 84 1
84 112 -1
112 84 -1
84 113 1
113 84 1
84 118 1
118 84 1
84 122 -1
122 84 -1
84 134 -1
134 84 -1
84 140 1
140 84 1
84 150 1
150 84 1
84 162 1
162 84 1
84 175 1
175 84 1
84 195 -1
195 84 -1
84 198 1
198 84 1
85 95 -1
95 85 -1
85 96 1
96 85 1
85 97 -1
97 85 -1
85 100 -1
100 85 -1
85 103 1
103 85 1
85 110 1
110 85 1
85 163 1
163 85 1
85 164 1
164 85 1
85 188 -1
188 85 -1
85 194 1
194 85 1
85 196 -1
196 85 -1
86 98 1
98 86 1
86 113 -1
113 86 -1
86 132 1
132 86 1
86 136 1
136 86 1
86 148 -1
148 86 -1
86 150 1
150 86 1
86 151 -1
151 86 -1
86 154 -1
154 86 -1
86 165 1
165 86 1
86 172 1
172 86 1
86 185 1
185 86 1
87 93 1
93 87 1
87 106 1
106 87 1
87 112 -1
112 87 -1
87 120 1
120 87 1
87 128 1
128 87 1
87 155 1
155 87 1
87 167 -1
167 87 -1
87 173 1
173 87 1
87 181 1
181 87 1
87 191 1
191 87 1
87 192 1
192 87 1
88 91 1
91 88 1
88 93 -1
93 88 -1
88 128 1
128 88 1
88 135 -1
135 88 -1
88 173 1
173 88 1
88 192 1
192 88 1
88 195 1
195 88 1
89 112 1
112 89 1
89 137 1
137 89 1
89 142 1
142 89 1
89 143 1
143 89 1
89 156 -1
156 89 -1
89 166 1
166 89 1
89 168 -1
168 89 -1
89 173 -1
173 89 -1
90 100 -1
100 90 -1
90 113 1
113 90 1
90 124 -1
124 90 -1
90 131 1
131 90 1
90 152 1
152 90 1
90 153 -1
153 90 -1
90 179 1
179 90 1
90 180 -1
180 90 -1
90 182 1
182 90 1
90 188 1
188 90 1
91 93 -1
93 91 -1
91 96 1
96 91 1
91 100 1
100 91 1
91 103 1
103 91 1
91 109 1
109 91 1
91 110 1
110 91 1
91 116 1
116 91 1
91 122 -1
122 91 -1
91 139 1
139 91 1
91 150 1
150 91 1
91 158 1
158 91 1
91 170 -1
170 91 -1
91 179 -1
179 91 -1
91 196 1
196 91 1
92 112 1
112 92 1
92 121 -1
121 92 -1
92 166 1
166 92 1
92 168 1
168 92 1
93 100 -1
100 93 -1
93 105 1
105 93 1
93 106 1
106 93 1
93 107 1
107 93 1
93 110 -1
110 93 -1
93 112 -1
112 93 -1
93 114 1
114 93 1
93 117 -1
117 93 -1
93 122 -1
122 93 -1
93 125 1
125 93 1
93 128 1
128 93 1
93 155 1
155 93 1
93 169 1
169 93 1
93 173 -1
173 93 -1
93 181 1
181 93 1
93 191 1
191 93 1
93 192 -1
192 93 -1
93 193 1
193 93 1
93 195 1
195 93 1
93 196 -1
196 93 -1
93 198 -1
198 93 -1
93 199 1
199 93 1
94 103 -1
103 94 -1
94 149 -1
149 94 -1
94 150 1
150 94 1
94 152 -1
152 94 -1
94 160 -1
160 94 -1
94 162 1
162 94 1
94 164 1
164 94 1
94 175 -1
175 94 -1
94 191 -1
191 94 -1
94 192 -1
192 94 -1
95 97 1
97 95 1
95 99 1
99 95 1
95 104 1
104 95 1
95 108 -1
108 95 -1
95 111 1
111 95 1
95 112 1
112 95 1
95 117 1
117 95 1
95 118 -1
118 95 -1
95 121 1
121 95 1
95 127 -1
127 95 -1
95 146 1
146 95 1
95 150 -1
150 95 -1
95 153 -1
153 95 -1
95 156 1
156 95 1
95 163 1
163 95 1
95 166 1
166 95 1
95 168 -1
168 95 -1
95 171 1
171 95 1
95 176 -1
176 95 -1
95 189 -1
189 95 -1
95 196 -1
196 95 -1
96 100 1
100 96 1
96 101 1
101 96 1
96 103 1
103 96 1
96 113 -1
113 96 -1
96 114 -1
114 96 -1
96 116 -1
116 96 -1
96 118 1
118 96 1
96 122 1
122 96 1
96 123 1
123 96 1
96 124 -1
124 96 -1
96 128 -1
128 96 -1
96 130 1
130 96 1
96 150 1
150 96 1
96 154 -1
154 96 -1
96 156 -1
156 96 -1
96 158 -1
158 96 -1
96 162 1
162 96 1
96 164 1
164 96 1
96 166 -1
166 96 -1
96 178 -1
178 96 -1
96 182 -1
182 96 -1
96 183 -1
183 96 -1
96 191 -1
191 96 -1
96 196 1
196 96 1
97 110 -1
110 97 -1
97 112 1
112 97 1
97 117 1
117 97 1
97 118 -1
118 97 -1
97 120 1
120 97 1
97 121 1
121 97 1
97 127 -1
127 97 -1
97 141 1
141 97 1
97 148 -1
148 97 -1
97 153 -1
153 97 -1
97 163 1
163 97 1
97 168 1
168 97 1
97 171 1
171 97 1
97 185 -1
185 97 -1
97 191 -1
191 97 -1
98 110 -1
110 98 -1
98 137 -1
137 98 -1
98 138 1
138 98 1
98 153 -1
153 98 -1
98 154 1
154 98 1
98 183 1
183 98 1
99 113 -1
113 99 -1
99 121 1
121 99 1
99 127 1
127 99 1
99 133 1
133 99 1
99 137 1
137 99 1
99 146 1
146 99 1
99 163 1
163 99 1
99 168 1
168 99 1
99 200 1
200 99 1
100 118 1
118 100 1
100 142 1
142 100 1
100 150 1
150 100 1
100 163 -1
163 100 -1
100 183 1
183 100 1
100 196 1
196 100 1
101 107 1
107 101 1
101 110 1
110 101 1
101 119 1
119 101 1
101 123 -1
123 101 -1
101 143 -1
143 101 -1
101 157 -1
157 101 -1
102 112 1
112 102 1
102 127 1
127 102 1
102 137 1
137 102 1
102 168 1
168 102 1
102 175 -1
175 102 -1
102 176 1
176 102 1
102 186 -1
186 102 -1
103 110 1
110 103 1
103 113 -1
113 103 -1
103 122 1
122 103 1
103 131 -1
131 103 -1
103 132 -1
132 103 -1
103 150 1
150 103 1
103 160 1
160 103 1
103 164 1
164 103 1
103 166 -1
166 103 -1
103 175 -1
175 103 -1
103 181 -1
181 103 -1
104 112 1
112 104 1
104 121 -1
121 104 -1
104 163 1
163 104 1
105 150 1
150 105 1
105 153 -1
153 105 -1
105 169 1
169 105 1
105 173 1
173 105 1
105 192 1
192 105 1
105 195 -1
195 105 -1
106 114 -1
114 106 -1
106 128 1
128 106 1
106 158 -1
158 106 -1
106 164 -1
164 106 -1
106 168 -1
168 106 -1
106 170 -1
170 106 -1
106 173 -1
173 106 -1
106 190 1
190 106 1
106 191 1
191 106 1
106 192 -1
192 106 -1
106 195 1
195 106 1
106 199 1
199 106 1
107 109 1
109 107 1
107 110 1
110 107 1
107 119 1
119 107 1
107 145 -1
145 107 -1
107 150 -1
150 107 -1
107 160 -1
160 107 -1
107 184 -1
184 107 -1
108 122 1
122 108 1
108 138 1
138 108 1
108 151 1
151 108 1
108 154 1
154 108 1
108 170 1
170 108 1
108 183 1
183 108 1
108 197 1
197 108 1
109 115 -1
115 109 -1
109 122 1
122 109 1
109 133 -1
133 109 -1
109 150 -1
150 109 -1
109 162 1
162 109 1
109 173 -1
173 109 -1
109 188 1
188 109 1
110 121 -1
121 110 -1
110 122 1
122 110 1
110 140 1
140 110 1
110 163 -1
163 110 -1
110 171 -1
171 110 -1
110 175 1
175 110 1
110 186 -1
186 110 -1
110 199 -1
199 110 -1
111 123 -1
123 111 -1
111 127 1
127 111 1
111 137 1
137 111 1
111 145 1
145 111 1
111 163 1
163 111 1
111 168 1
168 111 1
112 121 1
121 112 1
112 127 1
127 112 1
112 134 1
134 112 1
112 136 -1
136 112 -1
112 137 1
137 112 1
112 143 1
143 112 1
112 145 1
145 112 1
112 146 1
146 112 1
112 156 1
156 112 1
112 158 -1
158 112 -1
112 163 -1
163 112 -1
112 166 1
166 112 1
112 168 1
168 112 1
112 171 1
171 112 1
112 176 1
176 112 1
112 200 -1
200 112 -1
113 115 1
115 113 1
113 124 1
124 113 1
113 126 1
126 113 1
113 127 -1
127 113 -1
113 129 1
129 113 1
113 131 1
131 113 1
113 135 1
135 113 1
113 139 -1
139 113 -1
113 144 1
144 113 1
113 150 -1
150 113 -1
113 152 1
152 113 1
113 161 1
161 113 1
113 168 1
168 113 1
113 174 1
174 113 1
113 177 1
177 113 1
113 179 1
179 113 1
113 182 1
182 113 1
113 186 1
186 113 1
113 188 1
188 113 1
113 189 1
189 113 1
114 128 1
128 114 1
114 131 -1
131 114 -1
114 141 -1
141 114 -1
114 155 1
155 114 1
114 166 -1
166 114 -1
114 169 1
169 114 1
114 181 1
181 114 1
114 191 1
191 114 1
114 192 1
192 114 1
114 196 -1
196 114 -1
114 199 1
199 114 1
115 131 -1
131 115 -1
115 133 -1
133 115 -1
115 174 1
174 115 1
115 188 1
188 115 1
116 122 1
122 116 1
116 127 -1
127 116 -1
116 179 -1
179 116 -1
116 192 -1
192 116 -1
116 196 1
196 116 1
117 121 1
121 117 1
117 137 -1
137 117 -1
117 156 1
156 117 1
117 163 1
163 117 1
118 119 1
119 118 1
118 126 -1
126 118 -1
118 140 1
140 118 1
118 160 1
160 118 1
118 171 -1
171 118 -1
118 196 1
196 118 1
119 150 -1
150 119 -1
119 156 -1
156 119 -1
119 192 1
192 119 1
120 121 1
121 120 1
120 127 1
127 120 1
120 145 1
145 120 1
120 156 1
156 120 1
120 163 1
163 120 1
120 174 -1
174 120 -1
121 124 -1
124 121 -1
121 127 1
127 121 1
121 142 1
142 121 1
121 145 1
145 121 1
121 146 1
146 121 1
121 156 1
156 121 1
121 163 -1
163 121 -1
121 166 1
166 121 1
121 168 1
168 121 1
121 171 1
171 121 1
121 176 1
176 121 1
121 180 -1
180 121 -1
121 182 -1
182 121 -1
121 183 -1
183 121 -1
121 186 -1
186 121 -1
121 187 -1
187 121 -1
121 191 -1
191 121 -1
121 200 1
200 121 1
122 127 -1
127 122 -1
122 129 -1
129 122 -1
122 136 1
136 122 1
122 137 -1
137 122 -1
122 139 1
139 122 1
122 151 -1
151 122 -1
122 160 1
160 122 1
122 164 -1
164 122 -1
122 169 -1
169 122 -1
122 174 -1
174 122 -1
122 175 1
175 122 1
122 178 1
178 122 1
122 188 -1
188 122 -1
122 196 1
196 122 1
122 198 1
198 122 1
123 148 -1
148 123 -1
123 150 1
150 123 1
123 151 -1
151 123 -1
123 155 -1
155 123 -1
123 162 1
162 123 1
123 174 -1
174 123 -1
123 175 1
175 123 1
123 187 1
187 123 1
124 130 -1
130 124 -1
124 131 1
131 124 1
124 135 -1
135 124 -1
124 161 1
161 124 1
124 162 -1
162 124 -1
124 166 -1
166 124 -1
124 174 1
174 124 1
124 177 1
177 124 1
124 182 -1
182 124 -1
124 188 1
188 124 1
125 128 1
128 125 1
125 161 -1
161 125 -1
125 169 1
169 125 1
125 183 -1
183 125 -1
125 192 1
192 125 1
125 195 1
195 125 1
125 197 -1
197 125 -1
126 129 1
129 126 1
126 174 -1
174 126 -1
126 182 1
182 126 1
126 188 1
188 126 1
126 189 -1
189 126 -1
127 131 -1
131 127 -1
127 133 1
133 127 1
127 134 1
134 127 1
127 138 1
138 127 1
127 141 -1
141 127 -1
127 143 1
143 127 1
127 145 1
145 127 1
127 146 1
146 127 1
127 156 1
156 127 1
127 162 -1
162 127 -1
127 163 1
163 127 1
127 166 1
166 127 1
127 168 1
168 127 1
127 171 1
171 127 1
127 173 1
173 127 1
127 176 1
176 127 1
128 155 1
155 128 1
128 160 -1
160 128 -1
128 163 -1
163 128 -1
128 169 -1
169 128 -1
128 173 1
173 128 1
128 176 -1
176 128 -1
128 181 1
181 128 1
128 190 1
190 128 1
128 191 1
191 128 1
128 192 1
192 128 1
128 193 1
193 128 1
128 194 -1
194 128 -1
128 195 1
195 128 1
128 199 1
199 128 1
129 144 1
144 129 1
129 157 -1
157 129 -1
129 161 1
161 129 1
129 174 1
174 129 1
129 180 -1
180 129 -1
129 182 -1
182 129 -1
129 188 1
188 129 1
129 189 1
189 129 1
130 142 -1
142 130 -1
130 150 -1
150 130 -1
130 156 1
156 130 1
130 158 1
158 130 1
131 135 1
135 131 1
131 150 -1
150 131 -1
131 154 -1
154 131 -1
131 157 1
157 131 1
131 161 1
161 131 1
131 174 1
174 131 1
131 177 1
177 131 1
131 182 -1
182 131 -1
131 186 1
186 131 1
131 188 1
188 131 1
131 189 1
189 131 1
132 151 1
151 132 1
132 154 1
154 132 1
132 167 1
167 132 1
132 184 1
184 132 1
134 146 1
146 134 1
134 168 -1
168 134 -1
135 182 -1
182 135 -1
135 186 1
186 135 1
135 188 1
188 135 1
136 148 1
148 136 1
136 150 -1
150 136 -1
136 153 1
153 136 1
136 154 1
154 136 1
136 159 1
159 136 1
136 179 -1
179 136 -1
136 180 1
180 136 1
136 183 1
183 136 1
136 184 1
184 136 1
136 191 -1
191 136 -1
137 147 -1
147 137 -1
137 155 -1
155 137 -1
137 163 1
163 137 1
137 168 1
168 137 1
138 149 1
149 138 1
138 151 1
151 138 1
138 153 1
153 138 1
138 154 1
154 138 1
138 177 -1
177 138 -1
138 184 1
184 138 1
138 199 -1
199 138 -1
139 178 -1
178 139 -1
140 150 1
150 140 1
140 156 1
156 140 1
140 183 -1
183 140 -1
140 192 1
192 140 1
141 154 -1
154 141 -1
141 156 1
156 141 1
141 168 1
168 141 1
141 176 1
176 141 1
142 145 1
145 142 1
142 150 -1
150 142 -1
142 156 1
156 142 1
142 159 -1
159 142 -1
142 168 1
168 142 1
143 168 -1
168 143 -1
143 182 -1
182 143 -1
143 198 1
198 143 1
144 146 1
146 144 1
144 154 -1
154 144 -1
144 182 1
182 144 1
144 188 1
188 144 1
144 189 -1
189 144 -1
145 166 1
166 145 1
145 168 1
168 145 1
145 185 1
185 145 1
146 150 -1
150 146 -1
146 166 1
166 146 1
146 168 1
168 146 1
147 153 1
153 147 1
147 174 -1
174 147 -1
147 185 1
185 147 1
148 153 1
153 148 1
148 154 1
154 148 1
148 172 1
172 148 1
148 180 1
180 148 1
148 182 -1
182 148 -1
149 154 1
154 149 1
149 180 1
180 149 1
149 183 1
183 149 1
149 185 1
185 149 1
150 159 -1
159 150 -1
150 164 1
164 150 1
150 175 1
175 150 1
150 176 -1
176 150 -1
150 184 -1
184 150 -1
150 185 -1
185 150 -1
150 187 -1
187 150 -1
150 188 1
188 150 1
150 192 -1
192 150 -1
150 194 1
194 150 1
151 153 1
153 151 1
151 154 -1
154 151 -1
151 180 1
180 151 1
151 184 1
184 151 1
151 185 1
185 151 1
152 161 1
161 152 1
152 182 1
182 152 1
153 154 1
154 153 1
153 172 1
172 153 1
153 180 1
180 153 1
153 183 1
183 153 1
153 184 -1
184 153 -1
153 185 1
185 153 1
153 197 -1
197 153 -1
154 159 1
159 154 1
154 165 1
165 154 1
154 172 1
172 154 1
154 180 1
180 154 1
154 183 1
183 154 1
154 184 1
184 154 1
154 185 1
185 154 1
154 187 -1
187 154 -1
155 163 1
163 155 1
155 169 1
169 155 1
155 181 -1
181 155 -1
155 190 1
190 155 1
155 191 1
191 155 1
155 192 1
192 155 1
155 195 1
195 155 1
155 199 1
199 155 1
156 166 1
166 156 1
156 171 1
171 156 1
156 184 -1
184 156 -1
156 192 -1
192 156 -1
157 188 -1
188 157 -1
158 160 1
160 158 1
158 164 1
164 158 1
159 180 1
180 159 1
159 183 1
183 159 1
159 185 1
185 159 1
160 187 1
187 160 1
161 168 -1
168 161 -1
161 175 -1
175 161 -1
161 182 1
182 161 1
161 188 1
188 161 1
161 189 1
189 161 1
162 176 -1
176 162 -1
163 168 1
168 163 1
163 171 1
171 163 1
163 180 -1
180 163 -1
164 166 -1
166 164 -1
164 189 -1
189 164 -1
164 194 1
194 164 1
164 196 1
196 164 1
164 200 -1
200 164 -1
165 167 1
167 165 1
165 170 1
170 165 1
165 175 -1
175 165 -1
165 180 1
180 165 1
165 183 -1
183 165 -1
166 168 1
168 166 1
166 171 1
171 166 1
166 191 -1
191 166 -1
167 191 -1
191 167 -1
168 171 1
171 168 1
168 174 -1
174 168 -1
168 176 1
176 168 1
168 183 -1
183 168 -1
168 184 1
184 168 1
168 193 1
193 168 1
169 191 1
191 169 1
169 192 1
192 169 1
170 180 1
180 170 1
170 183 1
183 170 1
170 184 1
184 170 1
171 178 -1
178 171 -1
171 180 -1
180 171 -1
172 178 1
178 172 1
172 183 1
183 172 1
172 184 1
184 172 1
172 198 -1
198 172 -1
173 190 1
190 173 1
173 191 1
191 173 1
173 192 1
192 173 1
174 179 1
179 174 1
174 180 -1
180 174 -1
174 182 1
182 174 1
174 184 1
184 174 1
174 188 1
188 174 1
176 192 -1
192 176 -1
177 188 1
188 177 1
178 183 -1
183 178 -1
178 196 1
196 178 1
179 186 -1
186 179 -1
180 182 -1
182 180 -1
180 183 1
183 180 1
180 184 1
184 180 1
180 185 1
185 180 1
180 197 1
197 180 1
181 191 1
191 181 1
181 192 1
192 181 1
181 195 1
195 181 1
182 186 1
186 182 1
182 188 1
188 182 1
182 189 -1
189 182 -1
183 184 -1
184 183 -1
183 185 1
185 183 1
183 197 1
197 183 1
184 197 1
197 184 1
186 188 1
188 186 1
187 188 1
188 187 1
188 192 1
192 188 1
190 191 1
191 190 1
190 192 1
192 190 1
190 193 1
193 190 1
190 195 1
195 190 1
191 192 1
192 191 1
191 195 1
195 191 1
191 196 -1
196 191 -1
192 193 1
193 192 1
192 195 1
195 192 1
192 199 1
199 192 1
193 195 1
195 193 1
194 198 1
198 194 1
194 200 -1
200 194 -1
195 198 1
198 195 1
