1 24 -1
24 1 -1
1 36 -1
36 1 -1
1 39 1
39 1 1
1 63 1
63 1 1
1 70 -1
70 1 -1
1 103 1
103 1 1
1 106 -1
106 1 -1
1 111 1
111 1 1
1 138 1
138 1 1
1 145 1
145 1 1
1 148 1
148 1 1
1 151 -1
151 1 -1
1 169 1
169 1 1
1 181 -1
181 1 -1
1 186 1
186 1 1
1 194 1
194 1 1
2 9 -1
9 2 -1
2 72 -1
72 2 -1
2 100 1
100 2 1
2 109 1
109 2 1
2 117 -1
117 2 -1
2 131 1
131 2 1
2 151 1
151 2 1
2 161 -1
161 2 -1
2 186 1
186 2 1
2 195 1
195 2 1
3 8 1
8 3 1
3 23 1
23 3 1
3 36 1
36 3 1
3 55 1
55 3 1
3 58 1
58 3 1
3 65 1
65 3 1
3 86 1
86 3 1
3 89 -1
89 3 -1
3 104 1
104 3 1
3 110 1
110 3 1
3 136 1
136 3 1
3 143 -1
143 3 -1
3 181 -1
181 3 -1
4 31 1
31 4 1
4 53 -1
53 4 -1
4 71 1
71 4 1
4 73 -1
73 4 -1
4 78 1
78 4 1
4 81 -1
81 4 -1
4 91 1
91 4 1
4 109 1
109 4 1
4 111 1
111 4 1
4 119 1
119 4 1
4 127 -1
127 4 -1
4 131 1
131 4 1
4 137 1
137 4 1
4 160 -1
160 4 -1
4 161 1
161 4 1
4 168 1
168 4 1
4 172 1
172 4 1
4 186 -1
186 4 -1
4 192 -1
192 4 -1
5 21 1
21 5 1
5 43 1
43 5 1
5 77 1
77 5 1
5 81 -1
81 5 -1
5 94 1
94 5 1
5 95 -1
95 5 -1
5 96 1
96 5 1
5 130 -1
130 5 -1
5 137 1
137 5 1
5 163 1
163 5 1
5 192 1
192 5 1
5 200 -1
200 5 -1
6 23 1
23 6 1
6 26 1
26 6 1
6 36 1
36 6 1
6 40 -1
40 6 -1
6 58 1
58 6 1
6 76 -1
76 6 -1
6 86 1
86 6 1
6 116 1
116 6 1
6 118 1
118 6 1
6 128 1
128 6 1
6 144 1
144 6 1
6 150 -1
150 6 -1
6 169 -1
169 6 -1
6 176 -1
176 6 -1
7 9 -1
9 7 -1
7 24 1
24 7 1
7 25 1
25 7 1
7 31 -1
31 7 -1
7 33 -1
33 7 -1
7 36 -1
36 7 -1
7 37 1
37 7 1
7 43 1
43 7 1
7 45 1
45 7 1
7 59 1
59 7 1
7 65 1
65 7 1
7 123 1
123 7 1
7 125 1
125 7 1
7 127 -1
127 7 -1
7 132 1
132 7 1
7 142 -1
142 7 -1
7 150 1
150 7 1
7 159 1
159 7 1
7 185 1
185 7 1
7 189 -1
189 7 -1
7 191 -1
191 7 -1
7 192 1
192 7 1
8 16 1
16 8 1
8 19 -1
19 8 -1
8 30 -1
30 8 -1
8 31 -1
31 8 -1
8 40 1
40 8 1
8 53 1
53 8 1
8 55 1
55 8 1
8 60 1
60 8 1
8 63 1
63 8 1
8 92 1
92 8 1
8 98 1
98 8 1
8 105 1
105 8 1
8 107 1
107 8 1
8 126 1
126 8 1
8 128 -1
128 8 -1
8 137 -1
137 8 -1
8 144 1
144 8 1
8 150 -1
150 8 -1
8 198 1
198 8 1
9 19 -1
19 9 -1
9 21 1
21 9 1
9 25 1
25 9 1
9 29 1
29 9 1
9 30 1
30 9 1
9 37 1
37 9 1
9 44 1
44 9 1
9 45 1
45 9 1
9 59 1
59 9 1
9 82 -1
82 9 -1
9 86 1
86 9 1
9 94 -1
94 9 -1
9 96 1
96 9 1
9 101 -1
101 9 -1
9 109 -1
109 9 -1
9 125 1
125 9 1
9 126 -1
126 9 -1
9 131 -1
131 9 -1
9 140 1
140 9 1
9 142 1
142 9 1
9 150 1
150 9 1
9 157 1
157 9 1
9 160 1
160 9 1
9 163 1
163 9 1
9 185 1
185 9 1
9 192 -1
192 9 -1
10 23 -1
23 10 -1
10 32 -1
32 10 -1
10 34 1
34 10 1
10 52 1
52 10 1
10 67 1
67 10 1
10 68 1
68 10 1
10 77 -1
77 10 -1
10 80 1
80 10 1
10 86 -1
86 10 -1
10 89 -1
89 10 -1
10 113 1
113 10 1
10 114 1
114 10 1
10 130 -1
130 10 -1
10 133 1
133 10 1
10 135 1
135 10 1
10 138 -1
138 10 -1
10 141 1
141 10 1
10 171 1
171 10 1
10 179 -1
179 10 -1
10 187 1
187 10 1
10 188 1
188 10 1
10 196 -1
196 10 -1
10 200 1
200 10 1
11 17 1
17 11 1
11 53 -1
53 11 -1
11 83 1
83 11 1
11 106 1
106 11 1
11 112 1
112 11 1
11 123 1
123 11 1
11 143 1
143 11 1
11 149 1
149 11 1
11 154 -1
154 11 -1
11 156 1
156 11 1
11 164 1
164 11 1
11 166 1
166 11 1
11 169 -1
169 11 -1
11 183 1
183 11 1
11 193 1
193 11 1
11 194 -1
194 11 -1
11 196 1
196 11 1
11 197 1
197 11 1
12 18 1
18 12 1
12 21 1
21 12 1
12 24 1
24 12 1
12 43 -1
43 12 -1
12 59 1
59 12 1
12 70 -1
70 12 -1
12 90 -1
90 12 -1
12 92 -1
92 12 -1
12 149 -1
149 12 -1
12 150 1
150 12 1
12 163 -1
163 12 -1
13 17 1
17 13 1
13 36 -1
36 13 -1
13 79 -1
79 13 -1
13 106 1
106 13 1
13 128 1
128 13 1
13 150 -1
150 13 -1
13 165 1
165 13 1
13 171 -1
171 13 -1
13 196 1
196 13 1
13 197 1
197 13 1
14 16 1
16 14 1
14 32 -1
32 14 -1
14 41 -1
41 14 -1
14 48 1
48 14 1
14 49 1
49 14 1
14 53 -1
53 14 -1
14 70 1
70 14 1
14 74 1
74 14 1
14 85 1
85 14 1
14 86 1
86 14 1
14 87 -1
87 14 -1
14 91 -1
91 14 -1
14 97 -1
97 14 -1
14 105 1
105 14 1
14 110 1
110 14 1
14 140 1
140 14 1
14 145 -1
145 14 -1
15 16 -1
16 15 -1
15 17 1
17 15 1
15 27 -1
27 15 -1
15 34 1
34 15 1
15 40 -1
40 15 -1
15 73 1
73 15 1
15 79 1
79 15 1
15 89 -1
89 15 -1
15 106 1
106 15 1
15 107 -1
107 15 -1
15 154 1
154 15 1
15 155 1
155 15 1
15 156 1
156 15 1
15 164 1
164 15 1
15 174 1
174 15 1
15 175 1
175 15 1
15 183 -1
183 15 -1
15 193 1
193 15 1
15 196 1
196 15 1
16 18 -1
18 16 -1
16 23 1
23 16 1
16 26 1
26 16 1
16 34 -1
34 16 -1
16 38 -1
38 16 -1
16 49 1
49 16 1
16 53 1
53 16 1
16 54 -1
54 16 -1
16 57 -1
57 16 -1
16 58 1
58 16 1
16 63 -1
63 16 -1
16 67 -1
67 16 -1
16 70 1
70 16 1
16 72 1
72 16 1
16 74 1
74 16 1
16 82 1
82 16 1
16 86 1
86 16 1
16 107 1
107 16 1
16 109 -1
109 16 -1
16 112 1
112 16 1
16 116 -1
116 16 -1
16 118 1
118 16 1
16 119 -1
119 16 -1
16 126 1
126 16 1
16 138 -1
138 16 -1
16 140 1
140 16 1
16 142 1
142 16 1
16 149 1
149 16 1
16 153 1
153 16 1
16 158 1
158 16 1
16 178 1
178 16 1
16 190 1
190 16 1
16 191 1
191 16 1
16 192 -1
192 16 -1
17 18 -1
18 17 -1
17 29 -1
29 17 -1
17 32 -1
32 17 -1
17 61 1
61 17 1
17 73 1
73 17 1
17 90 -1
90 17 -1
17 99 1
99 17 1
17 102 1
102 17 1
17 106 1
106 17 1
17 115 1
115 17 1
17 128 -1
128 17 -1
17 131 -1
131 17 -1
17 143 1
143 17 1
17 147 -1
147 17 -1
17 148 -1
148 17 -1
17 156 1
156 17 1
17 164 1
164 17 1
17 165 1
165 17 1
17 166 1
166 17 1
17 167 1
167 17 1
17 172 -1
172 17 -1
17 175 -1
175 17 -1
17 180 1
180 17 1
17 182 1
182 17 1
17 183 -1
183 17 -1
17 186 -1
186 17 -1
17 193 1
193 17 1
17 196 1
196 17 1
17 197 1
197 17 1
18 19 1
19 18 1
18 20 -1
20 18 -1
18 21 1
21 18 1
18 24 1
24 18 1
18 28 1
28 18 1
18 31 -1
31 18 -1
18 37 1
37 18 1
18 43 1
43 18 1
18 45 1
45 18 1
18 50 1
50 18 1
18 59 1
59 18 1
18 70 -1
70 18 -1
18 71 -1
71 18 -1
18 84 -1
84 18 -1
18 104 1
104 18 1
18 111 -1
111 18 -1
18 124 1
124 18 1
18 133 1
133 18 1
18 134 1
134 18 1
18 137 1
137 18 1
18 142 -1
142 18 -1
18 147 1
147 18 1
18 150 -1
150 18 -1
18 151 -1
151 18 -1
18 159 1
159 18 1
18 160 1
160 18 1
18 170 1
170 18 1
18 185 1
185 18 1
18 192 -1
192 18 -1
19 21 1
21 19 1
19 22 -1
22 19 -1
19 24 -1
24 19 -1
19 30 1
30 19 1
19 42 1
42 19 1
19 43 1
43 19 1
19 45 1
45 19 1
19 49 -1
49 19 -1
19 54 -1
54 19 -1
19 57 1
57 19 1
19 62 -1
62 19 -1
19 86 -1
86 19 -1
19 104 1
104 19 1
19 111 -1
111 19 -1
19 125 1
125 19 1
19 132 1
132 19 1
19 136 1
136 19 1
19 142 1
142 19 1
19 150 1
150 19 1
19 152 1
152 19 1
19 163 1
163 19 1
19 170 -1
170 19 -1
19 182 -1
182 19 -1
19 192 1
192 19 1
20 21 1
21 20 1
20 27 1
27 20 1
20 55 1
55 20 1
20 59 1
59 20 1
20 82 -1
82 20 -1
20 85 -1
85 20 -1
20 94 -1
94 20 -1
20 108 1
108 20 1
20 137 1
137 20 1
20 142 1
142 20 1
20 159 1
159 20 1
20 168 -1
168 20 -1
20 173 1
173 20 1
20 192 1
192 20 1
20 193 -1
193 20 -1
21 24 1
24 21 1
21 25 1
25 21 1
21 36 -1
36 21 -1
21 43 1
43 21 1
21 51 1
51 21 1
21 67 -1
67 21 -1
21 104 1
104 21 1
21 105 -1
105 21 -1
21 111 1
111 21 1
21 116 1
116 21 1
21 120 -1
120 21 -1
21 125 1
125 21 1
21 129 1
129 21 1
21 130 -1
130 21 -1
21 134 1
134 21 1
21 142 1
142 21 1
21 150 1
150 21 1
21 152 1
152 21 1
21 170 1
170 21 1
21 173 1
173 21 1
21 191 -1
191 21 -1
21 192 1
192 21 1
22 105 -1
105 22 -1
22 120 1
120 22 1
22 121 -1
121 22 -1
22 137 1
137 22 1
22 140 -1
140 22 -1
22 150 1
150 22 1
22 163 1
163 22 1
22 180 -1
180 22 -1
22 192 1
192 22 1
23 26 1
26 23 1
23 33 1
33 23 1
23 38 -1
38 23 -1
23 54 1
54 23 1
23 55 1
55 23 1
23 60 1
60 23 1
23 70 1
70 23 1
23 72 1
72 23 1
23 74 1
74 23 1
23 82 1
82 23 1
23 88 1
88 23 1
23 89 1
89 23 1
23 98 1
98 23 1
23 104 -1
104 23 -1
23 105 1
105 23 1
23 109 -1
109 23 -1
23 114 -1
114 23 -1
23 116 1
116 23 1
23 144 -1
144 23 -1
23 149 1
149 23 1
23 153 1
153 23 1
23 173 1
173 23 1
23 184 1
184 23 1
24 27 1
27 24 1
24 30 1
30 24 1
24 37 1
37 24 1
24 43 1
43 24 1
24 45 1
45 24 1
24 51 1
51 24 1
24 54 -1
54 24 -1
24 58 -1
58 24 -1
24 64 -1
64 24 -1
24 75 -1
75 24 -1
24 105 -1
105 24 -1
24 122 -1
122 24 -1
24 123 1
123 24 1
24 124 1
124 24 1
24 139 1
139 24 1
24 142 -1
142 24 -1
24 150 -1
150 24 -1
24 156 -1
156 24 -1
24 159 1
159 24 1
24 170 1
170 24 1
24 185 1
185 24 1
24 192 1
192 24 1
25 28 1
28 25 1
25 43 1
43 25 1
25 57 1
57 25 1
25 59 1
59 25 1
25 121 1
121 25 1
25 129 -1
129 25 -1
25 153 -1
153 25 -1
25 155 -1
155 25 -1
25 163 1
163 25 1
25 167 -1
167 25 -1
26 33 1
33 26 1
26 36 1
36 26 1
26 37 -1
37 26 -1
26 46 1
46 26 1
26 53 -1
53 26 -1
26 54 1
54 26 1
26 55 1
55 26 1
26 63 1
63 26 1
26 64 1
64 26 1
26 70 -1
70 26 -1
26 72 1
72 26 1
26 75 -1
75 26 -1
26 81 1
81 26 1
26 86 1
86 26 1
26 89 1
89 26 1
26 98 1
98 26 1
26 105 1
105 26 1
26 110 1
110 26 1
26 113 -1
113 26 -1
26 114 -1
114 26 -1
26 122 1
122 26 1
26 126 1
126 26 1
26 136 1
136 26 1
26 140 -1
140 26 -1
26 142 -1
142 26 -1
26 143 -1
143 26 -1
26 147 1
147 26 1
26 155 -1
155 26 -1
26 177 1
177 26 1
26 178 -1
178 26 -1
26 188 -1
188 26 -1
26 189 1
189 26 1
26 193 -1
193 26 -1
26 196 -1
196 26 -1
26 198 1
198 26 1
27 36 -1
36 27 -1
27 37 1
37 27 1
27 43 1
43 27 1
27 58 -1
58 27 -1
27 104 1
104 27 1
27 108 1
108 27 1
27 137 1
137 27 1
27 142 1
142 27 1
27 150 -1
150 27 -1
27 153 -1
153 27 -1
27 185 1
185 27 1
27 192 1
192 27 1
27 197 -1
197 27 -1
28 43 -1
43 28 -1
28 45 1
45 28 1
28 102 -1
102 28 -1
28 125 1
125 28 1
28 142 1
142 28 1
28 168 -1
168 28 -1
28 186 -1
186 28 -1
28 192 1
192 28 1
29 37 1
37 29 1
29 44 -1
44 29 -1
29 50 1
50 29 1
29 54 -1
54 29 -1
29 95 -1
95 29 -1
29 108 -1
108 29 -1
29 120 1
120 29 1
29 137 -1
137 29 -1
29 150 1
150 29 1
29 152 1
152 29 1
29 157 1
157 29 1
29 159 -1
159 29 -1
29 162 1
162 29 1
29 169 1
169 29 1
29 178 -1
178 29 -1
29 192 1
192 29 1
30 37 1
37 30 1
30 50 -1
50 30 -1
30 72 -1
72 30 -1
30 108 -1
108 30 -1
30 123 1
123 30 1
30 124 1
124 30 1
30 142 1
142 30 1
30 152 1
152 30 1
30 154 1
154 30 1
30 160 1
160 30 1
30 181 1
181 30 1
30 198 -1
198 30 -1
31 41 1
41 31 1
31 43 -1
43 31 -1
31 44 1
44 31 1
31 48 1
48 31 1
31 56 -1
56 31 -1
31 65 -1
65 31 -1
31 71 1
71 31 1
31 75 1
75 31 1
31 77 1
77 31 1
31 78 -1
78 31 -1
31 82 -1
82 31 -1
31 87 -1
87 31 -1
31 88 -1
88 31 -1
31 90 1
90 31 1
31 91 1
91 31 1
31 93 -1
93 31 -1
31 95 -1
95 31 -1
31 100 1
100 31 1
31 102 -1
102 31 -1
31 109 1
109 31 1
31 111 1
111 31 1
31 129 1
129 31 1
31 131 1
131 31 1
31 138 1
138 31 1
31 140 -1
140 31 -1
31 141 -1
141 31 -1
31 145 1
145 31 1
31 146 -1
146 31 -1
31 150 -1
150 31 -1
31 151 1
151 31 1
31 164 -1
164 31 -1
31 181 1
181 31 1
31 194 1
194 31 1
32 34 1
34 32 1
32 38 1
38 32 1
32 52 1
52 32 1
32 67 -1
67 32 -1
32 77 -1
77 32 -1
32 113 1
113 32 1
32 114 -1
114 32 -1
32 130 1
130 32 1
32 133 1
133 32 1
32 135 1
135 32 1
32 141 -1
141 32 -1
32 143 -1
143 32 -1
32 154 1
154 32 1
32 187 1
187 32 1
32 199 1
199 32 1
32 200 1
200 32 1
33 49 1
49 33 1
33 55 1
55 33 1
33 59 -1
59 33 -1
33 60 1
60 33 1
33 64 1
64 33 1
33 70 -1
70 33 -1
33 72 1
72 33 1
33 82 1
82 33 1
33 93 -1
93 33 -1
33 105 1
105 33 1
33 127 -1
127 33 -1
33 153 1
153 33 1
33 160 -1
160 33 -1
33 190 1
190 33 1
34 38 1
38 34 1
34 42 -1
42 34 -1
34 51 -1
51 34 -1
34 52 1
52 34 1
34 66 -1
66 34 -1
34 67 1
67 34 1
34 68 1
68 34 1
34 80 1
80 34 1
34 83 -1
83 34 -1
34 85 -1
85 34 -1
34 113 1
113 34 1
34 114 1
114 34 1
34 117 1
117 34 1
34 130 1
130 34 1
34 131 -1
131 34 -1
34 133 1
133 34 1
34 135 1
135 34 1
34 141 1
141 34 1
34 169 -1
169 34 -1
34 171 1
171 34 1
34 176 1
176 34 1
34 187 1
187 34 1
34 188 1
188 34 1
34 199 1
199 34 1
34 200 1
200 34 1
35 36 1
36 35 1
35 53 1
53 35 1
35 54 1
54 35 1
35 78 -1
78 35 -1
35 85 1
85 35 1
35 98 -1
98 35 -1
35 105 1
105 35 1
35 126 -1
126 35 -1
35 151 -1
151 35 -1
35 156 -1
156 35 -1
36 46 1
46 36 1
36 47 1
47 36 1
36 53 1
53 36 1
36 55 1
55 36 1
36 58 1
58 36 1
36 60 1
60 36 1
36 63 1
63 36 1
36 65 1
65 36 1
36 67 -1
67 36 -1
36 69 -1
69 36 -1
36 72 1
72 36 1
36 74 1
74 36 1
36 85 1
85 36 1
36 86 -1
86 36 -1
36 87 1
87 36 1
36 89 1
89 36 1
36 98 1
98 36 1
36 105 1
105 36 1
36 106 -1
106 36 -1
36 112 1
112 36 1
36 122 1
122 36 1
36 138 -1
138 36 -1
36 142 -1
142 36 -1
36 144 1
144 36 1
36 153 -1
153 36 -1
36 168 -1
168 36 -1
36 184 1
184 36 1
36 191 1
191 36 1
36 196 -1
196 36 -1
37 42 -1
42 37 -1
37 55 -1
55 37 -1
37 87 -1
87 37 -1
37 91 -1
91 37 -1
37 94 1
94 37 1
37 124 -1
124 37 -1
37 134 1
134 37 1
37 137 1
137 37 1
37 143 -1
143 37 -1
37 146 -1
146 37 -1
37 150 -1
150 37 -1
37 160 1
160 37 1
37 185 -1
185 37 -1
37 186 -1
186 37 -1
37 192 1
192 37 1
38 66 1
66 38 1
38 67 1
67 38 1
38 80 1
80 38 1
38 101 -1
101 38 -1
38 113 1
113 38 1
38 123 -1
123 38 -1
38 130 1
130 38 1
38 135 1
135 38 1
38 176 -1
176 38 -1
38 186 1
186 38 1
38 188 1
188 38 1
38 199 1
199 38 1
39 44 1
44 39 1
39 47 1
47 39 1
39 71 -1
71 39 -1
39 75 1
75 39 1
39 89 -1
89 39 -1
39 118 -1
118 39 -1
39 147 -1
147 39 -1
39 148 1
148 39 1
39 169 -1
169 39 -1
39 172 1
172 39 1
39 177 1
177 39 1
39 186 1
186 39 1
40 47 1
47 40 1
40 58 1
58 40 1
40 76 1
76 40 1
40 86 1
86 40 1
40 131 -1
131 40 -1
40 191 -1
191 40 -1
40 199 -1
199 40 -1
41 71 1
71 41 1
41 77 1
77 41 1
41 91 1
91 41 1
41 103 1
103 41 1
41 105 -1
105 41 -1
41 131 1
131 41 1
41 169 1
169 41 1
41 183 -1
183 41 -1
41 193 -1
193 41 -1
41 194 1
194 41 1
42 43 1
43 42 1
42 51 -1
51 42 -1
42 118 -1
118 42 -1
42 121 -1
121 42 -1
42 150 1
150 42 1
42 181 -1
181 42 -1
42 192 -1
192 42 -1
43 51 1
51 43 1
43 53 -1
53 43 -1
43 64 -1
64 43 -1
43 109 -1
109 43 -1
43 141 -1
141 43 -1
43 142 1
142 43 1
43 170 1
170 43 1
43 183 -1
183 43 -1
43 192 1
192 43 1
44 49 1
49 44 1
44 56 1
56 44 1
44 66 -1
66 44 -1
44 97 -1
97 44 -1
44 109 1
109 44 1
44 111 1
111 44 1
44 129 1
129 44 1
44 130 -1
130 44 -1
44 131 1
131 44 1
44 138 1
138 44 1
44 145 1
145 44 1
44 148 1
148 44 1
44 161 1
161 44 1
44 169 1
169 44 1
44 172 1
172 44 1
44 175 -1
175 44 -1
44 186 1
186 44 1
44 195 1
195 44 1
45 58 -1
58 45 -1
45 95 -1
95 45 -1
45 129 -1
129 45 -1
45 150 1
150 45 1
45 160 1
160 45 1
45 185 1
185 45 1
46 55 1
55 46 1
46 70 1
70 46 1
46 72 1
72 46 1
46 73 -1
73 46 -1
46 84 1
84 46 1
46 86 1
86 46 1
46 98 1
98 46 1
46 99 -1
99 46 -1
46 100 -1
100 46 -1
46 116 -1
116 46 -1
46 126 -1
126 46 -1
46 140 1
140 46 1
46 173 1
173 46 1
46 189 1
189 46 1
46 200 1
200 46 1
47 49 -1
49 47 -1
47 70 1
70 47 1
47 76 1
76 47 1
47 105 1
105 47 1
47 144 1
144 47 1
47 151 -1
151 47 -1
47 172 -1
172 47 -1
48 69 1
69 48 1
48 71 1
71 48 1
48 75 1
75 48 1
48 91 1
91 48 1
48 101 1
101 48 1
48 146 1
146 48 1
48 151 1
151 48 1
48 168 1
168 48 1
48 174 -1
174 48 -1
48 186 1
186 48 1
48 187 1
187 48 1
49 54 1
54 49 1
49 55 1
55 49 1
49 84 1
84 49 1
49 103 -1
103 49 -1
49 125 -1
125 49 -1
49 130 -1
130 49 -1
49 140 1
140 49 1
49 189 1
189 49 1
49 190 1
190 49 1
50 88 -1
88 50 -1
50 99 -1
99 50 -1
50 104 -1
104 50 -1
50 132 1
132 50 1
50 134 1
134 50 1
50 152 -1
152 50 -1
50 170 1
170 50 1
50 187 -1
187 50 -1
51 53 -1
53 51 -1
51 57 1
57 51 1
51 96 1
96 51 1
51 139 -1
139 51 -1
51 150 1
150 51 1
51 157 1
157 51 1
51 177 1
177 51 1
51 192 1
192 51 1
51 198 -1
198 51 -1
52 67 1
67 52 1
52 71 -1
71 52 -1
52 80 -1
80 52 -1
52 114 1
114 52 1
52 151 -1
151 52 -1
52 166 -1
166 52 -1
52 188 -1
188 52 -1
52 192 -1
192 52 -1
52 200 1
200 52 1
53 55 1
55 53 1
53 58 1
58 53 1
53 64 1
64 53 1
53 65 1
65 53 1
53 69 -1
69 53 -1
53 70 1
70 53 1
53 74 1
74 53 1
53 82 1
82 53 1
53 85 1
85 53 1
53 87 1
87 53 1
53 92 1
92 53 1
53 101 -1
101 53 -1
53 105 1
105 53 1
53 134 -1
134 53 -1
53 140 1
140 53 1
53 172 1
172 53 1
53 184 1
184 53 1
53 191 1
191 53 1
54 82 1
82 54 1
54 87 1
87 54 1
54 144 1
144 54 1
54 147 1
147 54 1
54 171 -1
171 54 -1
54 198 -1
198 54 -1
55 64 1
64 55 1
55 72 1
72 55 1
55 80 -1
80 55 -1
55 81 1
81 55 1
55 97 1
97 55 1
55 105 1
105 55 1
55 110 1
110 55 1
55 112 1
112 55 1
55 122 1
122 55 1
55 140 1
140 55 1
55 152 -1
152 55 -1
55 155 -1
155 55 -1
55 161 -1
161 55 -1
55 174 -1
174 55 -1
55 186 -1
186 55 -1
56 57 1
57 56 1
56 109 1
109 56 1
56 111 1
111 56 1
56 119 1
119 56 1
56 127 1
127 56 1
56 129 -1
129 56 -1
56 144 -1
144 56 -1
56 145 1
145 56 1
56 146 -1
146 56 -1
56 159 -1
159 56 -1
56 161 1
161 56 1
56 172 1
172 56 1
56 186 1
186 56 1
56 190 -1
190 56 -1
56 195 1
195 56 1
56 196 -1
196 56 -1
57 96 1
96 57 1
57 108 1
108 57 1
57 109 -1
109 57 -1
57 131 -1
131 57 -1
57 137 1
137 57 1
57 142 1
142 57 1
57 150 -1
150 57 -1
57 170 1
170 57 1
57 192 1
192 57 1
58 60 1
60 58 1
58 62 1
62 58 1
58 65 1
65 58 1
58 70 1
70 58 1
58 72 1
72 58 1
58 74 1
74 58 1
58 85 1
85 58 1
58 86 1
86 58 1
58 87 1
87 58 1
58 89 1
89 58 1
58 98 1
98 58 1
58 110 1
110 58 1
58 111 1
111 58 1
58 112 -1
112 58 -1
58 116 -1
116 58 -1
58 118 1
118 58 1
58 126 1
126 58 1
58 140 1
140 58 1
58 157 -1
157 58 -1
58 158 1
158 58 1
58 161 -1
161 58 -1
58 165 -1
165 58 -1
58 166 -1
166 58 -1
58 188 -1
188 58 -1
58 189 1
189 58 1
58 194 -1
194 58 -1
59 95 -1
95 59 -1
59 96 -1
96 59 -1
59 105 1
105 59 1
59 120 1
120 59 1
59 124 -1
124 59 -1
59 125 1
125 59 1
59 132 1
132 59 1
59 142 1
142 59 1
59 154 -1
154 59 -1
59 192 1
192 59 1
59 197 -1
197 59 -1
60 63 1
63 60 1
60 65 1
65 60 1
60 82 1
82 60 1
60 84 1
84 60 1
60 87 1
87 60 1
60 91 -1
91 60 -1
60 92 -1
92 60 -1
60 99 -1
99 60 -1
60 101 -1
101 60 -1
60 105 1
105 60 1
60 128 1
128 60 1
60 135 -1
135 60 -1
60 144 1
144 60 1
60 146 -1
146 60 -1
61 72 -1
72 61 -1
61 108 -1
108 61 -1
61 128 1
128 61 1
61 143 1
143 61 1
61 154 1
154 61 1
61 156 -1
156 61 -1
61 163 -1
163 61 -1
61 164 1
164 61 1
61 166 -1
166 61 -1
61 183 1
183 61 1
61 186 -1
186 61 -1
61 196 1
196 61 1
61 197 1
197 61 1
62 72 1
72 62 1
62 86 1
86 62 1
62 107 1
107 62 1
62 110 1
110 62 1
62 131 -1
131 62 -1
62 140 1
140 62 1
62 144 1
144 62 1
62 172 -1
172 62 -1
62 178 1
178 62 1
63 86 -1
86 63 -1
63 112 1
112 63 1
63 165 -1
165 63 -1
63 182 1
182 63 1
64 84 1
84 64 1
64 98 1
98 64 1
64 103 -1
103 64 -1
64 118 1
118 64 1
64 165 -1
165 64 -1
65 78 1
78 65 1
65 82 1
82 65 1
65 86 1
86 65 1
65 87 1
87 65 1
65 89 1
89 65 1
65 106 -1
106 65 -1
65 190 1
190 65 1
66 67 1
67 66 1
66 68 -1
68 66 -1
66 80 -1
80 66 -1
66 96 -1
96 66 -1
66 114 1
114 66 1
66 115 -1
115 66 -1
66 116 -1
116 66 -1
66 130 1
130 66 1
66 133 -1
133 66 -1
66 158 -1
158 66 -1
66 171 1
171 66 1
66 188 1
188 66 1
66 199 1
199 66 1
67 80 -1
80 67 -1
67 82 -1
82 67 -1
67 113 1
113 67 1
67 117 -1
117 67 -1
67 126 1
126 67 1
67 130 1
130 67 1
67 141 1
141 67 1
67 171 1
171 67 1
67 176 1
176 67 1
67 183 -1
183 67 -1
67 199 1
199 67 1
67 200 1
200 67 1
68 71 -1
71 68 -1
68 114 1
114 68 1
68 130 1
130 68 1
68 162 -1
162 68 -1
68 169 1
169 68 1
68 188 1
188 68 1
68 199 1
199 68 1
69 71 1
71 69 1
69 101 1
101 69 1
69 111 -1
111 69 -1
69 129 1
129 69 1
69 156 -1
156 69 -1
69 177 1
177 69 1
69 186 1
186 69 1
70 72 -1
72 70 -1
70 76 1
76 70 1
70 82 1
82 70 1
70 86 1
86 70 1
70 90 1
90 70 1
70 92 1
92 70 1
70 96 -1
96 70 -1
70 105 1
105 70 1
70 112 1
112 70 1
70 140 -1
140 70 -1
70 148 -1
148 70 -1
70 152 -1
152 70 -1
70 153 1
153 70 1
70 158 1
158 70 1
70 189 1
189 70 1
70 190 1
190 70 1
70 191 1
191 70 1
70 195 -1
195 70 -1
70 196 -1
196 70 -1
71 75 1
75 71 1
71 77 1
77 71 1
71 79 -1
79 71 -1
71 89 -1
89 71 -1
71 91 1
91 71 1
71 95 1
95 71 1
71 101 1
101 71 1
71 131 1
131 71 1
71 138 -1
138 71 -1
71 151 1
151 71 1
71 169 1
169 71 1
71 172 1
172 71 1
71 183 -1
183 71 -1
71 186 1
186 71 1
71 190 -1
190 71 -1
71 195 1
195 71 1
71 196 -1
196 71 -1
72 82 1
82 72 1
72 89 1
89 72 1
72 92 -1
92 72 -1
72 97 1
97 72 1
72 107 1
107 72 1
72 112 1
112 72 1
72 116 1
116 72 1
72 120 -1
120 72 -1
72 122 1
122 72 1
72 140 -1
140 72 -1
72 142 -1
142 72 -1
72 143 -1
143 72 -1
72 168 -1
168 72 -1
72 186 -1
186 72 -1
72 199 -1
199 72 -1
73 75 -1
75 73 -1
73 104 1
104 73 1
73 106 1
106 73 1
73 129 -1
129 73 -1
73 156 1
156 73 1
73 164 1
164 73 1
73 166 1
166 73 1
73 175 1
175 73 1
73 193 1
193 73 1
73 196 1
196 73 1
74 107 1
107 74 1
74 154 -1
154 74 -1
74 157 -1
157 74 -1
74 192 -1
192 74 -1
75 78 -1
78 75 -1
75 88 1
88 75 1
75 89 -1
89 75 -1
75 91 1
91 75 1
75 92 -1
92 75 -1
75 93 1
93 75 1
75 95 1
95 75 1
75 109 1
109 75 1
75 111 1
111 75 1
75 119 -1
119 75 -1
75 121 -1
121 75 -1
75 131 1
131 75 1
75 142 -1
142 75 -1
75 145 1
145 75 1
75 146 1
146 75 1
75 148 -1
148 75 -1
75 151 1
151 75 1
75 168 1
168 75 1
75 169 1
169 75 1
75 172 1
172 75 1
75 181 1
181 75 1
75 186 1
186 75 1
75 187 -1
187 75 -1
75 192 -1
192 75 -1
76 105 1
105 76 1
76 113 -1
113 76 -1
76 136 1
136 76 1
76 147 1
147 76 1
76 163 1
163 76 1
76 182 1
182 76 1
77 90 1
90 77 1
77 91 1
91 77 1
77 93 1
93 77 1
77 95 1
95 77 1
77 101 1
101 77 1
77 127 1
127 77 1
77 129 1
129 77 1
77 131 -1
131 77 -1
77 151 1
151 77 1
77 169 1
169 77 1
77 177 1
177 77 1
77 184 -1
184 77 -1
77 185 -1
185 77 -1
77 193 -1
193 77 -1
77 195 1
195 77 1
77 200 -1
200 77 -1
78 94 -1
94 78 -1
78 106 -1
106 78 -1
78 109 1
109 78 1
78 111 1
111 78 1
78 119 1
119 78 1
78 151 1
151 78 1
78 169 1
169 78 1
78 172 1
172 78 1
79 84 -1
84 79 -1
79 101 -1
101 79 -1
79 106 1
106 79 1
79 128 -1
128 79 -1
79 135 -1
135 79 -1
79 154 1
154 79 1
79 156 1
156 79 1
79 164 -1
164 79 -1
79 183 1
183 79 1
79 196 1
196 79 1
80 96 -1
96 80 -1
80 114 -1
114 80 -1
80 117 1
117 80 1
80 133 1
133 80 1
80 135 1
135 80 1
80 141 1
141 80 1
80 150 -1
150 80 -1
80 156 -1
156 80 -1
80 159 -1
159 80 -1
80 176 -1
176 80 -1
80 187 1
187 80 1
80 196 -1
196 80 -1
80 199 1
199 80 1
80 200 1
200 80 1
81 87 1
87 81 1
81 89 1
89 81 1
81 98 1
98 81 1
81 105 1
105 81 1
81 126 1
126 81 1
81 140 1
140 81 1
81 154 1
154 81 1
82 105 -1
105 82 -1
82 140 -1
140 82 -1
82 142 1
142 82 1
82 153 1
153 82 1
82 189 1
189 82 1
82 197 -1
197 82 -1
83 99 1
99 83 1
83 108 -1
108 83 -1
83 115 1
115 83 1
83 128 1
128 83 1
83 132 -1
132 83 -1
83 137 1
137 83 1
83 143 -1
143 83 -1
83 154 1
154 83 1
83 156 1
156 83 1
83 166 1
166 83 1
83 193 1
193 83 1
83 196 1
196 83 1
84 85 1
85 84 1
84 86 1
86 84 1
84 93 -1
93 84 -1
84 95 1
95 84 1
84 105 1
105 84 1
84 140 1
140 84 1
84 198 1
198 84 1
85 87 1
87 85 1
85 136 1
136 85 1
85 162 -1
162 85 -1
85 199 1
199 85 1
86 89 1
89 86 1
86 97 -1
97 86 -1
86 105 1
105 86 1
86 107 1
107 86 1
86 110 1
110 86 1
86 136 -1
136 86 -1
86 158 1
158 86 1
86 164 1
164 86 1
86 180 -1
180 86 -1
86 181 -1
181 86 -1
86 183 -1
183 86 -1
86 186 -1
186 86 -1
86 189 1
189 86 1
86 192 -1
192 86 -1
87 96 1
96 87 1
87 118 1
118 87 1
87 126 1
126 87 1
87 136 1
136 87 1
87 140 1
140 87 1
87 148 -1
148 87 -1
87 165 -1
165 87 -1
87 170 -1
170 87 -1
87 172 -1
172 87 -1
87 178 1
178 87 1
87 184 -1
184 87 -1
88 109 1
109 88 1
88 127 1
127 88 1
88 130 -1
130 88 -1
88 131 1
131 88 1
88 142 -1
142 88 -1
88 186 1
186 88 1
88 195 1
195 88 1
89 97 1
97 89 1
89 105 1
105 89 1
89 107 1
107 89 1
89 110 1
110 89 1
89 126 1
126 89 1
89 140 1
140 89 1
89 149 1
149 89 1
89 166 -1
166 89 -1
89 185 -1
185 89 -1
90 103 -1
103 90 -1
90 111 1
111 90 1
90 119 1
119 90 1
90 131 1
131 90 1
90 144 1
144 90 1
90 186 1
186 90 1
91 95 1
95 91 1
91 103 1
103 91 1
91 109 -1
109 91 -1
91 119 -1
119 91 -1
91 121 -1
121 91 -1
91 124 -1
124 91 -1
91 127 1
127 91 1
91 129 -1
129 91 -1
91 131 1
131 91 1
91 150 -1
150 91 -1
91 151 1
151 91 1
91 164 -1
164 91 -1
91 169 1
169 91 1
91 195 1
195 91 1
92 105 1
105 92 1
92 116 1
116 92 1
92 127 -1
127 92 -1
93 101 1
101 93 1
93 145 -1
145 93 -1
93 169 1
169 93 1
93 183 -1
183 93 -1
93 186 1
186 93 1
94 96 1
96 94 1
94 124 1
124 94 1
94 137 1
137 94 1
94 151 -1
151 94 -1
94 157 -1
157 94 -1
94 170 1
170 94 1
94 171 -1
171 94 -1
95 101 1
101 95 1
95 103 -1
103 95 -1
95 109 1
109 95 1
95 111 1
111 95 1
95 117 -1
117 95 -1
95 119 1
119 95 1
95 124 1
124 95 1
95 127 1
127 95 1
95 129 1
129 95 1
95 131 1
131 95 1
95 151 1
151 95 1
95 161 -1
161 95 -1
95 169 1
169 95 1
95 172 1
172 95 1
95 186 1
186 95 1
96 104 1
104 96 1
96 108 -1
108 96 -1
96 111 -1
111 96 -1
96 123 1
123 96 1
96 128 1
128 96 1
96 137 -1
137 96 -1
96 139 1
139 96 1
96 140 -1
140 96 -1
96 142 1
142 96 1
96 150 1
150 96 1
96 157 1
157 96 1
96 185 1
185 96 1
97 116 1
116 97 1
97 136 1
136 97 1
97 139 -1
139 97 -1
97 141 -1
141 97 -1
97 158 1
158 97 1
98 106 -1
106 98 -1
98 156 1
156 98 1
98 187 -1
187 98 -1
99 106 1
106 99 1
99 149 -1
149 99 -1
99 154 1
154 99 1
99 156 1
156 99 1
99 164 1
164 99 1
99 183 1
183 99 1
99 193 -1
193 99 -1
99 197 -1
197 99 -1
100 119 1
119 100 1
100 131 1
131 100 1
100 145 1
145 100 1
100 150 -1
150 100 -1
100 158 -1
158 100 -1
100 169 1
169 100 1
100 177 1
177 100 1
100 186 -1
186 100 -1
101 109 1
109 101 1
101 111 1
111 101 1
101 119 1
119 101 1
101 131 1
131 101 1
101 137 1
137 101 1
101 146 1
146 101 1
101 150 -1
150 101 -1
101 151 1
151 101 1
101 169 1
169 101 1
101 186 1
186 101 1
101 194 1
194 101 1
102 106 1
106 102 1
102 110 -1
110 102 -1
102 122 -1
122 102 -1
102 154 1
154 102 1
102 164 1
164 102 1
102 179 -1
179 102 -1
102 182 1
182 102 1
102 183 1
183 102 1
102 196 1
196 102 1
102 197 1
197 102 1
103 119 1
119 103 1
103 129 1
129 103 1
103 148 1
148 103 1
103 193 -1
193 103 -1
104 108 1
108 104 1
104 135 1
135 104 1
104 142 1
142 104 1
104 162 1
162 104 1
104 163 -1
163 104 -1
105 107 1
107 105 1
105 116 1
116 105 1
105 119 -1
119 105 -1
105 122 -1
122 105 -1
105 124 -1
124 105 -1
105 126 1
126 105 1
105 129 -1
129 105 -1
105 130 -1
130 105 -1
105 137 -1
137 105 -1
105 142 1
142 105 1
105 144 1
144 105 1
105 149 -1
149 105 -1
105 152 -1
152 105 -1
105 154 -1
154 105 -1
105 178 1
178 105 1
105 184 -1
184 105 -1
105 190 1
190 105 1
105 198 1
198 105 1
106 109 -1
109 106 -1
106 115 1
115 106 1
106 128 -1
128 106 -1
106 131 -1
131 106 -1
106 143 -1
143 106 -1
106 146 -1
146 106 -1
106 151 -1
151 106 -1
106 154 1
154 106 1
106 155 1
155 106 1
106 156 1
156 106 1
106 164 -1
164 106 -1
106 165 -1
165 106 -1
106 166 1
166 106 1
106 167 1
167 106 1
106 170 -1
170 106 -1
106 174 1
174 106 1
106 175 1
175 106 1
106 176 -1
176 106 -1
106 179 1
179 106 1
106 180 1
180 106 1
106 182 1
182 106 1
106 183 1
183 106 1
106 191 -1
191 106 -1
106 193 -1
193 106 -1
106 196 1
196 106 1
106 197 1
197 106 1
107 136 1
136 107 1
107 137 -1
137 107 -1
107 144 1
144 107 1
107 177 -1
177 107 -1
108 131 -1
131 108 -1
108 142 1
142 108 1
108 173 -1
173 108 -1
108 185 1
185 108 1
108 190 1
190 108 1
109 119 1
119 109 1
109 131 1
131 109 1
109 150 1
150 109 1
109 151 1
151 109 1
109 169 1
169 109 1
109 177 1
177 109 1
109 186 1
186 109 1
110 180 -1
180 110 -1
110 186 -1
186 110 -1
111 115 -1
115 111 -1
111 127 1
127 111 1
111 131 1
131 111 1
111 138 1
138 111 1
111 140 -1
140 111 -1
111 148 1
148 111 1
111 151 1
151 111 1
111 167 -1
167 111 -1
111 168 -1
168 111 -1
111 169 1
169 111 1
111 172 1
172 111 1
111 177 1
177 111 1
111 186 1
186 111 1
111 190 -1
190 111 -1
111 195 1
195 111 1
112 125 -1
125 112 -1
112 126 1
126 112 1
112 143 -1
143 112 -1
113 114 1
114 113 1
113 117 1
117 113 1
113 129 -1
129 113 -1
113 130 -1
130 113 -1
113 133 1
133 113 1
113 169 -1
169 113 -1
113 171 1
171 113 1
113 176 -1
176 113 -1
113 200 1
200 113 1
114 130 1
130 114 1
114 137 -1
137 114 -1
114 141 1
141 114 1
114 184 -1
184 114 -1
114 187 1
187 114 1
114 200 1
200 114 1
115 130 -1
130 115 -1
115 154 1
154 115 1
115 156 1
156 115 1
115 164 1
164 115 1
115 196 -1
196 115 -1
115 197 1
197 115 1
116 151 -1
151 116 -1
116 153 1
153 116 1
116 154 -1
154 116 -1
116 195 -1
195 116 -1
117 130 1
130 117 1
117 135 1
135 117 1
117 176 1
176 117 1
117 178 1
178 117 1
118 178 1
178 118 1
118 192 -1
192 118 -1
118 198 1
198 118 1
119 131 1
131 119 1
119 148 1
148 119 1
119 150 -1
150 119 -1
119 151 1
151 119 1
119 160 -1
160 119 -1
119 192 -1
192 119 -1
119 195 1
195 119 1
119 197 -1
197 119 -1
120 124 1
124 120 1
120 150 1
150 120 1
120 151 -1
151 120 -1
120 171 -1
171 120 -1
120 173 1
173 120 1
120 192 1
192 120 1
121 137 1
137 121 1
121 139 -1
139 121 -1
121 157 1
157 121 1
121 169 -1
169 121 -1
121 185 -1
185 121 -1
122 127 -1
127 122 -1
122 140 1
140 122 1
122 195 -1
195 122 -1
122 198 1
198 122 1
123 124 1
124 123 1
123 137 1
137 123 1
123 140 -1
140 123 -1
123 142 1
142 123 1
123 150 1
150 123 1
123 156 1
156 123 1
123 162 1
162 123 1
123 172 -1
172 123 -1
123 173 1
173 123 1
123 192 1
192 123 1
123 198 -1
198 123 -1
124 137 1
137 124 1
124 139 1
139 124 1
124 152 1
152 124 1
124 175 -1
175 124 -1
124 196 1
196 124 1
125 142 1
142 125 1
125 174 -1
174 125 -1
126 132 -1
132 126 -1
126 140 1
140 126 1
126 144 1
144 126 1
126 165 -1
165 126 -1
126 184 1
184 126 1
126 192 -1
192 126 -1
127 131 1
131 127 1
127 172 1
172 127 1
127 186 1
186 127 1
128 133 -1
133 128 -1
128 143 1
143 128 1
128 146 1
146 128 1
128 151 -1
151 128 -1
128 154 1
154 128 1
128 156 1
156 128 1
128 164 -1
164 128 -1
128 174 1
174 128 1
128 175 -1
175 128 -1
128 183 1
183 128 1
128 193 1
193 128 1
128 196 1
196 128 1
128 197 -1
197 128 -1
129 131 1
131 129 1
129 135 -1
135 129 -1
129 146 1
146 129 1
129 151 1
151 129 1
129 169 -1
169 129 -1
129 177 1
177 129 1
129 181 1
181 129 1
129 186 1
186 129 1
130 135 1
135 130 1
130 141 1
141 130 1
130 171 1
171 130 1
130 187 1
187 130 1
130 188 1
188 130 1
130 199 1
199 130 1
130 200 1
200 130 1
131 138 1
138 131 1
131 141 -1
141 131 -1
131 146 -1
146 131 -1
131 148 1
148 131 1
131 151 1
151 131 1
131 161 1
161 131 1
131 164 1
164 131 1
131 168 1
168 131 1
131 169 1
169 131 1
131 170 -1
170 131 -1
131 172 1
172 131 1
131 177 1
177 131 1
131 181 -1
181 131 -1
131 185 -1
185 131 -1
131 186 1
186 131 1
131 192 -1
192 131 -1
131 193 -1
193 131 -1
131 194 1
194 131 1
131 195 1
195 131 1
132 148 -1
148 132 -1
132 150 1
150 132 1
132 170 -1
170 132 -1
132 189 -1
189 132 -1
132 192 1
192 132 1
133 135 1
135 133 1
133 140 -1
140 133 -1
133 145 -1
145 133 -1
133 171 1
171 133 1
133 176 1
176 133 1
133 199 1
199 133 1
133 200 1
200 133 1
134 137 1
137 134 1
134 144 -1
144 134 -1
134 150 1
150 134 1
134 164 -1
164 134 -1
134 173 1
173 134 1
134 181 -1
181 134 -1
134 192 1
192 134 1
135 171 1
171 135 1
135 187 1
187 135 1
135 195 -1
195 135 -1
136 167 -1
167 136 -1
136 183 -1
183 136 -1
137 139 -1
139 137 -1
137 150 1
150 137 1
137 152 1
152 137 1
137 159 1
159 137 1
137 160 1
160 137 1
137 170 1
170 137 1
137 196 -1
196 137 -1
137 197 -1
197 137 -1
138 146 1
146 138 1
138 151 1
151 138 1
138 168 1
168 138 1
138 169 1
169 138 1
138 177 1
177 138 1
138 181 1
181 138 1
138 186 1
186 138 1
138 192 -1
192 138 -1
138 194 1
194 138 1
138 196 -1
196 138 -1
139 150 1
150 139 1
139 189 -1
189 139 -1
139 192 1
192 139 1
139 199 -1
199 139 -1
140 144 -1
144 140 -1
140 147 1
147 140 1
140 149 1
149 140 1
140 158 1
158 140 1
140 166 -1
166 140 -1
140 170 -1
170 140 -1
140 184 1
184 140 1
140 190 1
190 140 1
140 196 -1
196 140 -1
140 198 1
198 140 1
141 171 1
171 141 1
141 186 -1
186 141 -1
141 200 1
200 141 1
142 146 -1
146 142 -1
142 150 1
150 142 1
142 152 1
152 142 1
142 157 1
157 142 1
142 160 1
160 142 1
142 163 1
163 142 1
142 169 -1
169 142 -1
142 170 1
170 142 1
142 173 1
173 142 1
142 197 -1
197 142 -1
143 154 1
154 143 1
143 155 1
155 143 1
143 156 1
156 143 1
143 164 1
164 143 1
143 165 1
165 143 1
143 172 -1
172 143 -1
143 179 -1
179 143 -1
143 180 1
180 143 1
143 183 1
183 143 1
143 193 1
193 143 1
143 196 1
196 143 1
144 152 -1
152 144 -1
144 175 -1
175 144 -1
145 151 1
151 145 1
145 170 -1
170 145 -1
145 172 1
172 145 1
145 182 -1
182 145 -1
145 186 1
186 145 1
145 195 1
195 145 1
146 151 1
151 146 1
146 177 1
177 146 1
146 181 1
181 146 1
146 186 1
186 146 1
147 149 1
149 147 1
147 166 1
166 147 1
147 184 1
184 147 1
147 191 1
191 147 1
148 158 -1
158 148 -1
148 179 -1
179 148 -1
148 181 1
181 148 1
148 186 1
186 148 1
148 194 1
194 148 1
148 195 1
195 148 1
149 158 1
158 149 1
150 152 1
152 150 1
150 157 -1
157 150 -1
150 161 -1
161 150 -1
150 162 1
162 150 1
150 185 1
185 150 1
150 186 -1
186 150 -1
150 192 1
192 150 1
151 161 1
161 151 1
151 168 1
168 151 1
151 172 -1
172 151 -1
151 181 1
181 151 1
151 186 -1
186 151 -1
151 193 -1
193 151 -1
151 194 1
194 151 1
151 195 -1
195 151 -1
151 200 -1
200 151 -1
152 154 -1
154 152 -1
152 160 1
160 152 1
152 173 1
173 152 1
152 192 1
192 152 1
153 154 -1
154 153 -1
153 158 1
158 153 1
153 178 -1
178 153 -1
153 195 -1
195 153 -1
154 155 1
155 154 1
154 156 1
156 154 1
154 164 1
164 154 1
154 165 1
165 154 1
154 167 1
167 154 1
154 175 -1
175 154 -1
154 180 1
180 154 1
154 182 1
182 154 1
154 183 1
183 154 1
154 193 1
193 154 1
154 195 1
195 154 1
154 196 -1
196 154 -1
154 197 -1
197 154 -1
155 156 1
156 155 1
155 164 1
164 155 1
155 180 1
180 155 1
155 182 -1
182 155 -1
155 183 1
183 155 1
155 196 1
196 155 1
155 200 -1
200 155 -1
156 159 -1
159 156 -1
156 164 1
164 156 1
156 165 1
165 156 1
156 166 1
166 156 1
156 174 1
174 156 1
156 175 1
175 156 1
156 177 -1
177 156 -1
156 182 1
182 156 1
156 183 -1
183 156 -1
156 186 -1
186 156 -1
156 193 -1
193 156 -1
156 194 -1
194 156 -1
156 196 -1
196 156 -1
156 197 -1
197 156 -1
157 162 1
162 157 1
157 174 1
174 157 1
157 197 1
197 157 1
158 172 -1
172 158 -1
159 185 1
185 159 1
160 163 -1
163 160 -1
161 186 1
186 161 1
162 178 -1
178 162 -1
162 185 1
185 162 1
162 192 1
192 162 1
163 169 -1
169 163 -1
164 165 1
165 164 1
164 166 1
166 164 1
164 167 1
167 164 1
164 174 1
174 164 1
164 175 1
175 164 1
164 176 -1
176 164 -1
164 178 -1
178 164 -1
164 179 -1
179 164 -1
164 182 1
182 164 1
164 183 1
183 164 1
164 185 -1
185 164 -1
164 186 -1
186 164 -1
164 193 1
193 164 1
164 196 1
196 164 1
164 200 -1
200 164 -1
165 166 -1
166 165 -1
165 174 1
174 165 1
165 177 -1
177 165 -1
165 180 1
180 165 1
165 183 1
183 165 1
165 193 1
193 165 1
165 196 1
196 165 1
165 197 -1
197 165 -1
166 174 1
174 166 1
166 183 1
183 166 1
166 193 1
193 166 1
166 196 1
196 166 1
166 197 1
197 166 1
167 183 1
183 167 1
167 193 1
193 167 1
167 196 1
196 167 1
168 172 1
172 168 1
168 194 1
194 168 1
169 181 1
181 169 1
169 185 1
185 169 1
169 186 1
186 169 1
169 194 1
194 169 1
169 195 1
195 169 1
170 185 -1
185 170 -1
170 192 1
192 170 1
170 195 -1
195 170 -1
171 200 1
200 171 1
172 177 1
177 172 1
172 181 1
181 172 1
172 186 -1
186 172 -1
172 194 1
194 172 1
172 195 1
195 172 1
173 181 -1
181 173 -1
173 192 1
192 173 1
173 194 -1
194 173 -1
173 196 -1
196 173 -1
174 183 1
183 174 1
174 196 1
196 174 1
175 196 -1
196 175 -1
176 199 1
199 176 1
177 186 1
186 177 1
178 189 1
189 178 1
179 183 1
183 179 1
179 194 -1
194 179 -1
179 196 1
196 179 1
179 197 1
197 179 1
180 183 -1
183 180 -1
180 193 -1
193 180 -1
180 196 1
196 180 1
181 186 1
186 181 1
181 194 1
194 181 1
181 195 1
195 181 1
182 196 1
196 182 1
183 185 -1
185 183 -1
183 192 -1
192 183 -1
183 193 1
193 183 1
183 196 1
196 183 1
183 197 1
197 183 1
184 185 1
185 184 1
184 191 1
191 184 1
185 192 1
192 185 1
186 194 1
194 186 1
186 195 1
195 186 1
187 199 1
199 187 1
187 200 1
200 187 1
188 189 -1
189 188 -1
188 199 1
199 188 1
189 190 1
190 189 1
193 196 1
196 193 1
193 197 1
197 193 1
194 195 1
195 194 1
195 199 -1
199 195 -1
196 197 1
197 196 1
199 200 -1
200 199 -1
