1 7 -1
7 1 -1
1 8 1
8 1 1
1 20 -1
20 1 -1
1 47 1
47 1 1
1 71 -1
71 1 -1
1 79 1
79 1 1
1 87 -1
87 1 -1
1 94 1
94 1 1
1 130 1
130 1 1
1 135 1
135 1 1
1 149 1
149 1 1
1 150 1
150 1 1
1 152 1
152 1 1
1 154 1
154 1 1
1 166 1
166 1 1
1 169 1
169 1 1
1 172 -1
172 1 -1
1 180 1
180 1 1
2 9 1
9 2 1
2 10 1
10 2 1
2 19 -1
19 2 -1
2 20 -1
20 2 -1
2 26 1
26 2 1
2 27 1
27 2 1
2 28 1
28 2 1
2 31 1
31 2 1
2 35 1
35 2 1
2 46 -1
46 2 -1
2 50 1
50 2 1
2 53 1
53 2 1
2 65 1
65 2 1
2 70 -1
70 2 -1
2 73 -1
73 2 -1
2 74 1
74 2 1
2 80 -1
80 2 -1
2 82 1
82 2 1
2 86 1
86 2 1
2 93 -1
93 2 -1
2 96 1
96 2 1
2 104 1
104 2 1
2 123 -1
123 2 -1
2 129 -1
129 2 -1
2 144 1
144 2 1
2 145 1
145 2 1
2 146 1
146 2 1
2 151 1
151 2 1
2 155 1
155 2 1
2 168 -1
168 2 -1
2 171 1
171 2 1
2 179 1
179 2 1
2 180 -1
180 2 -1
2 184 -1
184 2 -1
2 190 -1
190 2 -1
2 197 -1
197 2 -1
3 7 1
7 3 1
3 11 1
11 3 1
3 16 1
16 3 1
3 20 1
20 3 1
3 21 1
21 3 1
3 32 1
32 3 1
3 47 1
47 3 1
3 52 -1
52 3 -1
3 56 -1
56 3 -1
3 57 1
57 3 1
3 67 -1
67 3 -1
3 69 -1
69 3 -1
3 76 1
76 3 1
3 84 -1
84 3 -1
3 88 -1
88 3 -1
3 89 1
89 3 1
3 91 1
91 3 1
3 94 -1
94 3 -1
3 127 -1
127 3 -1
3 129 1
129 3 1
3 141 1
141 3 1
3 148 -1
148 3 -1
3 156 1
156 3 1
3 166 -1
166 3 -1
3 168 1
168 3 1
3 170 -1
170 3 -1
3 173 -1
173 3 -1
3 174 1
174 3 1
3 176 1
176 3 1
3 183 1
183 3 1
3 184 1
184 3 1
3 188 1
188 3 1
3 196 1
196 3 1
4 7 1
7 4 1
4 20 1
20 4 1
4 39 -1
39 4 -1
4 46 -1
46 4 -1
4 56 1
56 4 1
4 85 1
85 4 1
4 107 -1
107 4 -1
4 115 1
115 4 1
4 122 -1
122 4 -1
4 133 -1
133 4 -1
4 155 -1
155 4 -1
4 166 1
166 4 1
4 178 -1
178 4 -1
5 37 1
37 5 1
5 63 -1
63 5 -1
5 113 1
113 5 1
5 140 -1
140 5 -1
5 150 1
150 5 1
5 167 1
167 5 1
5 168 -1
168 5 -1
5 173 1
173 5 1
5 175 -1
175 5 -1
5 178 1
178 5 1
5 192 -1
192 5 -1
6 11 1
11 6 1
6 12 1
12 6 1
6 45 1
45 6 1
6 49 -1
49 6 -1
6 52 1
52 6 1
6 56 -1
56 6 -1
6 92 1
92 6 1
6 132 -1
132 6 -1
6 136 -1
136 6 -1
6 184 -1
184 6 -1
6 198 1
198 6 1
7 14 1
14 7 1
7 19 1
19 7 1
7 22 1
22 7 1
7 28 -1
28 7 -1
7 29 1
29 7 1
7 30 -1
30 7 -1
7 47 -1
47 7 -1
7 48 1
48 7 1
7 52 -1
52 7 -1
7 56 1
56 7 1
7 57 1
57 7 1
7 59 1
59 7 1
7 64 1
64 7 1
7 69 1
69 7 1
7 70 1
70 7 1
7 71 1
71 7 1
7 72 1
72 7 1
7 82 -1
82 7 -1
7 92 1
92 7 1
7 93 1
93 7 1
7 107 1
107 7 1
7 112 -1
112 7 -1
7 120 1
120 7 1
7 125 -1
125 7 -1
7 131 -1
131 7 -1
7 136 1
136 7 1
7 147 1
147 7 1
7 148 -1
148 7 -1
7 152 -1
152 7 -1
7 156 1
156 7 1
7 159 -1
159 7 -1
7 165 -1
165 7 -1
7 166 1
166 7 1
7 168 1
168 7 1
7 170 1
170 7 1
7 173 -1
173 7 -1
7 174 -1
174 7 -1
7 179 -1
179 7 -1
7 183 1
183 7 1
7 184 1
184 7 1
7 188 1
188 7 1
7 197 1
197 7 1
8 30 -1
30 8 -1
8 38 -1
38 8 -1
8 40 -1
40 8 -1
8 47 -1
47 8 -1
8 55 1
55 8 1
8 79 1
79 8 1
8 91 -1
91 8 -1
8 93 -1
93 8 -1
8 94 1
94 8 1
8 98 -1
98 8 -1
8 101 -1
101 8 -1
8 126 -1
126 8 -1
8 130 1
130 8 1
8 135 1
135 8 1
8 139 1
139 8 1
8 149 1
149 8 1
8 152 1
152 8 1
8 154 1
154 8 1
8 164 -1
164 8 -1
8 169 1
169 8 1
8 172 1
172 8 1
8 179 1
179 8 1
8 180 1
180 8 1
8 188 -1
188 8 -1
8 190 -1
190 8 -1
9 26 1
26 9 1
9 35 1
35 9 1
9 46 1
46 9 1
9 62 -1
62 9 -1
9 96 1
96 9 1
9 103 1
103 9 1
9 129 -1
129 9 -1
9 136 1
136 9 1
9 171 1
171 9 1
10 26 1
26 10 1
10 28 1
28 10 1
10 35 1
35 10 1
10 59 -1
59 10 -1
10 73 1
73 10 1
10 96 1
96 10 1
10 98 -1
98 10 -1
10 104 1
104 10 1
10 147 -1
147 10 -1
11 12 -1
12 11 -1
11 23 1
23 11 1
11 38 -1
38 11 -1
11 52 1
52 11 1
11 62 -1
62 11 -1
11 92 1
92 11 1
11 107 -1
107 11 -1
11 121 -1
121 11 -1
11 124 1
124 11 1
11 143 1
143 11 1
11 160 1
160 11 1
11 182 1
182 11 1
11 184 -1
184 11 -1
11 192 -1
192 11 -1
11 198 1
198 11 1
12 14 -1
14 12 -1
12 15 1
15 12 1
12 18 1
18 12 1
12 34 -1
34 12 -1
12 38 1
38 12 1
12 45 1
45 12 1
12 51 1
51 12 1
12 52 1
52 12 1
12 61 1
61 12 1
12 69 -1
69 12 -1
12 81 -1
81 12 -1
12 88 1
88 12 1
12 92 1
92 12 1
12 108 -1
108 12 -1
12 112 1
112 12 1
12 114 1
114 12 1
12 118 1
118 12 1
12 124 1
124 12 1
12 132 -1
132 12 -1
12 134 -1
134 12 -1
12 138 -1
138 12 -1
12 141 -1
141 12 -1
12 143 1
143 12 1
12 166 -1
166 12 -1
12 168 -1
168 12 -1
12 182 -1
182 12 -1
12 188 -1
188 12 -1
12 189 -1
189 12 -1
12 198 1
198 12 1
13 37 -1
37 13 -1
13 54 -1
54 13 -1
13 59 -1
59 13 -1
13 62 1
62 13 1
13 84 -1
84 13 -1
13 128 1
128 13 1
13 150 1
150 13 1
13 167 1
167 13 1
13 173 1
173 13 1
13 185 1
185 13 1
13 191 -1
191 13 -1
13 195 1
195 13 1
14 16 1
16 14 1
14 18 -1
18 14 -1
14 56 1
56 14 1
14 58 1
58 14 1
14 70 -1
70 14 -1
14 87 1
87 14 1
14 99 -1
99 14 -1
14 102 1
102 14 1
14 115 1
115 14 1
14 116 -1
116 14 -1
14 122 1
122 14 1
14 141 1
141 14 1
14 147 1
147 14 1
14 152 -1
152 14 -1
14 175 -1
175 14 -1
14 184 -1
184 14 -1
14 190 -1
190 14 -1
14 195 -1
195 14 -1
14 197 1
197 14 1
15 32 -1
32 15 -1
15 33 1
33 15 1
15 51 1
51 15 1
15 53 -1
53 15 -1
15 71 -1
71 15 -1
15 88 1
88 15 1
15 90 -1
90 15 -1
15 92 1
92 15 1
15 114 1
114 15 1
15 118 1
118 15 1
15 121 1
121 15 1
15 132 1
132 15 1
15 143 1
143 15 1
15 153 -1
153 15 -1
15 182 1
182 15 1
15 188 -1
188 15 -1
15 198 1
198 15 1
16 17 -1
17 16 -1
16 19 -1
19 16 -1
16 26 -1
26 16 -1
16 42 1
42 16 1
16 55 1
55 16 1
16 59 -1
59 16 -1
16 70 1
70 16 1
16 72 1
72 16 1
16 82 -1
82 16 -1
16 91 -1
91 16 -1
16 93 1
93 16 1
16 95 -1
95 16 -1
16 100 1
100 16 1
16 103 -1
103 16 -1
16 126 -1
126 16 -1
16 136 1
136 16 1
16 157 1
157 16 1
16 164 1
164 16 1
16 168 1
168 16 1
16 190 1
190 16 1
17 43 -1
43 17 -1
17 62 1
62 17 1
17 93 -1
93 17 -1
17 99 1
99 17 1
17 134 1
134 17 1
17 142 -1
142 17 -1
17 150 1
150 17 1
17 167 1
167 17 1
17 173 1
173 17 1
17 175 -1
175 17 -1
17 176 1
176 17 1
17 178 1
178 17 1
17 182 -1
182 17 -1
17 191 -1
191 17 -1
18 52 -1
52 18 -1
18 56 -1
56 18 -1
18 92 1
92 18 1
18 105 -1
105 18 -1
18 112 1
112 18 1
18 114 1
114 18 1
18 132 -1
132 18 -1
18 137 -1
137 18 -1
18 160 1
160 18 1
18 198 1
198 18 1
19 48 -1
48 19 -1
19 56 1
56 19 1
19 57 1
57 19 1
19 70 1
70 19 1
19 75 1
75 19 1
19 91 1
91 19 1
19 93 1
93 19 1
19 103 1
103 19 1
19 107 -1
107 19 -1
19 120 1
120 19 1
19 121 -1
121 19 -1
19 150 -1
150 19 -1
19 152 -1
152 19 -1
19 153 1
153 19 1
19 159 -1
159 19 -1
19 165 1
165 19 1
19 167 -1
167 19 -1
19 174 -1
174 19 -1
19 183 1
183 19 1
19 184 1
184 19 1
19 197 1
197 19 1
19 198 -1
198 19 -1
20 76 1
76 20 1
20 77 -1
77 20 -1
20 84 -1
84 20 -1
20 91 -1
91 20 -1
20 93 -1
93 20 -1
20 106 1
106 20 1
20 107 1
107 20 1
20 156 1
156 20 1
20 174 -1
174 20 -1
21 25 -1
25 21 -1
21 41 -1
41 21 -1
21 66 -1
66 21 -1
21 69 -1
69 21 -1
21 72 1
72 21 1
21 77 -1
77 21 -1
21 78 1
78 21 1
21 95 1
95 21 1
21 97 1
97 21 1
21 101 1
101 21 1
21 105 1
105 21 1
21 107 1
107 21 1
21 109 1
109 21 1
21 110 1
110 21 1
21 111 1
111 21 1
21 127 1
127 21 1
21 128 1
128 21 1
21 131 1
131 21 1
21 137 1
137 21 1
21 158 1
158 21 1
21 159 1
159 21 1
21 161 1
161 21 1
21 162 -1
162 21 -1
21 177 1
177 21 1
21 181 1
181 21 1
21 186 1
186 21 1
21 188 -1
188 21 -1
22 39 -1
39 22 -1
22 71 1
71 22 1
22 88 1
88 22 1
22 107 1
107 22 1
22 115 1
115 22 1
22 129 1
129 22 1
22 132 -1
132 22 -1
22 162 -1
162 22 -1
22 166 -1
166 22 -1
22 182 -1
182 22 -1
22 183 1
183 22 1
22 188 1
188 22 1
22 192 1
192 22 1
22 197 1
197 22 1
22 200 -1
200 22 -1
23 51 1
51 23 1
23 52 1
52 23 1
23 92 1
92 23 1
23 108 1
108 23 1
23 121 1
121 23 1
23 132 1
132 23 1
23 170 -1
170 23 -1
23 174 -1
174 23 -1
23 182 1
182 23 1
23 189 1
189 23 1
23 198 1
198 23 1
24 30 1
30 24 1
24 40 1
40 24 1
24 47 1
47 24 1
24 81 -1
81 24 -1
24 92 -1
92 24 -1
24 94 1
94 24 1
24 98 1
98 24 1
24 130 1
130 24 1
24 149 -1
149 24 -1
24 152 1
152 24 1
24 159 -1
159 24 -1
24 197 -1
197 24 -1
25 31 1
31 25 1
25 52 -1
52 25 -1
25 57 -1
57 25 -1
25 84 1
84 25 1
25 91 -1
91 25 -1
25 117 1
117 25 1
25 166 -1
166 25 -1
25 168 1
168 25 1
25 197 1
197 25 1
26 27 1
27 26 1
26 28 -1
28 26 -1
26 31 1
31 26 1
26 35 1
35 26 1
26 39 -1
39 26 -1
26 46 1
46 26 1
26 50 1
50 26 1
26 53 -1
53 26 -1
26 66 -1
66 26 -1
26 68 -1
68 26 -1
26 71 1
71 26 1
26 73 1
73 26 1
26 74 1
74 26 1
26 82 1
82 26 1
26 93 -1
93 26 -1
26 96 -1
96 26 -1
26 103 1
103 26 1
26 104 1
104 26 1
26 114 -1
114 26 -1
26 123 1
123 26 1
26 144 1
144 26 1
26 145 1
145 26 1
26 146 -1
146 26 -1
26 155 1
155 26 1
26 159 -1
159 26 -1
26 167 -1
167 26 -1
26 171 1
171 26 1
26 179 1
179 26 1
26 192 -1
192 26 -1
27 28 1
28 27 1
27 53 1
53 27 1
27 56 -1
56 27 -1
27 65 1
65 27 1
27 73 1
73 27 1
27 74 1
74 27 1
27 81 -1
81 27 -1
27 82 -1
82 27 -1
27 86 1
86 27 1
27 96 1
96 27 1
27 103 1
103 27 1
27 146 -1
146 27 -1
27 151 1
151 27 1
27 183 -1
183 27 -1
27 185 -1
185 27 -1
27 197 -1
197 27 -1
28 35 1
35 28 1
28 46 1
46 28 1
28 50 -1
50 28 -1
28 53 1
53 28 1
28 56 -1
56 28 -1
28 57 -1
57 28 -1
28 58 -1
58 28 -1
28 65 1
65 28 1
28 73 -1
73 28 -1
28 80 1
80 28 1
28 82 1
82 28 1
28 87 -1
87 28 -1
28 96 1
96 28 1
28 103 1
103 28 1
28 104 1
104 28 1
28 106 1
106 28 1
28 123 1
123 28 1
28 145 -1
145 28 -1
28 146 1
146 28 1
28 155 1
155 28 1
28 164 1
164 28 1
28 171 1
171 28 1
28 179 1
179 28 1
28 190 -1
190 28 -1
28 197 -1
197 28 -1
29 44 1
44 29 1
29 62 1
62 29 1
29 63 1
63 29 1
29 84 -1
84 29 -1
29 108 -1
108 29 -1
29 113 -1
113 29 -1
29 118 -1
118 29 -1
29 167 1
167 29 1
29 173 1
173 29 1
29 175 1
175 29 1
29 195 1
195 29 1
30 40 1
40 30 1
30 47 1
47 30 1
30 91 -1
91 30 -1
30 94 1
94 30 1
30 98 1
98 30 1
30 120 -1
120 30 -1
30 126 1
126 30 1
30 130 1
130 30 1
30 149 1
149 30 1
30 172 1
172 30 1
31 46 1
46 31 1
31 48 1
48 31 1
31 50 1
50 31 1
31 72 -1
72 31 -1
31 73 1
73 31 1
31 96 1
96 31 1
31 144 1
144 31 1
31 145 1
145 31 1
31 194 -1
194 31 -1
32 38 -1
38 32 -1
32 43 -1
43 32 -1
32 56 1
56 32 1
32 70 -1
70 32 -1
32 81 -1
81 32 -1
32 87 1
87 32 1
32 158 1
158 32 1
32 167 -1
167 32 -1
32 168 1
168 32 1
32 183 1
183 32 1
32 190 1
190 32 1
33 36 1
36 33 1
33 38 1
38 33 1
33 52 1
52 33 1
33 92 1
92 33 1
33 115 -1
115 33 -1
33 132 1
132 33 1
33 166 -1
166 33 -1
33 182 1
182 33 1
33 184 -1
184 33 -1
33 187 1
187 33 1
33 190 -1
190 33 -1
33 198 -1
198 33 -1
34 38 1
38 34 1
34 52 1
52 34 1
34 67 1
67 34 1
34 92 1
92 34 1
34 93 -1
93 34 -1
34 120 -1
120 34 -1
34 143 1
143 34 1
34 182 1
182 34 1
34 198 1
198 34 1
35 46 1
46 35 1
35 50 1
50 35 1
35 53 1
53 35 1
35 65 -1
65 35 -1
35 73 -1
73 35 -1
35 78 -1
78 35 -1
35 80 1
80 35 1
35 82 -1
82 35 -1
35 83 -1
83 35 -1
35 96 1
96 35 1
35 102 -1
102 35 -1
35 103 1
103 35 1
35 104 -1
104 35 -1
35 123 1
123 35 1
35 125 -1
125 35 -1
35 129 1
129 35 1
35 146 1
146 35 1
35 151 1
151 35 1
35 153 -1
153 35 -1
35 155 1
155 35 1
35 166 1
166 35 1
35 171 1
171 35 1
35 179 -1
179 35 -1
35 192 1
192 35 1
36 38 -1
38 36 -1
36 52 1
52 36 1
36 92 1
92 36 1
36 121 1
121 36 1
36 124 1
124 36 1
36 170 -1
170 36 -1
36 174 1
174 36 1
36 196 -1
196 36 -1
36 198 1
198 36 1
37 42 -1
42 37 -1
37 44 -1
44 37 -1
37 54 -1
54 37 -1
37 62 1
62 37 1
37 63 -1
63 37 -1
37 84 -1
84 37 -1
37 99 1
99 37 1
37 113 -1
113 37 -1
37 119 1
119 37 1
37 133 -1
133 37 -1
37 134 1
134 37 1
37 150 1
150 37 1
37 151 -1
151 37 -1
37 153 -1
153 37 -1
37 167 1
167 37 1
37 168 -1
168 37 -1
37 173 1
173 37 1
37 175 1
175 37 1
37 176 1
176 37 1
37 178 1
178 37 1
37 186 1
186 37 1
37 191 1
191 37 1
37 195 -1
195 37 -1
38 44 -1
44 38 -1
38 52 1
52 38 1
38 61 1
61 38 1
38 64 -1
64 38 -1
38 67 1
67 38 1
38 88 1
88 38 1
38 92 1
92 38 1
38 118 1
118 38 1
38 120 1
120 38 1
38 121 1
121 38 1
38 160 1
160 38 1
38 172 -1
172 38 -1
38 182 1
182 38 1
38 184 -1
184 38 -1
38 187 1
187 38 1
38 189 1
189 38 1
38 198 1
198 38 1
38 199 1
199 38 1
38 200 -1
200 38 -1
39 62 -1
62 39 -1
39 84 1
84 39 1
39 93 1
93 39 1
39 107 1
107 39 1
39 120 1
120 39 1
39 129 1
129 39 1
39 161 -1
161 39 -1
39 174 1
174 39 1
39 177 -1
177 39 -1
39 188 -1
188 39 -1
39 197 1
197 39 1
40 47 1
47 40 1
40 55 1
55 40 1
40 58 -1
58 40 -1
40 60 1
60 40 1
40 79 -1
79 40 -1
40 84 -1
84 40 -1
40 90 -1
90 40 -1
40 91 -1
91 40 -1
40 94 1
94 40 1
40 98 1
98 40 1
40 126 -1
126 40 -1
40 130 1
130 40 1
40 135 1
135 40 1
40 136 -1
136 40 -1
40 138 -1
138 40 -1
40 139 1
139 40 1
40 149 1
149 40 1
40 152 1
152 40 1
40 154 1
154 40 1
40 169 1
169 40 1
40 170 1
170 40 1
40 180 1
180 40 1
40 183 1
183 40 1
41 68 -1
68 41 -1
41 69 -1
69 41 -1
41 77 1
77 41 1
41 78 1
78 41 1
41 95 1
95 41 1
41 97 1
97 41 1
41 101 1
101 41 1
41 105 1
105 41 1
41 107 -1
107 41 -1
41 111 1
111 41 1
41 127 1
127 41 1
41 128 -1
128 41 -1
41 131 1
131 41 1
41 141 -1
141 41 -1
41 158 1
158 41 1
41 161 1
161 41 1
41 162 1
162 41 1
41 177 1
177 41 1
41 186 1
186 41 1
41 188 -1
188 41 -1
41 192 -1
192 41 -1
41 197 -1
197 41 -1
42 44 -1
44 42 -1
42 72 1
72 42 1
42 81 1
81 42 1
42 92 -1
92 42 -1
42 93 1
93 42 1
42 102 1
102 42 1
42 138 1
138 42 1
42 151 -1
151 42 -1
42 160 1
160 42 1
42 168 1
168 42 1
42 174 -1
174 42 -1
42 180 -1
180 42 -1
42 183 1
183 42 1
42 184 1
184 42 1
42 192 1
192 42 1
42 197 1
197 42 1
43 48 1
48 43 1
43 59 1
59 43 1
43 70 1
70 43 1
43 136 1
136 43 1
43 142 1
142 43 1
43 145 -1
145 43 -1
43 197 1
197 43 1
43 198 -1
198 43 -1
44 62 1
62 44 1
44 63 1
63 44 1
44 84 -1
84 44 -1
44 93 1
93 44 1
44 99 1
99 44 1
44 134 1
134 44 1
44 150 1
150 44 1
44 173 1
173 44 1
44 175 1
175 44 1
44 176 1
176 44 1
44 195 1
195 44 1
45 52 1
52 45 1
45 56 1
56 45 1
45 73 -1
73 45 -1
45 92 1
92 45 1
45 118 1
118 45 1
45 121 -1
121 45 -1
45 132 1
132 45 1
45 143 1
143 45 1
45 198 1
198 45 1
46 50 1
50 46 1
46 53 1
53 46 1
46 65 1
65 46 1
46 73 1
73 46 1
46 74 -1
74 46 -1
46 82 1
82 46 1
46 86 1
86 46 1
46 87 -1
87 46 -1
46 89 -1
89 46 -1
46 91 -1
91 46 -1
46 96 1
96 46 1
46 103 1
103 46 1
46 104 1
104 46 1
46 122 -1
122 46 -1
46 123 1
123 46 1
46 141 -1
141 46 -1
46 145 1
145 46 1
46 146 1
146 46 1
46 151 1
151 46 1
46 155 1
155 46 1
46 157 -1
157 46 -1
46 171 1
171 46 1
46 174 -1
174 46 -1
46 179 1
179 46 1
46 188 -1
188 46 -1
46 196 -1
196 46 -1
47 48 -1
48 47 -1
47 55 1
55 47 1
47 60 1
60 47 1
47 64 -1
64 47 -1
47 79 1
79 47 1
47 94 1
94 47 1
47 97 -1
97 47 -1
47 98 1
98 47 1
47 126 1
126 47 1
47 130 1
130 47 1
47 135 -1
135 47 -1
47 139 1
139 47 1
47 147 -1
147 47 -1
47 149 1
149 47 1
47 152 1
152 47 1
47 154 1
154 47 1
47 163 -1
163 47 -1
47 167 -1
167 47 -1
47 169 1
169 47 1
47 172 1
172 47 1
47 180 1
180 47 1
48 56 1
56 48 1
48 70 1
70 48 1
48 89 1
89 48 1
48 91 1
91 48 1
48 93 -1
93 48 -1
48 96 -1
96 48 -1
48 107 1
107 48 1
48 110 -1
110 48 -1
48 123 -1
123 48 -1
48 129 1
129 48 1
48 136 1
136 48 1
48 138 1
138 48 1
48 141 1
141 48 1
48 143 -1
143 48 -1
48 146 -1
146 48 -1
48 156 1
156 48 1
48 167 1
167 48 1
48 168 1
168 48 1
48 184 1
184 48 1
48 192 1
192 48 1
48 193 1
193 48 1
48 194 -1
194 48 -1
48 196 1
196 48 1
49 54 1
54 49 1
49 56 1
56 49 1
49 72 1
72 49 1
49 93 1
93 49 1
49 98 -1
98 49 -1
49 122 1
122 49 1
49 129 1
129 49 1
49 132 -1
132 49 -1
49 147 1
147 49 1
49 156 1
156 49 1
49 166 1
166 49 1
49 186 -1
186 49 -1
50 53 1
53 50 1
50 57 -1
57 50 -1
50 73 1
73 50 1
50 74 1
74 50 1
50 82 1
82 50 1
50 96 1
96 50 1
50 103 1
103 50 1
50 104 1
104 50 1
50 107 1
107 50 1
50 125 -1
125 50 -1
50 142 -1
142 50 -1
50 146 1
146 50 1
50 148 -1
148 50 -1
50 151 1
151 50 1
50 169 1
169 50 1
50 171 -1
171 50 -1
50 190 -1
190 50 -1
51 63 -1
63 51 -1
51 84 -1
84 51 -1
51 92 -1
92 51 -1
51 100 -1
100 51 -1
51 114 1
114 51 1
51 121 1
121 51 1
51 132 1
132 51 1
51 198 1
198 51 1
52 57 -1
57 52 -1
52 61 1
61 52 1
52 67 1
67 52 1
52 71 1
71 52 1
52 73 -1
73 52 -1
52 88 -1
88 52 -1
52 92 1
92 52 1
52 96 -1
96 52 -1
52 114 1
114 52 1
52 121 1
121 52 1
52 124 1
124 52 1
52 130 1
130 52 1
52 132 1
132 52 1
52 136 -1
136 52 -1
52 138 -1
138 52 -1
52 143 1
143 52 1
52 160 1
160 52 1
52 182 1
182 52 1
52 187 -1
187 52 -1
52 189 1
189 52 1
52 194 -1
194 52 -1
52 198 1
198 52 1
52 199 1
199 52 1
52 200 1
200 52 1
53 65 1
65 53 1
53 66 -1
66 53 -1
53 73 1
73 53 1
53 75 -1
75 53 -1
53 82 -1
82 53 -1
53 83 -1
83 53 -1
53 93 -1
93 53 -1
53 96 1
96 53 1
53 103 1
103 53 1
53 129 -1
129 53 -1
53 146 1
146 53 1
53 171 1
171 53 1
54 56 -1
56 54 -1
54 59 1
59 54 1
54 69 -1
69 54 -1
54 76 1
76 54 1
54 91 -1
91 54 -1
54 120 1
120 54 1
54 148 1
148 54 1
54 154 -1
154 54 -1
54 155 -1
155 54 -1
54 184 1
184 54 1
54 194 1
194 54 1
55 57 -1
57 55 -1
55 60 1
60 55 1
55 130 1
130 55 1
55 152 1
152 55 1
55 154 1
154 55 1
55 180 1
180 55 1
55 192 1
192 55 1
56 58 1
58 56 1
56 68 -1
68 56 -1
56 72 1
72 56 1
56 84 1
84 56 1
56 87 1
87 56 1
56 91 1
91 56 1
56 100 1
100 56 1
56 113 -1
113 56 -1
56 115 -1
115 56 -1
56 120 1
120 56 1
56 122 1
122 56 1
56 128 1
128 56 1
56 141 1
141 56 1
56 149 -1
149 56 -1
56 153 1
153 56 1
56 165 1
165 56 1
56 166 -1
166 56 -1
56 168 1
168 56 1
56 170 1
170 56 1
56 174 1
174 56 1
56 176 1
176 56 1
56 180 -1
180 56 -1
56 186 -1
186 56 -1
56 190 1
190 56 1
56 192 1
192 56 1
56 197 1
197 56 1
56 198 1
198 56 1
57 58 1
58 57 1
57 64 1
64 57 1
57 77 -1
77 57 -1
57 81 1
81 57 1
57 84 1
84 57 1
57 85 1
85 57 1
57 87 1
87 57 1
57 89 1
89 57 1
57 91 -1
91 57 -1
57 105 -1
105 57 -1
57 107 1
107 57 1
57 121 -1
121 57 -1
57 129 1
129 57 1
57 136 1
136 57 1
57 147 1
147 57 1
57 153 1
153 57 1
57 168 1
168 57 1
57 173 -1
173 57 -1
57 188 1
188 57 1
57 194 -1
194 57 -1
57 197 1
197 57 1
58 69 1
69 58 1
58 71 1
71 58 1
58 72 1
72 58 1
58 73 -1
73 58 -1
58 81 1
81 58 1
58 84 1
84 58 1
58 87 1
87 58 1
58 93 1
93 58 1
58 107 1
107 58 1
58 136 1
136 58 1
58 146 -1
146 58 -1
58 168 1
168 58 1
58 170 1
170 58 1
58 174 1
174 58 1
58 188 -1
188 58 -1
58 189 -1
189 58 -1
58 190 1
190 58 1
58 191 -1
191 58 -1
58 192 1
192 58 1
58 197 1
197 58 1
58 198 1
198 58 1
59 72 1
72 59 1
59 83 1
83 59 1
59 93 -1
93 59 -1
59 104 -1
104 59 -1
59 107 1
107 59 1
59 136 1
136 59 1
59 147 1
147 59 1
59 166 1
166 59 1
59 168 1
168 59 1
59 171 -1
171 59 -1
59 186 -1
186 59 -1
59 188 1
188 59 1
60 87 -1
87 60 -1
60 91 -1
91 60 -1
60 94 1
94 60 1
60 98 1
98 60 1
60 130 1
130 60 1
60 152 1
152 60 1
60 193 -1
193 60 -1
61 72 -1
72 61 -1
61 88 1
88 61 1
61 92 1
92 61 1
61 132 1
132 61 1
61 189 1
189 61 1
61 192 -1
192 61 -1
61 197 1
197 61 1
62 89 -1
89 62 -1
62 113 1
113 62 1
62 149 -1
149 62 -1
62 150 1
150 62 1
62 167 1
167 62 1
62 173 1
173 62 1
62 175 1
175 62 1
62 176 1
176 62 1
62 185 1
185 62 1
62 191 1
191 62 1
63 93 -1
93 63 -1
63 113 1
113 63 1
63 150 1
150 63 1
63 167 1
167 63 1
63 173 -1
173 63 -1
63 175 1
175 63 1
63 176 1
176 63 1
63 192 -1
192 63 -1
63 196 -1
196 63 -1
63 197 1
197 63 1
64 84 1
84 64 1
64 97 -1
97 64 -1
64 162 -1
162 64 -1
64 166 -1
166 64 -1
64 168 1
168 64 1
64 190 1
190 64 1
64 192 1
192 64 1
65 73 1
73 65 1
65 82 1
82 65 1
65 96 1
96 65 1
65 103 1
103 65 1
65 107 -1
107 65 -1
65 115 1
115 65 1
65 123 -1
123 65 -1
65 144 1
144 65 1
65 166 1
166 65 1
65 190 -1
190 65 -1
66 70 1
70 66 1
66 85 1
85 66 1
66 148 1
148 66 1
66 166 1
166 66 1
66 184 1
184 66 1
66 188 1
188 66 1
66 192 1
192 66 1
67 88 1
88 67 1
67 92 1
92 67 1
67 129 -1
129 67 -1
67 143 -1
143 67 -1
67 150 -1
150 67 -1
67 156 -1
156 67 -1
67 200 1
200 67 1
68 78 -1
78 68 -1
68 83 1
83 68 1
68 89 1
89 68 1
68 90 1
90 68 1
68 91 -1
91 68 -1
68 93 1
93 68 1
68 94 -1
94 68 -1
68 106 1
106 68 1
68 114 -1
114 68 -1
68 120 1
120 68 1
68 129 1
129 68 1
68 132 -1
132 68 -1
68 136 1
136 68 1
68 140 1
140 68 1
68 141 -1
141 68 -1
68 163 1
163 68 1
68 184 1
184 68 1
68 190 1
190 68 1
69 82 -1
82 69 -1
69 95 -1
95 69 -1
69 107 1
107 69 1
69 108 1
108 69 1
69 115 1
115 69 1
69 129 1
129 69 1
69 136 1
136 69 1
69 157 1
157 69 1
69 164 1
164 69 1
69 183 1
183 69 1
69 193 -1
193 69 -1
69 196 1
196 69 1
69 199 -1
199 69 -1
70 72 1
72 70 1
70 74 1
74 70 1
70 81 -1
81 70 -1
70 83 1
83 70 1
70 86 -1
86 70 -1
70 87 1
87 70 1
70 93 1
93 70 1
70 96 -1
96 70 -1
70 98 -1
98 70 -1
70 106 1
106 70 1
70 107 1
107 70 1
70 119 -1
119 70 -1
70 124 -1
124 70 -1
70 126 -1
126 70 -1
70 127 -1
127 70 -1
70 129 1
129 70 1
70 130 1
130 70 1
70 154 -1
154 70 -1
70 156 1
156 70 1
70 163 -1
163 70 -1
70 166 1
166 70 1
70 168 1
168 70 1
70 170 1
170 70 1
70 174 -1
174 70 -1
70 184 1
184 70 1
70 192 1
192 70 1
71 91 1
91 71 1
71 92 -1
92 71 -1
71 107 1
107 71 1
71 114 -1
114 71 -1
71 116 1
116 71 1
71 120 -1
120 71 -1
71 122 1
122 71 1
71 136 -1
136 71 -1
71 147 1
147 71 1
71 149 1
149 71 1
71 153 1
153 71 1
71 156 1
156 71 1
71 168 1
168 71 1
71 174 1
174 71 1
71 190 1
190 71 1
71 197 -1
197 71 -1
72 91 1
91 72 1
72 92 -1
92 72 -1
72 96 -1
96 72 -1
72 106 1
106 72 1
72 107 -1
107 72 -1
72 122 1
122 72 1
72 129 1
129 72 1
72 132 -1
132 72 -1
72 138 1
138 72 1
72 147 1
147 72 1
72 161 -1
161 72 -1
72 164 1
164 72 1
72 184 1
184 72 1
72 189 1
189 72 1
72 192 -1
192 72 -1
72 193 1
193 72 1
73 74 1
74 73 1
73 82 -1
82 73 -1
73 86 1
86 73 1
73 91 -1
91 73 -1
73 96 1
96 73 1
73 103 1
103 73 1
73 117 -1
117 73 -1
73 121 -1
121 73 -1
73 145 1
145 73 1
73 146 1
146 73 1
73 150 -1
150 73 -1
73 151 1
151 73 1
73 171 1
171 73 1
73 174 -1
174 73 -1
73 179 1
179 73 1
74 96 1
96 74 1
74 121 1
121 74 1
74 143 1
143 74 1
74 146 1
146 74 1
75 84 1
84 75 1
75 89 1
89 75 1
75 93 1
93 75 1
75 96 -1
96 75 -1
75 107 1
107 75 1
75 117 1
117 75 1
75 125 1
125 75 1
75 135 -1
135 75 -1
75 168 1
168 75 1
76 91 1
91 76 1
76 114 -1
114 76 -1
76 122 1
122 76 1
76 127 1
127 76 1
76 168 1
168 76 1
76 171 -1
171 76 -1
76 197 1
197 76 1
77 78 1
78 77 1
77 97 1
97 77 1
77 127 1
127 77 1
77 128 1
128 77 1
77 159 -1
159 77 -1
77 188 1
188 77 1
78 79 -1
79 78 -1
78 97 1
97 78 1
78 101 1
101 78 1
78 105 -1
105 78 -1
78 110 1
110 78 1
78 111 1
111 78 1
78 120 -1
120 78 -1
78 127 1
127 78 1
78 128 1
128 78 1
78 129 1
129 78 1
78 131 1
131 78 1
78 147 -1
147 78 -1
78 149 -1
149 78 -1
78 158 1
158 78 1
78 159 1
159 78 1
78 161 1
161 78 1
78 162 1
162 78 1
78 177 1
177 78 1
78 181 1
181 78 1
78 186 1
186 78 1
78 197 -1
197 78 -1
79 94 -1
94 79 -1
79 98 1
98 79 1
79 149 -1
149 79 -1
79 152 1
152 79 1
79 158 -1
158 79 -1
79 183 1
183 79 1
80 82 1
82 80 1
80 85 -1
85 80 -1
80 93 -1
93 80 -1
80 96 1
96 80 1
80 103 1
103 80 1
80 131 -1
131 80 -1
80 145 1
145 80 1
80 146 1
146 80 1
81 102 1
102 81 1
81 108 1
108 81 1
81 116 1
116 81 1
81 129 1
129 81 1
81 136 1
136 81 1
81 152 -1
152 81 -1
81 168 -1
168 81 -1
81 172 -1
172 81 -1
81 174 1
174 81 1
81 188 1
188 81 1
81 197 1
197 81 1
81 199 -1
199 81 -1
82 96 1
96 82 1
82 103 1
103 82 1
82 104 1
104 82 1
82 136 -1
136 82 -1
82 144 1
144 82 1
82 145 1
145 82 1
82 146 1
146 82 1
82 155 1
155 82 1
82 156 -1
156 82 -1
82 165 -1
165 82 -1
82 171 1
171 82 1
82 174 -1
174 82 -1
82 183 -1
183 82 -1
83 84 1
84 83 1
83 91 1
91 83 1
83 92 -1
92 83 -1
83 93 1
93 83 1
83 106 1
106 83 1
83 124 -1
124 83 -1
83 125 1
125 83 1
83 136 1
136 83 1
83 138 1
138 83 1
83 168 1
168 83 1
83 170 1
170 83 1
83 180 -1
180 83 -1
83 183 -1
183 83 -1
84 86 1
86 84 1
84 91 -1
91 84 -1
84 93 1
93 84 1
84 100 1
100 84 1
84 102 1
102 84 1
84 106 1
106 84 1
84 107 -1
107 84 -1
84 108 1
108 84 1
84 115 1
115 84 1
84 129 1
129 84 1
84 131 -1
131 84 -1
84 136 1
136 84 1
84 142 1
142 84 1
84 148 1
148 84 1
84 161 -1
161 84 -1
84 165 1
165 84 1
84 174 1
174 84 1
84 179 -1
179 84 -1
84 182 -1
182 84 -1
84 183 1
183 84 1
84 184 1
184 84 1
84 188 1
188 84 1
84 194 1
194 84 1
85 91 -1
91 85 -1
85 129 1
129 85 1
85 134 -1
134 85 -1
85 146 -1
146 85 -1
85 164 1
164 85 1
85 175 -1
175 85 -1
85 184 1
184 85 1
85 192 1
192 85 1
86 96 1
96 86 1
86 145 1
145 86 1
86 171 1
171 86 1
86 177 1
177 86 1
87 89 1
89 87 1
87 93 1
93 87 1
87 111 -1
111 87 -1
87 117 1
117 87 1
87 118 -1
118 87 -1
87 129 1
129 87 1
87 136 1
136 87 1
87 138 1
138 87 1
87 142 -1
142 87 -1
87 168 1
168 87 1
87 178 -1
178 87 -1
87 184 1
184 87 1
87 188 1
188 87 1
87 191 -1
191 87 -1
87 192 1
192 87 1
87 197 1
197 87 1
88 91 -1
91 88 -1
88 92 -1
92 88 -1
88 114 1
114 88 1
88 122 1
122 88 1
88 132 1
132 88 1
88 143 1
143 88 1
88 182 -1
182 88 -1
88 197 -1
197 88 -1
88 198 1
198 88 1
88 199 1
199 88 1
89 93 1
93 89 1
89 97 -1
97 89 -1
89 103 -1
103 89 -1
89 104 -1
104 89 -1
89 107 -1
107 89 -1
89 125 1
125 89 1
89 140 1
140 89 1
89 148 1
148 89 1
89 156 1
156 89 1
89 163 1
163 89 1
89 165 1
165 89 1
89 173 -1
173 89 -1
89 178 -1
178 89 -1
89 194 1
194 89 1
90 91 1
91 90 1
90 92 -1
92 90 -1
90 107 1
107 90 1
90 120 1
120 90 1
90 169 -1
169 90 -1
90 170 1
170 90 1
90 192 1
192 90 1
90 197 1
197 90 1
91 93 1
93 91 1
91 94 -1
94 91 -1
91 100 -1
100 91 -1
91 101 -1
101 91 -1
91 103 -1
103 91 -1
91 107 1
107 91 1
91 110 1
110 91 1
91 125 -1
125 91 -1
91 127 -1
127 91 -1
91 129 -1
129 91 -1
91 136 1
136 91 1
91 137 -1
137 91 -1
91 140 1
140 91 1
91 146 -1
146 91 -1
91 163 -1
163 91 -1
91 166 1
166 91 1
91 168 1
168 91 1
91 170 1
170 91 1
91 183 1
183 91 1
91 184 -1
184 91 -1
91 188 1
188 91 1
91 189 -1
189 91 -1
91 190 1
190 91 1
91 192 1
192 91 1
91 197 1
197 91 1
92 103 -1
103 92 -1
92 114 1
114 92 1
92 116 -1
116 92 -1
92 118 1
118 92 1
92 121 1
121 92 1
92 124 1
124 92 1
92 132 1
132 92 1
92 143 1
143 92 1
92 160 -1
160 92 -1
92 168 -1
168 92 -1
92 172 -1
172 92 -1
92 182 1
182 92 1
92 183 -1
183 92 -1
92 187 1
187 92 1
92 189 1
189 92 1
92 191 -1
191 92 -1
92 198 1
198 92 1
92 199 1
199 92 1
92 200 1
200 92 1
93 107 1
107 93 1
93 108 1
108 93 1
93 117 1
117 93 1
93 132 -1
132 93 -1
93 136 1
136 93 1
93 138 1
138 93 1
93 148 1
148 93 1
93 152 -1
152 93 -1
93 153 1
153 93 1
93 159 1
159 93 1
93 163 1
163 93 1
93 164 1
164 93 1
93 166 1
166 93 1
93 167 -1
167 93 -1
93 168 1
168 93 1
93 170 1
170 93 1
93 183 1
183 93 1
93 184 1
184 93 1
93 187 -1
187 93 -1
93 188 1
188 93 1
93 192 1
192 93 1
93 197 1
197 93 1
94 98 1
98 94 1
94 130 1
130 94 1
94 136 -1
136 94 -1
94 139 1
139 94 1
94 149 1
149 94 1
94 152 1
152 94 1
94 170 -1
170 94 -1
94 172 1
172 94 1
94 180 1
180 94 1
95 101 1
101 95 1
95 109 1
109 95 1
95 118 -1
118 95 -1
95 159 1
159 95 1
95 161 1
161 95 1
95 181 -1
181 95 -1
96 103 -1
103 96 -1
96 104 1
104 96 1
96 121 -1
121 96 -1
96 123 1
123 96 1
96 129 -1
129 96 -1
96 140 -1
140 96 -1
96 144 1
144 96 1
96 145 1
145 96 1
96 146 1
146 96 1
96 149 -1
149 96 -1
96 150 -1
150 96 -1
96 155 1
155 96 1
96 166 -1
166 96 -1
96 171 1
171 96 1
96 179 1
179 96 1
96 184 -1
184 96 -1
97 101 1
101 97 1
97 105 1
105 97 1
97 110 1
110 97 1
97 115 -1
115 97 -1
97 128 1
128 97 1
97 131 1
131 97 1
97 137 1
137 97 1
97 148 -1
148 97 -1
97 159 1
159 97 1
97 162 1
162 97 1
97 174 -1
174 97 -1
97 181 1
181 97 1
98 126 1
126 98 1
98 131 1
131 98 1
98 149 1
149 98 1
98 152 -1
152 98 -1
98 180 1
180 98 1
98 195 -1
195 98 -1
99 113 1
113 99 1
99 116 -1
116 99 -1
99 119 1
119 99 1
99 150 1
150 99 1
99 151 -1
151 99 -1
99 170 -1
170 99 -1
99 173 1
173 99 1
99 191 1
191 99 1
99 195 1
195 99 1
100 112 -1
112 100 -1
100 122 -1
122 100 -1
100 124 -1
124 100 -1
100 129 1
129 100 1
100 149 -1
149 100 -1
100 183 1
183 100 1
100 184 1
184 100 1
100 188 1
188 100 1
101 105 1
105 101 1
101 109 1
109 101 1
101 110 1
110 101 1
101 111 1
111 101 1
101 127 1
127 101 1
101 128 1
128 101 1
101 131 1
131 101 1
101 133 1
133 101 1
101 136 -1
136 101 -1
101 137 -1
137 101 -1
101 147 1
147 101 1
101 158 1
158 101 1
101 159 1
159 101 1
101 161 1
161 101 1
101 162 1
162 101 1
101 168 -1
168 101 -1
101 177 -1
177 101 -1
101 181 1
181 101 1
101 182 -1
182 101 -1
101 186 1
186 101 1
101 197 -1
197 101 -1
102 105 1
105 102 1
102 132 -1
132 102 -1
102 137 -1
137 102 -1
102 141 1
141 102 1
102 157 1
157 102 1
102 184 1
184 102 1
102 197 1
197 102 1
103 104 -1
104 103 -1
103 107 -1
107 103 -1
103 117 -1
117 103 -1
103 122 -1
122 103 -1
103 123 1
123 103 1
103 144 1
144 103 1
103 145 -1
145 103 -1
103 146 1
146 103 1
103 151 1
151 103 1
103 155 1
155 103 1
103 171 1
171 103 1
103 179 1
179 103 1
103 184 -1
184 103 -1
104 136 1
136 104 1
104 145 1
145 104 1
104 146 1
146 104 1
104 165 -1
165 104 -1
104 179 1
179 104 1
104 194 -1
194 104 -1
105 122 -1
122 105 -1
105 128 1
128 105 1
105 131 1
131 105 1
105 159 -1
159 105 -1
105 181 -1
181 105 -1
106 120 1
120 106 1
106 147 1
147 106 1
106 173 -1
173 106 -1
106 181 -1
181 106 -1
106 195 1
195 106 1
106 197 1
197 106 1
107 111 -1
111 107 -1
107 113 -1
113 107 -1
107 115 1
115 107 1
107 122 1
122 107 1
107 123 -1
123 107 -1
107 126 1
126 107 1
107 129 1
129 107 1
107 136 1
136 107 1
107 138 1
138 107 1
107 145 -1
145 107 -1
107 148 -1
148 107 -1
107 166 1
166 107 1
107 170 1
170 107 1
107 174 1
174 107 1
107 177 -1
177 107 -1
107 181 -1
181 107 -1
107 182 -1
182 107 -1
107 183 1
183 107 1
107 188 1
188 107 1
107 196 1
196 107 1
108 115 1
115 108 1
108 129 1
129 108 1
108 190 1
190 108 1
109 128 1
128 109 1
109 136 -1
136 109 -1
109 137 -1
137 109 -1
109 156 -1
156 109 -1
109 157 -1
157 109 -1
109 159 -1
159 109 -1
109 161 -1
161 109 -1
109 177 -1
177 109 -1
110 127 1
127 110 1
110 128 1
128 110 1
110 131 1
131 110 1
110 136 1
136 110 1
110 137 1
137 110 1
110 145 1
145 110 1
110 158 1
158 110 1
110 159 1
159 110 1
110 161 1
161 110 1
110 168 -1
168 110 -1
110 177 1
177 110 1
111 131 -1
131 111 -1
111 158 1
158 111 1
111 159 1
159 111 1
111 162 1
162 111 1
111 174 -1
174 111 -1
111 189 -1
189 111 -1
112 114 1
114 112 1
112 132 1
132 112 1
112 164 -1
164 112 -1
112 182 1
182 112 1
112 189 -1
189 112 -1
112 200 1
200 112 1
113 150 1
150 113 1
113 156 1
156 113 1
113 167 1
167 113 1
113 173 -1
173 113 -1
113 175 -1
175 113 -1
113 192 -1
192 113 -1
113 195 1
195 113 1
114 121 1
121 114 1
114 129 -1
129 114 -1
114 132 1
132 114 1
114 141 -1
141 114 -1
114 182 1
182 114 1
114 187 1
187 114 1
114 189 1
189 114 1
114 198 -1
198 114 -1
114 200 1
200 114 1
115 117 1
117 115 1
115 122 1
122 115 1
115 131 -1
131 115 -1
115 156 1
156 115 1
115 174 1
174 115 1
115 182 -1
182 115 -1
115 184 1
184 115 1
115 185 -1
185 115 -1
115 197 1
197 115 1
116 136 1
136 116 1
116 153 1
153 116 1
116 161 -1
161 116 -1
116 188 -1
188 116 -1
116 192 1
192 116 1
117 122 1
122 117 1
117 129 1
129 117 1
117 157 1
157 117 1
117 163 -1
163 117 -1
117 173 -1
173 117 -1
117 183 1
183 117 1
117 192 -1
192 117 -1
117 198 -1
198 117 -1
118 124 1
124 118 1
118 132 1
132 118 1
118 192 -1
192 118 -1
118 198 1
198 118 1
118 199 1
199 118 1
119 138 -1
138 119 -1
119 146 -1
146 119 -1
119 150 1
150 119 1
119 167 -1
167 119 -1
119 173 1
173 119 1
119 176 -1
176 119 -1
119 195 1
195 119 1
120 136 -1
136 120 -1
120 144 -1
144 120 -1
120 181 -1
181 120 -1
120 184 -1
184 120 -1
120 192 1
192 120 1
121 132 1
132 121 1
121 143 1
143 121 1
121 159 -1
159 121 -1
121 198 1
198 121 1
121 199 1
199 121 1
122 134 -1
134 122 -1
122 141 1
141 122 1
122 145 1
145 122 1
122 170 1
170 122 1
122 173 -1
173 122 -1
122 183 1
183 122 1
123 144 1
144 123 1
123 146 -1
146 123 -1
123 149 -1
149 123 -1
123 168 -1
168 123 -1
123 183 -1
183 123 -1
124 159 -1
159 124 -1
124 198 1
198 124 1
125 128 -1
128 125 -1
125 138 1
138 125 1
125 156 1
156 125 1
125 166 1
166 125 1
125 168 1
168 125 1
125 176 1
176 125 1
125 184 -1
184 125 -1
125 192 1
192 125 1
126 135 -1
135 126 -1
126 149 1
149 126 1
126 152 1
152 126 1
126 163 -1
163 126 -1
127 131 -1
131 127 -1
127 141 -1
141 127 -1
127 158 1
158 127 1
127 159 1
159 127 1
127 186 1
186 127 1
128 131 1
131 128 1
128 143 -1
143 128 -1
128 150 -1
150 128 -1
128 158 1
158 128 1
128 159 -1
159 128 -1
128 168 -1
168 128 -1
128 177 1
177 128 1
128 181 1
181 128 1
128 186 1
186 128 1
129 133 -1
133 129 -1
129 136 1
136 129 1
129 140 -1
140 129 -1
129 142 1
142 129 1
129 147 1
147 129 1
129 153 1
153 129 1
129 166 1
166 129 1
129 168 -1
168 129 -1
129 181 -1
181 129 -1
129 183 1
183 129 1
129 192 1
192 129 1
129 194 1
194 129 1
129 197 1
197 129 1
129 198 -1
198 129 -1
129 199 -1
199 129 -1
130 135 1
135 130 1
130 148 -1
148 130 -1
130 149 1
149 130 1
130 152 1
152 130 1
130 165 -1
165 130 -1
130 168 -1
168 130 -1
130 169 1
169 130 1
131 137 1
137 131 1
131 138 -1
138 131 -1
131 147 -1
147 131 -1
131 158 1
158 131 1
131 159 -1
159 131 -1
131 161 1
161 131 1
131 162 1
162 131 1
131 177 1
177 131 1
131 181 1
181 131 1
131 186 -1
186 131 -1
132 138 -1
138 132 -1
132 166 -1
166 132 -1
132 182 1
182 132 1
132 198 1
198 132 1
133 150 -1
150 133 -1
133 167 -1
167 133 -1
133 173 1
173 133 1
133 175 1
175 133 1
133 176 1
176 133 1
133 185 1
185 133 1
133 195 1
195 133 1
134 167 -1
167 134 -1
134 173 1
173 134 1
134 176 1
176 134 1
134 191 1
191 134 1
135 139 1
139 135 1
135 153 -1
153 135 -1
135 174 -1
174 135 -1
136 141 1
141 136 1
136 142 1
142 136 1
136 146 -1
146 136 -1
136 147 1
147 136 1
136 153 1
153 136 1
136 156 1
156 136 1
136 168 1
168 136 1
136 174 1
174 136 1
136 175 -1
175 136 -1
136 183 1
183 136 1
136 184 -1
184 136 -1
136 188 1
188 136 1
136 190 1
190 136 1
136 192 -1
192 136 -1
136 194 1
194 136 1
136 195 1
195 136 1
136 196 1
196 136 1
136 199 -1
199 136 -1
137 159 1
159 137 1
138 147 1
147 138 1
138 156 1
156 138 1
138 184 1
184 138 1
138 193 1
193 138 1
139 140 -1
140 139 -1
139 149 1
149 139 1
139 152 -1
152 139 -1
139 160 -1
160 139 -1
139 168 -1
168 139 -1
139 175 -1
175 139 -1
139 180 1
180 139 1
140 141 1
141 140 1
140 142 -1
142 140 -1
140 156 -1
156 140 -1
140 159 1
159 140 1
140 162 1
162 140 1
140 166 1
166 140 1
140 174 1
174 140 1
140 192 1
192 140 1
141 142 1
142 141 1
141 166 1
166 141 1
141 171 -1
171 141 -1
141 192 1
192 141 1
141 197 1
197 141 1
142 146 -1
146 142 -1
142 171 -1
171 142 -1
142 190 1
190 142 1
142 192 1
192 142 1
143 160 1
160 143 1
143 166 1
166 143 1
143 182 -1
182 143 -1
143 183 -1
183 143 -1
143 188 -1
188 143 -1
143 198 1
198 143 1
144 146 -1
146 144 -1
144 188 -1
188 144 -1
144 193 1
193 144 1
145 146 1
146 145 1
145 153 -1
153 145 -1
145 155 1
155 145 1
145 159 -1
159 145 -1
145 171 1
171 145 1
145 184 -1
184 145 -1
146 151 1
151 146 1
146 155 1
155 146 1
146 168 -1
168 146 -1
146 171 1
171 146 1
146 179 1
179 146 1
146 184 -1
184 146 -1
146 192 -1
192 146 -1
147 183 1
183 147 1
147 184 1
184 147 1
147 198 -1
198 147 -1
148 174 -1
174 148 -1
148 197 1
197 148 1
149 154 -1
154 149 -1
149 169 1
169 149 1
149 172 1
172 149 1
149 180 -1
180 149 -1
150 167 1
167 150 1
150 173 1
173 150 1
150 176 1
176 150 1
150 178 1
178 150 1
150 183 -1
183 150 -1
150 185 1
185 150 1
152 154 1
154 152 1
152 156 -1
156 152 -1
152 169 -1
169 152 -1
152 172 1
172 152 1
152 180 -1
180 152 -1
152 195 -1
195 152 -1
153 166 -1
166 153 -1
153 183 1
183 153 1
153 184 1
184 153 1
154 164 -1
164 154 -1
154 180 -1
180 154 -1
155 188 -1
188 155 -1
155 192 -1
192 155 -1
156 168 -1
168 156 -1
156 187 -1
187 156 -1
156 188 1
188 156 1
156 189 -1
189 156 -1
156 192 1
192 156 1
156 197 1
197 156 1
157 165 1
165 157 1
157 168 1
168 157 1
157 183 1
183 157 1
157 200 -1
200 157 -1
158 159 1
159 158 1
158 176 -1
176 158 -1
158 184 -1
184 158 -1
159 161 1
161 159 1
159 162 -1
162 159 -1
159 177 1
177 159 1
159 181 1
181 159 1
159 186 1
186 159 1
160 197 -1
197 160 -1
160 198 1
198 160 1
163 170 1
170 163 1
163 198 -1
198 163 -1
164 167 -1
167 164 -1
164 170 1
170 164 1
164 174 1
174 164 1
164 188 1
188 164 1
164 197 1
197 164 1
165 169 -1
169 165 -1
165 192 1
192 165 1
165 197 1
197 165 1
166 170 1
170 166 1
166 171 1
171 166 1
166 190 1
190 166 1
166 192 1
192 166 1
166 197 1
197 166 1
167 173 1
173 167 1
167 175 1
175 167 1
167 176 1
176 167 1
167 178 1
178 167 1
167 185 1
185 167 1
167 191 1
191 167 1
167 195 1
195 167 1
167 200 -1
200 167 -1
168 186 1
186 168 1
168 188 1
188 168 1
168 190 1
190 168 1
168 192 -1
192 168 -1
168 193 1
193 168 1
168 194 1
194 168 1
170 192 1
192 170 1
170 198 -1
198 170 -1
171 183 -1
183 171 -1
173 175 1
175 173 1
173 176 1
176 173 1
173 178 1
178 173 1
173 179 -1
179 173 -1
173 191 1
191 173 1
173 195 1
195 173 1
174 175 -1
175 174 -1
174 177 -1
177 174 -1
174 183 -1
183 174 -1
174 184 1
184 174 1
174 192 1
192 174 1
174 193 1
193 174 1
174 197 1
197 174 1
175 176 1
176 175 1
175 185 1
185 175 1
176 178 1
178 176 1
176 192 -1
192 176 -1
176 195 1
195 176 1
176 197 -1
197 176 -1
177 186 1
186 177 1
178 185 1
185 178 1
179 192 -1
192 179 -1
181 186 1
186 181 1
182 184 -1
184 182 -1
182 187 -1
187 182 -1
182 189 1
189 182 1
182 197 -1
197 182 -1
182 198 -1
198 182 -1
182 199 1
199 182 1
182 200 1
200 182 1
183 184 1
184 183 1
183 192 1
192 183 1
183 197 1
197 183 1
183 198 -1
198 183 -1
184 185 -1
185 184 -1
184 188 1
188 184 1
184 192 1
192 184 1
184 193 1
193 184 1
184 197 -1
197 184 -1
184 198 -1
198 184 -1
187 189 1
189 187 1
187 197 1
197 187 1
187 198 1
198 187 1
188 190 1
190 188 1
188 192 1
192 188 1
188 196 1
196 188 1
188 197 -1
197 188 -1
189 198 1
198 189 1
192 197 1
197 192 1
193 198 -1
198 193 -1
196 197 1
197 196 1
198 199 1
199 198 1
