1 15 1
15 1 1
1 17 1
17 1 1
1 18 1
18 1 1
1 35 1
35 1 1
1 68 1
68 1 1
1 73 -1
73 1 -1
1 111 1
111 1 1
1 117 1
117 1 1
1 118 1
118 1 1
1 120 -1
120 1 -1
1 125 1
125 1 1
1 129 -1
129 1 -1
1 145 1
145 1 1
1 183 -1
183 1 -1
2 26 -1
26 2 -1
2 28 -1
28 2 -1
2 31 1
31 2 1
2 39 -1
39 2 -1
2 64 -1
64 2 -1
2 67 1
67 2 1
2 73 1
73 2 1
2 96 -1
96 2 -1
2 104 1
104 2 1
2 107 -1
107 2 -1
2 125 1
125 2 1
2 126 1
126 2 1
2 150 1
150 2 1
2 171 1
171 2 1
2 176 1
176 2 1
2 188 1
188 2 1
2 194 1
194 2 1
3 16 1
16 3 1
3 19 -1
19 3 -1
3 25 -1
25 3 -1
3 26 1
26 3 1
3 36 1
36 3 1
3 38 -1
38 3 -1
3 42 1
42 3 1
3 50 1
50 3 1
3 61 -1
61 3 -1
3 68 -1
68 3 -1
3 77 1
77 3 1
3 87 1
87 3 1
3 92 1
92 3 1
3 104 -1
104 3 -1
3 105 1
105 3 1
3 111 1
111 3 1
3 117 1
117 3 1
3 125 -1
125 3 -1
3 129 1
129 3 1
3 152 1
152 3 1
3 159 1
159 3 1
3 163 -1
163 3 -1
3 183 -1
183 3 -1
3 187 1
187 3 1
4 14 -1
14 4 -1
4 31 1
31 4 1
4 92 1
92 4 1
4 104 1
104 4 1
4 123 -1
123 4 -1
4 125 1
125 4 1
4 147 1
147 4 1
4 160 -1
160 4 -1
4 163 -1
163 4 -1
4 169 -1
169 4 -1
4 176 1
176 4 1
4 194 1
194 4 1
5 7 1
7 5 1
5 11 1
11 5 1
5 26 -1
26 5 -1
5 29 -1
29 5 -1
5 38 1
38 5 1
5 94 1
94 5 1
5 132 1
132 5 1
5 135 1
135 5 1
5 148 1
148 5 1
5 161 -1
161 5 -1
5 177 1
177 5 1
6 12 1
12 6 1
6 18 1
18 6 1
6 35 -1
35 6 -1
6 76 -1
76 6 -1
6 80 1
80 6 1
6 99 1
99 6 1
6 125 -1
125 6 -1
6 140 1
140 6 1
6 159 1
159 6 1
6 163 1
163 6 1
6 189 1
189 6 1
6 197 -1
197 6 -1
7 8 1
8 7 1
7 18 -1
18 7 -1
7 20 1
20 7 1
7 21 1
21 7 1
7 28 1
28 7 1
7 46 1
46 7 1
7 47 1
47 7 1
7 56 1
56 7 1
7 59 -1
59 7 -1
7 62 1
62 7 1
7 64 1
64 7 1
7 82 -1
82 7 -1
7 90 1
90 7 1
7 94 1
94 7 1
7 103 1
103 7 1
7 107 1
107 7 1
7 108 1
108 7 1
7 114 1
114 7 1
7 118 -1
118 7 -1
7 121 1
121 7 1
7 123 -1
123 7 -1
7 128 1
128 7 1
7 129 -1
129 7 -1
7 132 1
132 7 1
7 135 1
135 7 1
7 141 -1
141 7 -1
7 148 1
148 7 1
7 153 1
153 7 1
7 173 -1
173 7 -1
7 177 -1
177 7 -1
7 193 1
193 7 1
8 18 -1
18 8 -1
8 38 -1
38 8 -1
8 54 1
54 8 1
8 72 1
72 8 1
8 77 -1
77 8 -1
8 83 -1
83 8 -1
8 107 1
107 8 1
8 108 1
108 8 1
8 124 -1
124 8 -1
8 134 1
134 8 1
8 148 1
148 8 1
8 187 1
187 8 1
9 10 1
10 9 1
9 23 -1
23 9 -1
9 25 1
25 9 1
9 26 -1
26 9 -1
9 30 1
30 9 1
9 32 1
32 9 1
9 44 1
44 9 1
9 50 1
50 9 1
9 52 -1
52 9 -1
9 74 1
74 9 1
9 78 1
78 9 1
9 83 1
83 9 1
9 86 1
86 9 1
9 99 1
99 9 1
9 109 -1
109 9 -1
9 113 1
113 9 1
9 117 1
117 9 1
9 124 -1
124 9 -1
9 137 -1
137 9 -1
9 142 1
142 9 1
9 145 -1
145 9 -1
9 157 1
157 9 1
9 159 -1
159 9 -1
9 168 -1
168 9 -1
9 176 -1
176 9 -1
9 185 1
185 9 1
9 192 1
192 9 1
9 195 1
195 9 1
9 198 1
198 9 1
9 199 1
199 9 1
10 26 1
26 10 1
10 30 1
30 10 1
10 38 -1
38 10 -1
10 50 -1
50 10 -1
10 59 1
59 10 1
10 61 1
61 10 1
10 86 1
86 10 1
10 93 1
93 10 1
10 109 1
109 10 1
10 111 -1
111 10 -1
10 119 -1
119 10 -1
10 142 1
142 10 1
10 147 -1
147 10 -1
10 166 1
166 10 1
10 178 1
178 10 1
10 192 1
192 10 1
10 195 1
195 10 1
10 198 1
198 10 1
10 199 -1
199 10 -1
11 18 -1
18 11 -1
11 20 -1
20 11 -1
11 26 1
26 11 1
11 38 1
38 11 1
11 72 1
72 11 1
11 107 1
107 11 1
11 110 1
110 11 1
11 121 1
121 11 1
11 128 1
128 11 1
11 136 1
136 11 1
11 141 1
141 11 1
11 148 1
148 11 1
11 151 -1
151 11 -1
11 163 1
163 11 1
11 167 1
167 11 1
11 189 -1
189 11 -1
12 18 1
18 12 1
12 26 1
26 12 1
12 45 1
45 12 1
12 48 1
48 12 1
12 56 1
56 12 1
12 64 -1
64 12 -1
12 65 -1
65 12 -1
12 68 1
68 12 1
12 118 -1
118 12 -1
12 127 1
127 12 1
12 129 -1
129 12 -1
12 132 1
132 12 1
12 140 -1
140 12 -1
12 161 -1
161 12 -1
12 167 -1
167 12 -1
12 189 1
189 12 1
12 194 -1
194 12 -1
12 196 1
196 12 1
13 19 -1
19 13 -1
13 23 -1
23 13 -1
13 26 1
26 13 1
13 36 1
36 13 1
13 52 1
52 13 1
13 68 1
68 13 1
13 107 1
107 13 1
13 113 1
113 13 1
13 118 1
118 13 1
13 140 -1
140 13 -1
13 146 1
146 13 1
13 163 1
163 13 1
13 196 1
196 13 1
13 198 -1
198 13 -1
14 25 1
25 14 1
14 43 -1
43 14 -1
14 59 1
59 14 1
14 70 1
70 14 1
14 132 -1
132 14 -1
14 151 1
151 14 1
14 161 -1
161 14 -1
14 168 1
168 14 1
14 176 1
176 14 1
14 184 1
184 14 1
14 189 -1
189 14 -1
15 17 1
17 15 1
15 26 1
26 15 1
15 39 -1
39 15 -1
15 41 -1
41 15 -1
15 80 1
80 15 1
15 81 1
81 15 1
15 87 1
87 15 1
15 103 -1
103 15 -1
15 126 -1
126 15 -1
15 129 1
129 15 1
15 163 -1
163 15 -1
15 189 1
189 15 1
16 18 1
18 16 1
16 29 1
29 16 1
16 38 -1
38 16 -1
16 40 -1
40 16 -1
16 68 -1
68 16 -1
16 80 1
80 16 1
16 89 1
89 16 1
16 92 1
92 16 1
16 152 1
152 16 1
16 163 -1
163 16 -1
16 165 -1
165 16 -1
16 176 -1
176 16 -1
16 185 -1
185 16 -1
17 23 -1
23 17 -1
17 26 1
26 17 1
17 38 -1
38 17 -1
17 45 1
45 17 1
17 56 1
56 17 1
17 63 1
63 17 1
17 65 1
65 17 1
17 66 -1
66 17 -1
17 68 1
68 17 1
17 74 -1
74 17 -1
17 80 1
80 17 1
17 82 1
82 17 1
17 84 1
84 17 1
17 86 -1
86 17 -1
17 87 1
87 17 1
17 90 1
90 17 1
17 115 1
115 17 1
17 117 -1
117 17 -1
17 118 -1
118 17 -1
17 124 -1
124 17 -1
17 129 1
129 17 1
17 133 -1
133 17 -1
17 144 -1
144 17 -1
17 146 1
146 17 1
17 152 1
152 17 1
17 159 1
159 17 1
17 163 1
163 17 1
17 168 -1
168 17 -1
17 176 -1
176 17 -1
17 189 1
189 17 1
17 190 1
190 17 1
17 193 -1
193 17 -1
17 196 1
196 17 1
18 19 1
19 18 1
18 26 1
26 18 1
18 31 -1
31 18 -1
18 35 1
35 18 1
18 36 1
36 18 1
18 38 1
38 18 1
18 54 -1
54 18 -1
18 56 -1
56 18 -1
18 67 1
67 18 1
18 77 1
77 18 1
18 80 1
80 18 1
18 81 1
81 18 1
18 82 1
82 18 1
18 87 1
87 18 1
18 100 1
100 18 1
18 109 -1
109 18 -1
18 117 1
117 18 1
18 118 1
118 18 1
18 120 1
120 18 1
18 122 1
122 18 1
18 129 -1
129 18 -1
18 140 -1
140 18 -1
18 144 1
144 18 1
18 145 1
145 18 1
18 148 -1
148 18 -1
18 149 -1
149 18 -1
18 152 1
152 18 1
18 159 1
159 18 1
18 163 1
163 18 1
18 175 1
175 18 1
18 176 -1
176 18 -1
18 187 -1
187 18 -1
18 189 1
189 18 1
18 198 -1
198 18 -1
19 25 1
25 19 1
19 78 -1
78 19 -1
19 89 1
89 19 1
19 96 1
96 19 1
19 111 -1
111 19 -1
19 115 1
115 19 1
19 118 1
118 19 1
19 129 1
129 19 1
19 141 -1
141 19 -1
19 151 1
151 19 1
19 152 -1
152 19 -1
19 160 1
160 19 1
19 189 1
189 19 1
20 22 1
22 20 1
20 24 1
24 20 1
20 38 1
38 20 1
20 46 1
46 20 1
20 53 1
53 20 1
20 71 -1
71 20 -1
20 72 1
72 20 1
20 78 -1
78 20 -1
20 80 -1
80 20 -1
20 83 1
83 20 1
20 84 -1
84 20 -1
20 94 1
94 20 1
20 99 -1
99 20 -1
20 103 -1
103 20 -1
20 107 1
107 20 1
20 110 1
110 20 1
20 112 -1
112 20 -1
20 121 1
121 20 1
20 123 -1
123 20 -1
20 131 1
131 20 1
20 132 1
132 20 1
20 141 -1
141 20 -1
20 148 1
148 20 1
20 153 1
153 20 1
20 155 1
155 20 1
20 177 1
177 20 1
20 179 1
179 20 1
20 196 1
196 20 1
21 22 -1
22 21 -1
21 38 1
38 21 1
21 40 1
40 21 1
21 66 1
66 21 1
21 71 -1
71 21 -1
21 80 -1
80 21 -1
21 94 1
94 21 1
21 107 1
107 21 1
21 121 1
121 21 1
21 128 1
128 21 1
21 129 -1
129 21 -1
21 135 -1
135 21 -1
21 148 1
148 21 1
21 191 -1
191 21 -1
21 193 1
193 21 1
22 27 -1
27 22 -1
22 38 1
38 22 1
22 47 -1
47 22 -1
22 54 1
54 22 1
22 68 -1
68 22 -1
22 71 1
71 22 1
22 93 -1
93 22 -1
22 108 1
108 22 1
22 124 -1
124 22 -1
22 141 1
141 22 1
22 148 1
148 22 1
22 153 1
153 22 1
22 187 -1
187 22 -1
23 31 1
31 23 1
23 39 1
39 23 1
23 42 -1
42 23 -1
23 57 -1
57 23 -1
23 64 -1
64 23 -1
23 73 1
73 23 1
23 76 -1
76 23 -1
23 80 -1
80 23 -1
23 85 -1
85 23 -1
23 93 1
93 23 1
23 95 1
95 23 1
23 104 -1
104 23 -1
23 113 1
113 23 1
23 116 1
116 23 1
23 123 1
123 23 1
23 125 1
125 23 1
23 126 1
126 23 1
23 139 -1
139 23 -1
23 144 -1
144 23 -1
23 148 -1
148 23 -1
23 150 1
150 23 1
23 152 -1
152 23 -1
23 155 -1
155 23 -1
23 162 1
162 23 1
23 169 1
169 23 1
23 171 -1
171 23 -1
23 172 1
172 23 1
23 176 1
176 23 1
23 180 1
180 23 1
23 181 1
181 23 1
23 183 1
183 23 1
23 186 1
186 23 1
23 191 1
191 23 1
23 194 1
194 23 1
23 197 1
197 23 1
24 38 1
38 24 1
24 41 1
41 24 1
24 71 1
71 24 1
24 102 1
102 24 1
24 104 1
104 24 1
24 132 1
132 24 1
24 136 1
136 24 1
24 141 1
141 24 1
24 148 1
148 24 1
24 162 1
162 24 1
24 177 1
177 24 1
24 189 -1
189 24 -1
24 190 1
190 24 1
25 43 -1
43 25 -1
25 86 1
86 25 1
25 107 -1
107 25 -1
25 109 1
109 25 1
25 117 -1
117 25 -1
25 156 1
156 25 1
25 161 1
161 25 1
25 178 1
178 25 1
25 185 1
185 25 1
26 31 -1
31 26 -1
26 35 1
35 26 1
26 36 1
36 26 1
26 40 -1
40 26 -1
26 42 1
42 26 1
26 45 1
45 26 1
26 58 -1
58 26 -1
26 63 1
63 26 1
26 69 1
69 26 1
26 87 1
87 26 1
26 89 1
89 26 1
26 92 1
92 26 1
26 101 -1
101 26 -1
26 111 1
111 26 1
26 113 -1
113 26 -1
26 115 1
115 26 1
26 117 1
117 26 1
26 120 1
120 26 1
26 127 1
127 26 1
26 128 -1
128 26 -1
26 129 1
129 26 1
26 133 1
133 26 1
26 140 1
140 26 1
26 144 1
144 26 1
26 146 1
146 26 1
26 159 1
159 26 1
26 160 1
160 26 1
26 162 -1
162 26 -1
26 163 1
163 26 1
26 173 1
173 26 1
26 182 -1
182 26 -1
26 185 -1
185 26 -1
26 190 -1
190 26 -1
26 196 1
196 26 1
27 29 1
29 27 1
27 36 1
36 27 1
27 37 1
37 27 1
27 40 1
40 27 1
27 52 1
52 27 1
27 87 1
87 27 1
27 126 -1
126 27 -1
27 136 -1
136 27 -1
27 173 1
173 27 1
27 189 1
189 27 1
28 38 1
38 28 1
28 53 1
53 28 1
28 54 1
54 28 1
28 117 -1
117 28 -1
28 132 1
132 28 1
28 136 1
136 28 1
28 177 1
177 28 1
28 185 -1
185 28 -1
29 36 1
36 29 1
29 53 1
53 29 1
29 80 1
80 29 1
29 87 -1
87 29 -1
29 94 -1
94 29 -1
29 105 1
105 29 1
29 117 1
117 29 1
29 118 1
118 29 1
29 122 1
122 29 1
29 124 -1
124 29 -1
29 127 1
127 29 1
29 129 1
129 29 1
29 143 -1
143 29 -1
29 163 1
163 29 1
30 74 1
74 30 1
30 78 -1
78 30 -1
30 79 -1
79 30 -1
30 87 -1
87 30 -1
30 99 1
99 30 1
30 106 1
106 30 1
30 109 1
109 30 1
30 113 -1
113 30 -1
30 148 1
148 30 1
30 150 -1
150 30 -1
30 153 -1
153 30 -1
30 158 1
158 30 1
30 166 1
166 30 1
30 185 1
185 30 1
30 189 1
189 30 1
30 195 1
195 30 1
30 199 1
199 30 1
31 33 1
33 31 1
31 39 1
39 31 1
31 49 1
49 31 1
31 57 1
57 31 1
31 64 -1
64 31 -1
31 67 1
67 31 1
31 68 -1
68 31 -1
31 73 1
73 31 1
31 82 -1
82 31 -1
31 87 -1
87 31 -1
31 88 -1
88 31 -1
31 95 1
95 31 1
31 104 -1
104 31 -1
31 108 -1
108 31 -1
31 112 1
112 31 1
31 116 -1
116 31 -1
31 123 -1
123 31 -1
31 125 1
125 31 1
31 133 -1
133 31 -1
31 144 1
144 31 1
31 147 1
147 31 1
31 149 -1
149 31 -1
31 150 1
150 31 1
31 160 -1
160 31 -1
31 162 1
162 31 1
31 163 1
163 31 1
31 169 1
169 31 1
31 170 1
170 31 1
31 171 1
171 31 1
31 172 1
172 31 1
31 173 -1
173 31 -1
31 174 1
174 31 1
31 176 1
176 31 1
31 180 1
180 31 1
31 181 1
181 31 1
31 183 1
183 31 1
31 186 1
186 31 1
31 191 1
191 31 1
31 194 -1
194 31 -1
31 196 1
196 31 1
31 197 1
197 31 1
32 86 1
86 32 1
32 120 1
120 32 1
32 143 -1
143 32 -1
32 147 -1
147 32 -1
32 160 -1
160 32 -1
32 161 1
161 32 1
32 166 1
166 32 1
32 178 1
178 32 1
32 185 1
185 32 1
32 192 1
192 32 1
33 64 1
64 33 1
33 73 1
73 33 1
33 104 1
104 33 1
33 123 1
123 33 1
33 125 1
125 33 1
33 126 -1
126 33 -1
33 127 -1
127 33 -1
33 129 -1
129 33 -1
33 136 -1
136 33 -1
33 169 -1
169 33 -1
33 178 1
178 33 1
33 191 -1
191 33 -1
33 194 1
194 33 1
33 197 1
197 33 1
34 53 1
53 34 1
34 94 1
94 34 1
34 101 1
101 34 1
34 125 -1
125 34 -1
34 127 -1
127 34 -1
34 130 1
130 34 1
34 141 1
141 34 1
34 148 1
148 34 1
34 164 1
164 34 1
34 167 1
167 34 1
35 36 1
36 35 1
35 37 1
37 35 1
35 45 1
45 35 1
35 68 1
68 35 1
35 76 1
76 35 1
35 80 1
80 35 1
35 84 1
84 35 1
35 86 -1
86 35 -1
35 88 1
88 35 1
35 89 1
89 35 1
35 91 1
91 35 1
35 111 -1
111 35 -1
35 115 1
115 35 1
35 116 -1
116 35 -1
35 126 -1
126 35 -1
35 127 1
127 35 1
35 129 1
129 35 1
35 131 -1
131 35 -1
35 135 -1
135 35 -1
35 141 -1
141 35 -1
35 152 1
152 35 1
35 155 1
155 35 1
35 160 1
160 35 1
35 175 1
175 35 1
36 40 1
40 36 1
36 42 1
42 36 1
36 46 -1
46 36 -1
36 67 -1
67 36 -1
36 68 -1
68 36 -1
36 70 1
70 36 1
36 115 -1
115 36 -1
36 120 1
120 36 1
36 123 -1
123 36 -1
36 139 1
139 36 1
36 140 1
140 36 1
36 141 -1
141 36 -1
36 149 -1
149 36 -1
36 152 1
152 36 1
36 175 1
175 36 1
36 187 1
187 36 1
37 43 -1
43 37 -1
37 52 1
52 37 1
37 55 -1
55 37 -1
37 79 1
79 37 1
37 87 1
87 37 1
37 96 1
96 37 1
37 97 1
97 37 1
37 104 -1
104 37 -1
37 111 1
111 37 1
37 113 1
113 37 1
37 118 1
118 37 1
37 120 -1
120 37 -1
37 139 -1
139 37 -1
37 152 -1
152 37 -1
37 163 1
163 37 1
37 169 -1
169 37 -1
37 175 1
175 37 1
37 184 -1
184 37 -1
37 187 1
187 37 1
37 190 1
190 37 1
37 191 -1
191 37 -1
37 196 1
196 37 1
38 41 1
41 38 1
38 47 1
47 38 1
38 50 -1
50 38 -1
38 53 -1
53 38 -1
38 62 1
62 38 1
38 68 -1
68 38 -1
38 71 1
71 38 1
38 72 1
72 38 1
38 81 -1
81 38 -1
38 85 1
85 38 1
38 90 1
90 38 1
38 94 1
94 38 1
38 103 -1
103 38 -1
38 107 1
107 38 1
38 108 1
108 38 1
38 109 -1
109 38 -1
38 120 -1
120 38 -1
38 121 1
121 38 1
38 124 1
124 38 1
38 128 1
128 38 1
38 132 -1
132 38 -1
38 134 -1
134 38 -1
38 136 1
136 38 1
38 141 1
141 38 1
38 148 -1
148 38 -1
38 149 1
149 38 1
38 153 1
153 38 1
38 155 1
155 38 1
38 167 1
167 38 1
38 172 -1
172 38 -1
38 179 -1
179 38 -1
38 182 1
182 38 1
38 188 -1
188 38 -1
38 189 -1
189 38 -1
38 193 1
193 38 1
38 196 -1
196 38 -1
39 59 -1
59 39 -1
39 64 1
64 39 1
39 98 1
98 39 1
39 123 1
123 39 1
39 126 1
126 39 1
39 135 -1
135 39 -1
39 146 -1
146 39 -1
39 169 -1
169 39 -1
39 176 1
176 39 1
39 183 1
183 39 1
40 48 1
48 40 1
40 56 1
56 40 1
40 79 1
79 40 1
40 81 1
81 40 1
40 87 -1
87 40 -1
40 91 1
91 40 1
40 92 1
92 40 1
40 108 1
108 40 1
40 110 -1
110 40 -1
40 118 1
118 40 1
40 120 1
120 40 1
40 123 -1
123 40 -1
40 128 -1
128 40 -1
40 129 1
129 40 1
40 141 -1
141 40 -1
40 144 1
144 40 1
40 154 -1
154 40 -1
40 163 1
163 40 1
40 166 -1
166 40 -1
40 175 1
175 40 1
40 187 1
187 40 1
40 189 -1
189 40 -1
40 195 -1
195 40 -1
40 196 -1
196 40 -1
41 42 1
42 41 1
41 53 1
53 41 1
41 83 -1
83 41 -1
41 104 -1
104 41 -1
41 124 -1
124 41 -1
41 131 1
131 41 1
41 141 1
141 41 1
41 148 1
148 41 1
41 149 -1
149 41 -1
42 87 1
87 42 1
42 115 -1
115 42 -1
42 117 1
117 42 1
42 119 1
119 42 1
42 120 1
120 42 1
42 130 1
130 42 1
42 137 1
137 42 1
42 154 1
154 42 1
42 171 -1
171 42 -1
42 186 -1
186 42 -1
42 189 -1
189 42 -1
42 194 -1
194 42 -1
42 196 1
196 42 1
43 58 -1
58 43 -1
43 70 1
70 43 1
43 83 1
83 43 1
43 98 1
98 43 1
43 102 -1
102 43 -1
43 106 1
106 43 1
43 113 1
113 43 1
43 116 -1
116 43 -1
43 126 -1
126 43 -1
43 138 -1
138 43 -1
43 179 1
179 43 1
43 192 -1
192 43 -1
43 195 1
195 43 1
44 56 1
56 44 1
44 59 -1
59 44 -1
44 60 -1
60 44 -1
44 73 -1
73 44 -1
44 78 1
78 44 1
44 83 1
83 44 1
44 106 1
106 44 1
44 108 -1
108 44 -1
44 109 1
109 44 1
44 113 1
113 44 1
44 127 -1
127 44 -1
44 133 -1
133 44 -1
44 138 1
138 44 1
44 143 1
143 44 1
44 152 1
152 44 1
44 156 -1
156 44 -1
44 157 1
157 44 1
44 158 1
158 44 1
44 161 1
161 44 1
44 165 1
165 44 1
44 167 -1
167 44 -1
44 168 -1
168 44 -1
44 179 1
179 44 1
44 185 1
185 44 1
44 195 -1
195 44 -1
44 198 1
198 44 1
44 199 1
199 44 1
45 55 -1
55 45 -1
45 105 1
105 45 1
45 115 1
115 45 1
45 118 1
118 45 1
45 145 1
145 45 1
45 167 -1
167 45 -1
45 195 -1
195 45 -1
46 52 -1
52 46 -1
46 62 1
62 46 1
46 64 1
64 46 1
46 72 1
72 46 1
46 107 1
107 46 1
46 131 1
131 46 1
46 148 1
148 46 1
46 164 -1
164 46 -1
47 54 1
54 47 1
47 86 -1
86 47 -1
47 87 -1
87 47 -1
47 94 1
94 47 1
47 101 1
101 47 1
47 103 1
103 47 1
47 107 1
107 47 1
47 108 1
108 47 1
47 117 -1
117 47 -1
47 124 1
124 47 1
47 132 1
132 47 1
47 148 1
148 47 1
47 152 -1
152 47 -1
47 167 1
167 47 1
47 169 1
169 47 1
47 173 -1
173 47 -1
47 182 1
182 47 1
47 195 -1
195 47 -1
48 52 1
52 48 1
48 80 1
80 48 1
48 118 1
118 48 1
48 125 -1
125 48 -1
48 169 -1
169 48 -1
48 177 -1
177 48 -1
48 189 1
189 48 1
48 196 1
196 48 1
49 64 1
64 49 1
49 85 -1
85 49 -1
49 112 1
112 49 1
49 116 1
116 49 1
49 123 1
123 49 1
49 125 -1
125 49 -1
49 136 -1
136 49 -1
49 140 -1
140 49 -1
49 150 1
150 49 1
49 161 -1
161 49 -1
49 169 1
169 49 1
49 176 1
176 49 1
49 186 1
186 49 1
50 83 1
83 50 1
50 86 1
86 50 1
50 95 -1
95 50 -1
50 148 -1
148 50 -1
50 151 1
151 50 1
50 157 1
157 50 1
50 161 1
161 50 1
50 165 1
165 50 1
50 178 -1
178 50 -1
50 195 1
195 50 1
51 73 1
73 51 1
51 85 -1
85 51 -1
51 104 1
104 51 1
51 125 1
125 51 1
51 126 1
126 51 1
51 174 1
174 51 1
51 176 1
176 51 1
51 180 1
180 51 1
51 189 -1
189 51 -1
51 194 1
194 51 1
51 195 1
195 51 1
52 65 1
65 52 1
52 100 1
100 52 1
52 117 1
117 52 1
52 120 1
120 52 1
52 129 1
129 52 1
52 146 1
146 52 1
52 150 -1
150 52 -1
52 191 -1
191 52 -1
53 54 -1
54 53 -1
53 55 1
55 53 1
53 71 1
71 53 1
53 80 1
80 53 1
53 102 1
102 53 1
53 108 -1
108 53 -1
53 122 -1
122 53 -1
53 124 1
124 53 1
53 128 -1
128 53 -1
53 132 1
132 53 1
53 148 1
148 53 1
53 152 -1
152 53 -1
53 166 1
166 53 1
53 176 1
176 53 1
53 177 1
177 53 1
53 187 -1
187 53 -1
54 71 1
71 54 1
54 73 -1
73 54 -1
54 80 -1
80 54 -1
54 89 -1
89 54 -1
54 90 -1
90 54 -1
54 101 -1
101 54 -1
54 102 -1
102 54 -1
54 107 1
107 54 1
54 114 1
114 54 1
54 121 1
121 54 1
54 128 1
128 54 1
54 132 1
132 54 1
54 136 1
136 54 1
54 141 1
141 54 1
54 171 -1
171 54 -1
54 176 -1
176 54 -1
54 189 -1
189 54 -1
55 62 1
62 55 1
55 107 1
107 55 1
55 118 -1
118 55 -1
55 128 1
128 55 1
55 141 1
141 55 1
55 148 -1
148 55 -1
55 169 -1
169 55 -1
55 177 1
177 55 1
56 68 1
68 56 1
56 79 1
79 56 1
56 81 1
81 56 1
56 93 -1
93 56 -1
56 96 1
96 56 1
56 107 -1
107 56 -1
56 115 1
115 56 1
56 117 1
117 56 1
56 120 1
120 56 1
56 127 1
127 56 1
56 144 1
144 56 1
56 161 -1
161 56 -1
56 189 -1
189 56 -1
56 195 -1
195 56 -1
56 196 1
196 56 1
57 73 1
73 57 1
57 90 -1
90 57 -1
57 123 1
123 57 1
57 125 1
125 57 1
57 141 -1
141 57 -1
57 162 1
162 57 1
57 170 1
170 57 1
57 171 1
171 57 1
57 173 -1
173 57 -1
57 176 1
176 57 1
57 185 -1
185 57 -1
57 186 1
186 57 1
58 81 -1
81 58 -1
58 103 1
103 58 1
58 107 1
107 58 1
58 128 1
128 58 1
58 136 1
136 58 1
58 141 1
141 58 1
58 148 1
148 58 1
58 149 1
149 58 1
59 73 -1
73 59 -1
59 75 1
75 59 1
59 78 1
78 59 1
59 79 -1
79 59 -1
59 83 1
83 59 1
59 98 1
98 59 1
59 113 1
113 59 1
59 138 -1
138 59 -1
59 143 -1
143 59 -1
59 164 -1
164 59 -1
59 185 1
185 59 1
60 80 1
80 60 1
60 82 1
82 60 1
60 87 1
87 60 1
60 102 -1
102 60 -1
60 133 -1
133 60 -1
60 137 1
137 60 1
60 140 1
140 60 1
60 160 1
160 60 1
60 193 -1
193 60 -1
61 78 1
78 61 1
61 83 1
83 61 1
61 86 1
86 61 1
61 141 -1
141 61 -1
61 153 1
153 61 1
61 178 1
178 61 1
61 185 1
185 61 1
61 195 1
195 61 1
62 68 -1
68 62 -1
62 71 1
71 62 1
62 72 1
72 62 1
62 124 -1
124 62 -1
62 128 -1
128 62 -1
62 132 1
132 62 1
62 134 1
134 62 1
62 141 1
141 62 1
62 145 -1
145 62 -1
62 175 -1
175 62 -1
62 190 -1
190 62 -1
63 87 -1
87 63 -1
63 115 1
115 63 1
63 120 1
120 63 1
63 133 1
133 63 1
63 140 1
140 63 1
63 144 1
144 63 1
63 164 -1
164 63 -1
63 168 -1
168 63 -1
63 181 -1
181 63 -1
63 189 1
189 63 1
63 193 -1
193 63 -1
64 67 -1
67 64 -1
64 73 1
73 64 1
64 87 -1
87 64 -1
64 88 1
88 64 1
64 89 -1
89 64 -1
64 95 1
95 64 1
64 104 -1
104 64 -1
64 108 -1
108 64 -1
64 112 1
112 64 1
64 116 1
116 64 1
64 123 1
123 64 1
64 125 1
125 64 1
64 126 1
126 64 1
64 145 -1
145 64 -1
64 147 1
147 64 1
64 150 1
150 64 1
64 151 -1
151 64 -1
64 157 -1
157 64 -1
64 162 1
162 64 1
64 169 1
169 64 1
64 170 1
170 64 1
64 174 1
174 64 1
64 176 1
176 64 1
64 177 -1
177 64 -1
64 180 -1
180 64 -1
64 181 1
181 64 1
64 182 1
182 64 1
64 183 1
183 64 1
64 186 1
186 64 1
64 188 -1
188 64 -1
64 194 1
194 64 1
65 80 1
80 65 1
65 84 1
84 65 1
65 94 -1
94 65 -1
65 117 1
117 65 1
65 118 1
118 65 1
65 176 1
176 65 1
65 183 -1
183 65 -1
66 70 -1
70 66 -1
66 84 1
84 66 1
66 107 1
107 66 1
66 108 1
108 66 1
66 128 1
128 66 1
66 132 1
132 66 1
66 148 1
148 66 1
66 153 -1
153 66 -1
66 182 -1
182 66 -1
67 86 1
86 67 1
67 126 1
126 67 1
67 138 -1
138 67 -1
67 147 1
147 67 1
67 169 1
169 67 1
67 176 1
176 67 1
67 181 1
181 67 1
67 194 1
194 67 1
68 69 1
69 68 1
68 72 -1
72 68 -1
68 87 1
87 68 1
68 94 -1
94 68 -1
68 100 -1
100 68 -1
68 115 -1
115 68 -1
68 118 1
118 68 1
68 119 -1
119 68 -1
68 123 -1
123 68 -1
68 127 -1
127 68 -1
68 129 1
129 68 1
68 135 -1
135 68 -1
68 137 1
137 68 1
68 144 -1
144 68 -1
68 152 -1
152 68 -1
68 158 -1
158 68 -1
68 163 1
163 68 1
68 189 1
189 68 1
68 190 -1
190 68 -1
68 194 -1
194 68 -1
69 80 1
80 69 1
69 111 1
111 69 1
69 117 1
117 69 1
69 118 1
118 69 1
69 126 -1
126 69 -1
69 134 -1
134 69 -1
69 142 -1
142 69 -1
69 173 1
173 69 1
69 189 1
189 69 1
70 74 -1
74 70 -1
70 78 1
78 70 1
70 132 -1
132 70 -1
70 138 1
138 70 1
70 140 -1
140 70 -1
70 143 1
143 70 1
70 192 1
192 70 1
70 195 1
195 70 1
70 198 1
198 70 1
71 78 -1
78 71 -1
71 94 1
94 71 1
71 99 -1
99 71 -1
71 107 1
107 71 1
71 120 -1
120 71 -1
71 132 1
132 71 1
71 141 1
141 71 1
71 149 1
149 71 1
71 163 -1
163 71 -1
71 173 -1
173 71 -1
72 73 -1
73 72 -1
72 85 1
85 72 1
72 86 -1
86 72 -1
72 102 1
102 72 1
72 107 1
107 72 1
72 124 1
124 72 1
72 128 -1
128 72 -1
72 132 1
132 72 1
72 136 1
136 72 1
72 144 -1
144 72 -1
72 148 1
148 72 1
72 153 1
153 72 1
72 169 1
169 72 1
72 177 1
177 72 1
72 192 -1
192 72 -1
72 196 -1
196 72 -1
73 75 -1
75 73 -1
73 76 1
76 73 1
73 83 -1
83 73 -1
73 93 1
93 73 1
73 112 1
112 73 1
73 116 -1
116 73 -1
73 122 -1
122 73 -1
73 123 1
123 73 1
73 125 1
125 73 1
73 126 1
126 73 1
73 132 -1
132 73 -1
73 147 -1
147 73 -1
73 150 1
150 73 1
73 155 -1
155 73 -1
73 161 -1
161 73 -1
73 162 1
162 73 1
73 169 -1
169 73 -1
73 171 1
171 73 1
73 172 1
172 73 1
73 176 -1
176 73 -1
73 180 1
180 73 1
73 191 1
191 73 1
73 194 1
194 73 1
74 81 -1
81 74 -1
74 86 1
86 74 1
74 106 -1
106 74 -1
74 107 -1
107 74 -1
74 129 -1
129 74 -1
74 166 1
166 74 1
74 178 -1
178 74 -1
74 185 1
185 74 1
75 83 1
83 75 1
75 99 -1
99 75 -1
75 105 1
105 75 1
75 129 -1
129 75 -1
75 161 1
161 75 1
75 165 1
165 75 1
75 168 1
168 75 1
75 199 1
199 75 1
76 103 -1
103 76 -1
76 116 1
116 76 1
76 125 1
125 76 1
76 147 1
147 76 1
76 176 -1
176 76 -1
76 188 -1
188 76 -1
76 194 1
194 76 1
77 93 -1
93 77 -1
77 100 1
100 77 1
77 118 1
118 77 1
77 121 -1
121 77 -1
77 127 1
127 77 1
77 129 1
129 77 1
77 189 1
189 77 1
78 83 1
83 78 1
78 86 1
86 78 1
78 97 -1
97 78 -1
78 106 -1
106 78 -1
78 109 1
109 78 1
78 120 -1
120 78 -1
78 127 -1
127 78 -1
78 135 -1
135 78 -1
78 143 1
143 78 1
78 148 -1
148 78 -1
78 151 1
151 78 1
78 152 -1
152 78 -1
78 154 1
154 78 1
78 158 1
158 78 1
78 179 1
179 78 1
78 185 1
185 78 1
78 192 1
192 78 1
78 195 1
195 78 1
78 198 1
198 78 1
78 199 1
199 78 1
79 80 1
80 79 1
79 84 1
84 79 1
79 87 1
87 79 1
79 102 -1
102 79 -1
79 114 -1
114 79 -1
79 118 -1
118 79 -1
79 137 1
137 79 1
79 145 1
145 79 1
79 163 1
163 79 1
79 196 1
196 79 1
79 198 -1
198 79 -1
80 81 1
81 80 1
80 87 1
87 80 1
80 111 1
111 80 1
80 120 1
120 80 1
80 128 -1
128 80 -1
80 144 1
144 80 1
80 145 1
145 80 1
80 161 1
161 80 1
80 163 1
163 80 1
80 170 -1
170 80 -1
80 187 -1
187 80 -1
80 189 1
189 80 1
80 199 -1
199 80 -1
81 82 1
82 81 1
81 111 1
111 81 1
81 112 1
112 81 1
81 115 1
115 81 1
81 117 1
117 81 1
81 120 1
120 81 1
81 122 1
122 81 1
81 126 1
126 81 1
81 127 1
127 81 1
81 129 1
129 81 1
81 133 1
133 81 1
81 134 -1
134 81 -1
81 140 1
140 81 1
81 152 -1
152 81 -1
81 158 -1
158 81 -1
81 188 1
188 81 1
81 189 1
189 81 1
81 190 1
190 81 1
81 194 1
194 81 1
82 96 1
96 82 1
82 119 1
119 82 1
82 140 1
140 82 1
82 175 1
175 82 1
82 189 1
189 82 1
82 196 1
196 82 1
82 198 -1
198 82 -1
83 86 1
86 83 1
83 97 1
97 83 1
83 98 1
98 83 1
83 99 1
99 83 1
83 107 -1
107 83 -1
83 109 1
109 83 1
83 113 1
113 83 1
83 135 -1
135 83 -1
83 140 1
140 83 1
83 143 1
143 83 1
83 151 1
151 83 1
83 154 1
154 83 1
83 156 1
156 83 1
83 161 1
161 83 1
83 163 -1
163 83 -1
83 165 1
165 83 1
83 167 -1
167 83 -1
83 168 1
168 83 1
83 173 -1
173 83 -1
83 178 -1
178 83 -1
83 179 1
179 83 1
83 184 1
184 83 1
83 185 1
185 83 1
83 190 -1
190 83 -1
83 195 1
195 83 1
83 198 -1
198 83 -1
83 200 1
200 83 1
84 87 1
87 84 1
84 97 1
97 84 1
84 98 -1
98 84 -1
84 111 1
111 84 1
84 117 1
117 84 1
84 120 1
120 84 1
84 144 1
144 84 1
84 145 1
145 84 1
84 178 -1
178 84 -1
84 189 -1
189 84 -1
85 101 1
101 85 1
85 107 1
107 85 1
85 110 1
110 85 1
85 121 1
121 85 1
85 134 1
134 85 1
85 141 1
141 85 1
85 148 1
148 85 1
85 155 1
155 85 1
85 179 -1
179 85 -1
86 88 -1
88 86 -1
86 92 -1
92 86 -1
86 106 -1
106 86 -1
86 135 -1
135 86 -1
86 138 1
138 86 1
86 140 -1
140 86 -1
86 142 1
142 86 1
86 143 -1
143 86 -1
86 157 1
157 86 1
86 158 1
158 86 1
86 161 1
161 86 1
86 165 1
165 86 1
86 184 1
184 86 1
86 185 1
185 86 1
86 198 1
198 86 1
86 199 1
199 86 1
87 88 -1
88 87 -1
87 91 1
91 87 1
87 97 1
97 87 1
87 99 -1
99 87 -1
87 105 1
105 87 1
87 111 1
111 87 1
87 116 1
116 87 1
87 117 -1
117 87 -1
87 118 1
118 87 1
87 121 -1
121 87 -1
87 135 -1
135 87 -1
87 139 -1
139 87 -1
87 144 1
144 87 1
87 146 1
146 87 1
87 152 1
152 87 1
87 156 -1
156 87 -1
87 163 -1
163 87 -1
87 173 1
173 87 1
87 175 1
175 87 1
87 186 1
186 87 1
87 188 1
188 87 1
87 195 -1
195 87 -1
88 123 1
123 88 1
88 125 1
125 88 1
88 150 -1
150 88 -1
88 162 -1
162 88 -1
88 172 1
172 88 1
88 176 1
176 88 1
88 187 -1
187 88 -1
89 97 1
97 89 1
89 100 1
100 89 1
89 103 1
103 89 1
89 111 1
111 89 1
89 115 1
115 89 1
89 120 1
120 89 1
89 128 -1
128 89 -1
89 187 -1
187 89 -1
90 102 1
102 90 1
90 124 1
124 90 1
90 141 1
141 90 1
90 148 -1
148 90 -1
90 177 1
177 90 1
90 196 -1
196 90 -1
91 100 1
100 91 1
91 118 1
118 91 1
91 124 -1
124 91 -1
91 145 1
145 91 1
91 155 -1
155 91 -1
91 165 -1
165 91 -1
91 187 1
187 91 1
92 96 -1
96 92 -1
92 129 1
129 92 1
92 144 1
144 92 1
92 152 1
152 92 1
92 163 -1
163 92 -1
92 178 -1
178 92 -1
92 199 -1
199 92 -1
93 104 1
104 93 1
93 116 1
116 93 1
93 123 -1
123 93 -1
93 125 1
125 93 1
93 170 1
170 93 1
93 186 1
186 93 1
93 194 1
194 93 1
94 105 -1
105 94 -1
94 107 1
107 94 1
94 109 1
109 94 1
94 110 1
110 94 1
94 117 -1
117 94 -1
94 118 -1
118 94 -1
94 121 1
121 94 1
94 122 1
122 94 1
94 124 1
124 94 1
94 128 1
128 94 1
94 141 1
141 94 1
94 149 -1
149 94 -1
94 153 1
153 94 1
94 159 -1
159 94 -1
94 164 1
164 94 1
94 167 -1
167 94 -1
94 177 1
177 94 1
94 193 1
193 94 1
95 118 -1
118 95 -1
95 123 1
123 95 1
95 172 1
172 95 1
95 176 1
176 95 1
95 178 -1
178 95 -1
95 194 1
194 95 1
96 115 1
115 96 1
96 118 1
118 96 1
96 125 -1
125 96 -1
96 129 -1
129 96 -1
96 168 -1
168 96 -1
96 176 -1
176 96 -1
97 119 1
119 97 1
97 125 1
125 97 1
97 163 1
163 97 1
97 190 1
190 97 1
98 128 1
128 98 1
98 138 1
138 98 1
98 156 1
156 98 1
98 161 1
161 98 1
98 185 1
185 98 1
98 189 -1
189 98 -1
98 195 1
195 98 1
99 106 1
106 99 1
99 109 1
109 99 1
99 127 -1
127 99 -1
99 168 1
168 99 1
99 178 1
178 99 1
99 184 1
184 99 1
99 185 1
185 99 1
99 195 -1
195 99 -1
99 199 -1
199 99 -1
100 115 1
115 100 1
100 121 -1
121 100 -1
100 160 1
160 100 1
100 166 -1
166 100 -1
100 187 1
187 100 1
100 195 1
195 100 1
101 102 1
102 101 1
101 108 1
108 101 1
101 121 -1
121 101 -1
101 141 1
141 101 1
101 159 -1
159 101 -1
101 177 -1
177 101 -1
101 186 -1
186 101 -1
102 107 1
107 102 1
102 110 1
110 102 1
102 112 -1
112 102 -1
102 120 -1
120 102 -1
102 128 1
128 102 1
102 132 1
132 102 1
102 135 1
135 102 1
102 141 1
141 102 1
102 151 -1
151 102 -1
102 177 1
177 102 1
102 193 1
193 102 1
103 108 1
108 103 1
103 124 1
124 103 1
103 125 -1
125 103 -1
103 128 1
128 103 1
103 132 -1
132 103 -1
103 148 1
148 103 1
104 106 -1
106 104 -1
104 107 -1
107 104 -1
104 109 -1
109 104 -1
104 112 1
112 104 1
104 123 1
123 104 1
104 125 1
125 104 1
104 126 1
126 104 1
104 132 -1
132 104 -1
104 147 1
147 104 1
104 162 1
162 104 1
104 169 1
169 104 1
104 171 -1
171 104 -1
104 174 1
174 104 1
104 176 1
176 104 1
104 185 -1
185 104 -1
104 191 1
191 104 1
104 194 1
194 104 1
105 117 1
117 105 1
105 124 -1
124 105 -1
105 127 1
127 105 1
105 129 -1
129 105 -1
105 141 -1
141 105 -1
105 189 1
189 105 1
106 107 -1
107 106 -1
106 148 1
148 106 1
106 168 1
168 106 1
107 108 1
108 107 1
107 110 1
110 107 1
107 115 1
115 107 1
107 121 1
121 107 1
107 124 1
124 107 1
107 128 1
128 107 1
107 129 -1
129 107 -1
107 131 -1
131 107 -1
107 132 -1
132 107 -1
107 135 1
135 107 1
107 136 1
136 107 1
107 141 1
141 107 1
107 149 1
149 107 1
107 150 -1
150 107 -1
107 153 1
153 107 1
107 177 1
177 107 1
107 182 1
182 107 1
107 191 -1
191 107 -1
107 193 1
193 107 1
107 196 -1
196 107 -1
108 110 1
110 108 1
108 115 -1
115 108 -1
108 128 1
128 108 1
108 132 1
132 108 1
108 155 1
155 108 1
108 164 1
164 108 1
108 167 1
167 108 1
108 171 1
171 108 1
108 177 1
177 108 1
108 178 -1
178 108 -1
108 193 1
193 108 1
109 147 -1
147 109 -1
109 161 1
161 109 1
109 165 1
165 109 1
109 168 1
168 109 1
110 118 -1
118 110 -1
110 120 -1
120 110 -1
110 121 1
121 110 1
110 138 -1
138 110 -1
110 149 1
149 110 1
110 177 1
177 110 1
110 182 1
182 110 1
110 194 -1
194 110 -1
111 112 -1
112 111 -1
111 119 1
119 111 1
111 123 -1
123 111 -1
111 127 -1
127 111 -1
111 138 -1
138 111 -1
111 148 -1
148 111 -1
111 160 -1
160 111 -1
111 162 -1
162 111 -1
111 175 1
175 111 1
111 176 -1
176 111 -1
111 187 1
187 111 1
111 190 -1
190 111 -1
112 123 1
123 112 1
112 132 -1
132 112 -1
112 150 1
150 112 1
112 152 -1
152 112 -1
112 176 1
176 112 1
112 183 1
183 112 1
112 186 1
186 112 1
112 194 1
194 112 1
112 197 1
197 112 1
113 149 -1
149 113 -1
113 154 1
154 113 1
113 179 1
179 113 1
113 185 1
185 113 1
114 120 -1
120 114 -1
114 132 1
132 114 1
114 135 1
135 114 1
114 148 1
148 114 1
114 152 -1
152 114 -1
114 153 1
153 114 1
114 177 1
177 114 1
115 116 1
116 115 1
115 117 1
117 115 1
115 118 1
118 115 1
115 120 1
120 115 1
115 123 -1
123 115 -1
115 127 1
127 115 1
115 129 1
129 115 1
115 133 1
133 115 1
115 141 -1
141 115 -1
115 146 1
146 115 1
115 151 -1
151 115 -1
115 152 1
152 115 1
115 156 1
156 115 1
115 163 -1
163 115 -1
115 172 -1
172 115 -1
115 173 1
173 115 1
115 175 1
175 115 1
115 176 -1
176 115 -1
115 182 -1
182 115 -1
115 187 1
187 115 1
115 188 1
188 115 1
115 200 -1
200 115 -1
116 123 -1
123 116 -1
116 125 1
125 116 1
116 140 -1
140 116 -1
116 146 -1
146 116 -1
116 147 1
147 116 1
116 150 1
150 116 1
116 163 1
163 116 1
116 169 1
169 116 1
116 173 -1
173 116 -1
116 174 1
174 116 1
116 176 1
176 116 1
116 180 1
180 116 1
116 191 1
191 116 1
116 194 1
194 116 1
117 118 1
118 117 1
117 119 1
119 117 1
117 127 1
127 117 1
117 129 -1
129 117 -1
117 138 -1
138 117 -1
117 145 1
145 117 1
117 159 -1
159 117 -1
117 160 1
160 117 1
117 170 -1
170 117 -1
117 173 1
173 117 1
117 175 -1
175 117 -1
117 176 -1
176 117 -1
117 177 -1
177 117 -1
117 184 -1
184 117 -1
117 186 -1
186 117 -1
117 189 1
189 117 1
117 196 1
196 117 1
118 120 1
120 118 1
118 130 1
130 118 1
118 137 1
137 118 1
118 138 -1
138 118 -1
118 144 1
144 118 1
118 148 -1
148 118 -1
118 157 -1
157 118 -1
118 164 -1
164 118 -1
118 165 -1
165 118 -1
118 169 -1
169 118 -1
118 173 1
173 118 1
118 188 -1
188 118 -1
118 189 -1
189 118 -1
118 190 1
190 118 1
118 200 -1
200 118 -1
119 129 1
129 119 1
119 148 -1
148 119 -1
119 185 -1
185 119 -1
119 187 1
187 119 1
119 189 -1
189 119 -1
120 122 1
122 120 1
120 129 1
129 120 1
120 130 1
130 120 1
120 145 1
145 120 1
120 173 1
173 120 1
120 177 1
177 120 1
121 141 1
141 121 1
121 148 1
148 121 1
121 159 1
159 121 1
121 177 1
177 121 1
121 189 -1
189 121 -1
121 193 1
193 121 1
121 195 1
195 121 1
122 138 1
138 122 1
122 139 -1
139 122 -1
122 145 -1
145 122 -1
122 173 1
173 122 1
122 190 1
190 122 1
123 125 1
125 123 1
123 126 1
126 123 1
123 128 -1
128 123 -1
123 140 1
140 123 1
123 147 1
147 123 1
123 150 1
150 123 1
123 163 -1
163 123 -1
123 169 1
169 123 1
123 170 1
170 123 1
123 172 1
172 123 1
123 174 -1
174 123 -1
123 176 -1
176 123 -1
123 183 -1
183 123 -1
123 186 1
186 123 1
123 191 -1
191 123 -1
123 194 1
194 123 1
123 197 -1
197 123 -1
123 198 -1
198 123 -1
123 199 -1
199 123 -1
124 128 1
128 124 1
124 134 -1
134 124 -1
124 148 1
148 124 1
124 152 -1
152 124 -1
124 166 -1
166 124 -1
124 177 1
177 124 1
124 193 1
193 124 1
125 129 -1
129 125 -1
125 144 -1
144 125 -1
125 150 -1
150 125 -1
125 162 1
162 125 1
125 169 1
169 125 1
125 170 1
170 125 1
125 171 1
171 125 1
125 174 1
174 125 1
125 176 -1
176 125 -1
125 180 1
180 125 1
125 183 1
183 125 1
125 186 1
186 125 1
125 193 -1
193 125 -1
125 194 1
194 125 1
126 147 1
147 126 1
126 162 1
162 126 1
126 165 -1
165 126 -1
126 171 1
171 126 1
126 172 1
172 126 1
126 176 1
176 126 1
126 194 1
194 126 1
126 199 1
199 126 1
127 128 1
128 127 1
127 129 1
129 127 1
127 139 1
139 127 1
127 140 1
140 127 1
127 142 -1
142 127 -1
127 145 1
145 127 1
127 163 1
163 127 1
127 186 -1
186 127 -1
127 187 1
187 127 1
127 189 1
189 127 1
127 190 1
190 127 1
127 196 1
196 127 1
128 134 -1
134 128 -1
128 135 1
135 128 1
128 141 1
141 128 1
128 149 1
149 128 1
128 154 -1
154 128 -1
128 155 1
155 128 1
128 164 1
164 128 1
128 167 1
167 128 1
128 174 1
174 128 1
128 194 -1
194 128 -1
128 195 -1
195 128 -1
129 134 -1
134 129 -1
129 137 1
137 129 1
129 141 -1
141 129 -1
129 144 -1
144 129 -1
129 148 -1
148 129 -1
129 152 -1
152 129 -1
129 163 1
163 129 1
129 168 -1
168 129 -1
129 173 1
173 129 1
129 179 -1
179 129 -1
129 189 -1
189 129 -1
129 193 1
193 129 1
129 196 1
196 129 1
130 148 1
148 130 1
130 152 1
152 130 1
130 159 1
159 130 1
130 165 -1
165 130 -1
130 173 1
173 130 1
130 190 1
190 130 1
131 141 1
141 131 1
131 150 -1
150 131 -1
131 164 1
164 131 1
131 177 1
177 131 1
131 185 -1
185 131 -1
131 193 1
193 131 1
132 141 1
141 132 1
132 144 -1
144 132 -1
132 148 -1
148 132 -1
132 153 1
153 132 1
132 174 1
174 132 1
132 177 1
177 132 1
132 182 -1
182 132 -1
132 194 -1
194 132 -1
132 200 -1
200 132 -1
133 141 -1
141 133 -1
133 163 1
163 133 1
134 135 1
135 134 1
134 141 1
141 134 1
134 145 -1
145 134 -1
134 153 -1
153 134 -1
134 163 -1
163 134 -1
134 177 1
177 134 1
135 136 1
136 135 1
135 141 1
141 135 1
135 148 1
148 135 1
135 153 1
153 135 1
135 155 1
155 135 1
135 177 1
177 135 1
135 193 1
193 135 1
136 141 1
141 136 1
136 148 1
148 136 1
136 175 -1
175 136 -1
136 180 -1
180 136 -1
137 143 -1
143 137 -1
137 152 1
152 137 1
137 163 1
163 137 1
137 173 -1
173 137 -1
137 174 -1
174 137 -1
137 176 -1
176 137 -1
138 142 1
142 138 1
138 151 1
151 138 1
138 157 1
157 138 1
138 168 1
168 138 1
138 178 1
178 138 1
138 179 1
179 138 1
138 195 1
195 138 1
138 198 1
198 138 1
139 172 -1
172 139 -1
139 173 1
173 139 1
139 185 -1
185 139 -1
139 189 -1
189 139 -1
140 163 1
163 140 1
140 173 1
173 140 1
140 175 1
175 140 1
140 189 1
189 140 1
141 143 1
143 141 1
141 145 -1
145 141 -1
141 148 1
148 141 1
141 149 1
149 141 1
141 153 -1
153 141 -1
141 164 1
164 141 1
141 167 1
167 141 1
141 171 -1
171 141 -1
141 176 1
176 141 1
141 177 1
177 141 1
142 151 1
151 142 1
142 156 1
156 142 1
142 158 1
158 142 1
142 181 -1
181 142 -1
142 194 -1
194 142 -1
143 151 1
151 143 1
143 157 1
157 143 1
143 165 1
165 143 1
144 145 -1
145 144 -1
144 159 1
159 144 1
144 177 -1
177 144 -1
144 192 -1
192 144 -1
145 157 1
157 145 1
145 160 1
160 145 1
145 163 1
163 145 1
145 170 -1
170 145 -1
145 173 1
173 145 1
145 175 1
175 145 1
145 178 1
178 145 1
145 188 1
188 145 1
145 189 -1
189 145 -1
146 154 1
154 146 1
146 188 1
188 146 1
146 189 1
189 146 1
147 176 1
176 147 1
147 187 1
187 147 1
147 194 1
194 147 1
148 156 -1
156 148 -1
148 167 1
167 148 1
148 177 -1
177 148 -1
148 184 1
184 148 1
149 153 1
153 149 1
150 172 1
172 150 1
150 176 1
176 150 1
150 177 -1
177 150 -1
150 185 -1
185 150 -1
150 191 1
191 150 1
150 196 -1
196 150 -1
151 161 -1
161 151 -1
151 165 1
165 151 1
151 166 1
166 151 1
151 168 -1
168 151 -1
151 189 -1
189 151 -1
151 195 1
195 151 1
152 159 1
159 152 1
152 163 1
163 152 1
152 188 1
188 152 1
152 189 -1
189 152 -1
152 196 1
196 152 1
153 160 -1
160 153 -1
153 167 1
167 153 1
153 168 -1
168 153 -1
153 175 -1
175 153 -1
153 190 1
190 153 1
154 165 1
165 154 1
154 168 1
168 154 1
154 184 1
184 154 1
154 195 1
195 154 1
154 200 1
200 154 1
155 164 1
164 155 1
155 177 1
177 155 1
156 157 1
157 156 1
156 161 1
161 156 1
156 199 1
199 156 1
156 200 1
200 156 1
157 181 -1
181 157 -1
157 185 1
185 157 1
157 195 1
195 157 1
158 163 -1
163 158 -1
158 178 1
178 158 1
158 185 1
185 158 1
158 192 1
192 158 1
159 190 1
190 159 1
159 194 -1
194 159 -1
159 196 1
196 159 1
161 166 -1
166 161 -1
161 175 -1
175 161 -1
161 178 1
178 161 1
161 192 1
192 161 1
161 200 1
200 161 1
162 176 -1
176 162 -1
162 194 1
194 162 1
163 177 -1
177 163 -1
163 187 1
187 163 1
163 192 1
192 163 1
163 196 1
196 163 1
163 197 -1
197 163 -1
165 166 1
166 165 1
165 178 1
178 165 1
165 185 -1
185 165 -1
165 189 -1
189 165 -1
165 198 -1
198 165 -1
166 178 1
178 166 1
166 179 1
179 166 1
166 195 -1
195 166 -1
167 176 -1
176 167 -1
167 182 1
182 167 1
167 193 1
193 167 1
168 178 1
178 168 1
168 185 1
185 168 1
168 187 -1
187 168 -1
168 195 1
195 168 1
168 198 1
198 168 1
168 199 1
199 168 1
169 176 1
176 169 1
169 181 1
181 169 1
169 183 1
183 169 1
169 186 1
186 169 1
169 190 -1
190 169 -1
169 194 1
194 169 1
170 194 1
194 170 1
170 199 -1
199 170 -1
171 194 1
194 171 1
172 176 1
176 172 1
172 186 1
186 172 1
172 192 1
192 172 1
173 190 1
190 173 1
173 194 -1
194 173 -1
174 176 1
176 174 1
174 186 1
186 174 1
174 189 -1
189 174 -1
174 194 1
194 174 1
175 189 1
189 175 1
175 192 -1
192 175 -1
176 180 1
180 176 1
176 181 1
181 176 1
176 183 1
183 176 1
176 186 1
186 176 1
176 191 1
191 176 1
176 194 1
194 176 1
176 197 1
197 176 1
177 186 -1
186 177 -1
177 189 -1
189 177 -1
177 194 -1
194 177 -1
178 192 1
192 178 1
178 194 1
194 178 1
178 195 -1
195 178 -1
179 198 1
198 179 1
180 185 1
185 180 1
180 194 -1
194 180 -1
180 198 -1
198 180 -1
181 194 -1
194 181 -1
183 189 -1
189 183 -1
183 194 1
194 183 1
184 192 1
192 184 1
184 195 -1
195 184 -1
184 199 1
199 184 1
185 195 1
195 185 1
185 198 -1
198 185 -1
185 199 1
199 185 1
186 194 -1
194 186 -1
187 188 1
188 187 1
187 199 -1
199 187 -1
189 190 1
190 189 1
189 196 1
196 189 1
189 197 -1
197 189 -1
190 194 -1
194 190 -1
191 194 1
194 191 1
192 199 1
199 192 1
192 200 1
200 192 1
194 197 1
197 194 1
195 196 1
196 195 1
195 198 1
198 195 1
195 200 1
200 195 1
198 200 1
200 198 1
