1 7 1
7 1 1
1 22 1
22 1 1
1 26 1
26 1 1
1 39 1
39 1 1
1 77 1
77 1 1
1 79 1
79 1 1
1 137 -1
137 1 -1
1 163 -1
163 1 -1
1 179 1
179 1 1
1 182 -1
182 1 -1
1 193 1
193 1 1
1 197 1
197 1 1
1 199 1
199 1 1
2 11 1
11 2 1
2 13 1
13 2 1
2 21 1
21 2 1
2 27 -1
27 2 -1
2 30 1
30 2 1
2 34 1
34 2 1
2 45 -1
45 2 -1
2 51 1
51 2 1
2 62 -1
62 2 -1
2 64 1
64 2 1
2 76 1
76 2 1
2 92 -1
92 2 -1
2 116 1
116 2 1
2 118 1
118 2 1
2 143 1
143 2 1
2 150 -1
150 2 -1
2 159 1
159 2 1
2 166 -1
166 2 -1
3 8 1
8 3 1
3 22 -1
22 3 -1
3 24 1
24 3 1
3 38 1
38 3 1
3 71 1
71 3 1
3 79 1
79 3 1
3 80 -1
80 3 -1
3 82 1
82 3 1
3 133 -1
133 3 -1
3 157 1
157 3 1
3 179 -1
179 3 -1
3 197 1
197 3 1
4 5 1
5 4 1
4 12 1
12 4 1
4 13 -1
13 4 -1
4 20 -1
20 4 -1
4 24 1
24 4 1
4 25 -1
25 4 -1
4 26 1
26 4 1
4 38 1
38 4 1
4 71 1
71 4 1
4 77 1
77 4 1
4 83 -1
83 4 -1
4 100 1
100 4 1
4 106 1
106 4 1
4 107 -1
107 4 -1
4 148 1
148 4 1
4 157 1
157 4 1
4 160 1
160 4 1
4 164 -1
164 4 -1
4 170 1
170 4 1
4 187 -1
187 4 -1
4 197 1
197 4 1
4 199 1
199 4 1
5 19 -1
19 5 -1
5 22 1
22 5 1
5 26 1
26 5 1
5 33 1
33 5 1
5 53 -1
53 5 -1
5 61 1
61 5 1
5 74 -1
74 5 -1
5 124 -1
124 5 -1
5 136 -1
136 5 -1
5 148 1
148 5 1
5 154 1
154 5 1
5 159 -1
159 5 -1
5 181 1
181 5 1
5 197 -1
197 5 -1
5 199 1
199 5 1
6 20 1
20 6 1
6 26 -1
26 6 -1
6 35 1
35 6 1
6 38 -1
38 6 -1
6 46 1
46 6 1
6 53 1
53 6 1
6 54 1
54 6 1
6 65 -1
65 6 -1
6 68 -1
68 6 -1
6 73 1
73 6 1
6 74 1
74 6 1
6 78 1
78 6 1
6 80 1
80 6 1
6 86 1
86 6 1
6 90 -1
90 6 -1
6 91 1
91 6 1
6 92 1
92 6 1
6 95 1
95 6 1
6 100 -1
100 6 -1
6 101 1
101 6 1
6 103 1
103 6 1
6 109 -1
109 6 -1
6 117 1
117 6 1
6 121 1
121 6 1
6 126 1
126 6 1
6 137 1
137 6 1
6 138 1
138 6 1
6 140 1
140 6 1
6 149 1
149 6 1
6 162 1
162 6 1
6 163 1
163 6 1
6 168 1
168 6 1
6 171 -1
171 6 -1
6 172 1
172 6 1
6 173 1
173 6 1
6 174 -1
174 6 -1
6 175 1
175 6 1
6 188 1
188 6 1
6 195 -1
195 6 -1
6 196 -1
196 6 -1
6 198 1
198 6 1
7 8 1
8 7 1
7 15 1
15 7 1
7 26 1
26 7 1
7 41 -1
41 7 -1
7 43 1
43 7 1
7 56 -1
56 7 -1
7 57 -1
57 7 -1
7 61 1
61 7 1
7 69 -1
69 7 -1
7 73 -1
73 7 -1
7 77 -1
77 7 -1
7 125 1
125 7 1
7 136 -1
136 7 -1
7 148 1
148 7 1
7 170 1
170 7 1
7 179 -1
179 7 -1
7 197 1
197 7 1
7 199 -1
199 7 -1
8 22 1
22 8 1
8 37 1
37 8 1
8 74 -1
74 8 -1
8 77 1
77 8 1
8 110 1
110 8 1
8 149 1
149 8 1
8 164 -1
164 8 -1
8 177 -1
177 8 -1
9 22 1
22 9 1
9 25 1
25 9 1
9 64 -1
64 9 -1
9 77 -1
77 9 -1
9 96 -1
96 9 -1
9 125 -1
125 9 -1
9 132 1
132 9 1
9 155 1
155 9 1
9 170 1
170 9 1
9 199 1
199 9 1
10 36 1
36 10 1
10 38 -1
38 10 -1
10 39 1
39 10 1
10 63 1
63 10 1
10 68 -1
68 10 -1
10 77 -1
77 10 -1
10 80 1
80 10 1
10 91 -1
91 10 -1
10 131 1
131 10 1
10 135 1
135 10 1
10 146 1
146 10 1
10 180 1
180 10 1
10 200 1
200 10 1
11 13 1
13 11 1
11 21 1
21 11 1
11 26 -1
26 11 -1
11 27 1
27 11 1
11 29 -1
29 11 -1
11 30 1
30 11 1
11 41 -1
41 11 -1
11 42 1
42 11 1
11 47 1
47 11 1
11 51 1
51 11 1
11 52 -1
52 11 -1
11 58 -1
58 11 -1
11 64 1
64 11 1
11 66 1
66 11 1
11 67 1
67 11 1
11 69 -1
69 11 -1
11 72 1
72 11 1
11 76 1
76 11 1
11 82 1
82 11 1
11 85 -1
85 11 -1
11 86 -1
86 11 -1
11 103 -1
103 11 -1
11 108 -1
108 11 -1
11 116 1
116 11 1
11 118 1
118 11 1
11 125 -1
125 11 -1
11 139 -1
139 11 -1
11 143 -1
143 11 -1
11 144 -1
144 11 -1
11 147 1
147 11 1
11 152 1
152 11 1
11 159 1
159 11 1
11 168 -1
168 11 -1
11 184 -1
184 11 -1
11 186 1
186 11 1
11 189 1
189 11 1
11 190 1
190 11 1
12 15 -1
15 12 -1
12 22 -1
22 12 -1
12 38 -1
38 12 -1
12 65 -1
65 12 -1
12 131 -1
131 12 -1
12 151 -1
151 12 -1
12 170 -1
170 12 -1
12 179 1
179 12 1
12 197 -1
197 12 -1
13 30 1
30 13 1
13 47 1
47 13 1
13 51 1
51 13 1
13 52 -1
52 13 -1
13 104 -1
104 13 -1
13 116 -1
116 13 -1
13 143 1
143 13 1
13 159 1
159 13 1
13 171 -1
171 13 -1
13 177 -1
177 13 -1
14 22 1
22 14 1
14 33 1
33 14 1
14 42 -1
42 14 -1
14 56 -1
56 14 -1
14 62 1
62 14 1
14 77 1
77 14 1
14 79 1
79 14 1
14 99 1
99 14 1
14 125 1
125 14 1
14 137 -1
137 14 -1
14 148 1
148 14 1
14 169 -1
169 14 -1
14 177 1
177 14 1
14 189 -1
189 14 -1
14 199 1
199 14 1
15 29 1
29 15 1
15 53 -1
53 15 -1
15 61 1
61 15 1
15 74 -1
74 15 -1
15 77 1
77 15 1
15 100 1
100 15 1
15 125 1
125 15 1
15 157 1
157 15 1
15 161 -1
161 15 -1
15 190 -1
190 15 -1
15 199 1
199 15 1
16 25 -1
25 16 -1
16 30 1
30 16 1
16 36 1
36 16 1
16 42 1
42 16 1
16 45 1
45 16 1
16 70 1
70 16 1
16 104 -1
104 16 -1
16 115 1
115 16 1
16 118 -1
118 16 -1
16 127 1
127 16 1
16 139 -1
139 16 -1
16 158 1
158 16 1
17 64 -1
64 17 -1
17 75 1
75 17 1
17 85 1
85 17 1
17 107 1
107 17 1
17 111 -1
111 17 -1
17 117 -1
117 17 -1
17 119 1
119 17 1
17 150 1
150 17 1
17 162 -1
162 17 -1
17 174 1
174 17 1
17 191 1
191 17 1
17 192 1
192 17 1
18 70 1
70 18 1
18 111 1
111 18 1
18 115 1
115 18 1
18 130 -1
130 18 -1
18 134 -1
134 18 -1
18 138 -1
138 18 -1
18 139 1
139 18 1
18 158 1
158 18 1
18 195 -1
195 18 -1
18 196 1
196 18 1
19 30 -1
30 19 -1
19 54 -1
54 19 -1
19 62 1
62 19 1
19 97 1
97 19 1
19 104 1
104 19 1
19 111 1
111 19 1
19 119 1
119 19 1
19 167 1
167 19 1
19 174 1
174 19 1
19 180 -1
180 19 -1
19 184 1
184 19 1
19 192 -1
192 19 -1
19 194 1
194 19 1
20 31 1
31 20 1
20 35 1
35 20 1
20 46 1
46 20 1
20 51 -1
51 20 -1
20 54 1
54 20 1
20 71 -1
71 20 -1
20 78 1
78 20 1
20 80 -1
80 20 -1
20 81 1
81 20 1
20 91 1
91 20 1
20 92 -1
92 20 -1
20 95 1
95 20 1
20 103 1
103 20 1
20 112 -1
112 20 -1
20 116 -1
116 20 -1
20 117 1
117 20 1
20 122 1
122 20 1
20 124 1
124 20 1
20 125 -1
125 20 -1
20 126 1
126 20 1
20 133 1
133 20 1
20 136 1
136 20 1
20 138 1
138 20 1
20 162 1
162 20 1
20 167 1
167 20 1
20 172 1
172 20 1
20 176 1
176 20 1
20 197 -1
197 20 -1
21 30 -1
30 21 -1
21 41 1
41 21 1
21 67 1
67 21 1
21 76 1
76 21 1
21 82 1
82 21 1
21 130 -1
130 21 -1
21 140 -1
140 21 -1
21 147 1
147 21 1
21 159 1
159 21 1
21 162 -1
162 21 -1
21 186 1
186 21 1
21 194 -1
194 21 -1
22 23 1
23 22 1
22 26 1
26 22 1
22 27 -1
27 22 -1
22 29 1
29 22 1
22 31 -1
31 22 -1
22 38 1
38 22 1
22 39 -1
39 22 -1
22 55 1
55 22 1
22 56 1
56 22 1
22 60 1
60 22 1
22 61 1
61 22 1
22 65 1
65 22 1
22 71 1
71 22 1
22 79 1
79 22 1
22 90 1
90 22 1
22 93 1
93 22 1
22 98 1
98 22 1
22 100 1
100 22 1
22 101 -1
101 22 -1
22 107 -1
107 22 -1
22 125 -1
125 22 -1
22 142 1
142 22 1
22 148 1
148 22 1
22 149 1
149 22 1
22 152 -1
152 22 -1
22 153 -1
153 22 -1
22 157 -1
157 22 -1
22 159 -1
159 22 -1
22 170 1
170 22 1
22 171 -1
171 22 -1
22 174 -1
174 22 -1
22 175 -1
175 22 -1
22 177 1
177 22 1
22 178 -1
178 22 -1
22 179 1
179 22 1
22 193 1
193 22 1
22 197 1
197 22 1
22 199 1
199 22 1
22 200 -1
200 22 -1
23 54 1
54 23 1
23 61 -1
61 23 -1
23 74 1
74 23 1
23 103 1
103 23 1
23 111 -1
111 23 -1
23 122 1
122 23 1
23 136 -1
136 23 -1
23 138 1
138 23 1
23 162 1
162 23 1
23 163 1
163 23 1
23 192 -1
192 23 -1
23 198 1
198 23 1
24 26 1
26 24 1
24 43 1
43 24 1
24 77 1
77 24 1
24 121 -1
121 24 -1
24 131 -1
131 24 -1
24 177 1
177 24 1
24 179 1
179 24 1
24 193 1
193 24 1
25 33 1
33 25 1
25 61 1
61 25 1
25 90 1
90 25 1
25 100 1
100 25 1
25 125 1
125 25 1
25 163 -1
163 25 -1
25 176 1
176 25 1
25 179 1
179 25 1
25 197 1
197 25 1
26 38 1
38 26 1
26 54 -1
54 26 -1
26 56 1
56 26 1
26 60 1
60 26 1
26 61 1
61 26 1
26 63 1
63 26 1
26 77 1
77 26 1
26 80 -1
80 26 -1
26 90 -1
90 26 -1
26 94 -1
94 26 -1
26 97 -1
97 26 -1
26 98 1
98 26 1
26 99 1
99 26 1
26 100 1
100 26 1
26 132 1
132 26 1
26 138 -1
138 26 -1
26 141 1
141 26 1
26 148 1
148 26 1
26 153 -1
153 26 -1
26 154 1
154 26 1
26 159 1
159 26 1
26 170 -1
170 26 -1
26 177 1
177 26 1
26 179 1
179 26 1
26 193 1
193 26 1
26 197 1
197 26 1
26 199 1
199 26 1
27 30 -1
30 27 -1
27 41 -1
41 27 -1
27 47 -1
47 27 -1
27 51 1
51 27 1
27 52 1
52 27 1
27 66 1
66 27 1
27 67 1
67 27 1
27 76 -1
76 27 -1
27 82 -1
82 27 -1
27 103 -1
103 27 -1
27 118 1
118 27 1
27 134 -1
134 27 -1
27 153 -1
153 27 -1
27 159 -1
159 27 -1
27 177 -1
177 27 -1
27 178 -1
178 27 -1
27 190 1
190 27 1
28 36 1
36 28 1
28 45 1
45 28 1
28 70 1
70 28 1
28 78 -1
78 28 -1
28 122 -1
122 28 -1
28 123 1
123 28 1
28 127 1
127 28 1
28 128 1
128 28 1
28 132 -1
132 28 -1
28 134 1
134 28 1
28 156 1
156 28 1
28 160 -1
160 28 -1
28 187 1
187 28 1
28 198 -1
198 28 -1
29 37 -1
37 29 -1
29 43 1
43 29 1
29 60 1
60 29 1
29 74 -1
74 29 -1
29 77 1
77 29 1
29 92 -1
92 29 -1
29 98 1
98 29 1
29 100 1
100 29 1
29 116 -1
116 29 -1
29 125 1
125 29 1
29 137 -1
137 29 -1
29 148 1
148 29 1
29 149 1
149 29 1
29 166 -1
166 29 -1
29 170 1
170 29 1
29 177 1
177 29 1
29 179 1
179 29 1
29 197 -1
197 29 -1
29 199 -1
199 29 -1
29 200 -1
200 29 -1
30 31 -1
31 30 -1
30 41 1
41 30 1
30 47 -1
47 30 -1
30 48 -1
48 30 -1
30 51 1
51 30 1
30 52 1
52 30 1
30 62 1
62 30 1
30 66 1
66 30 1
30 67 1
67 30 1
30 69 1
69 30 1
30 72 1
72 30 1
30 76 1
76 30 1
30 82 1
82 30 1
30 99 -1
99 30 -1
30 108 1
108 30 1
30 115 -1
115 30 -1
30 116 1
116 30 1
30 118 1
118 30 1
30 138 -1
138 30 -1
30 143 1
143 30 1
30 147 1
147 30 1
30 152 1
152 30 1
30 153 -1
153 30 -1
30 159 1
159 30 1
30 172 -1
172 30 -1
30 175 -1
175 30 -1
30 189 1
189 30 1
30 190 1
190 30 1
30 191 -1
191 30 -1
31 33 -1
33 31 -1
31 35 1
35 31 1
31 53 1
53 31 1
31 54 1
54 31 1
31 61 -1
61 31 -1
31 73 1
73 31 1
31 74 1
74 31 1
31 79 -1
79 31 -1
31 80 -1
80 31 -1
31 86 1
86 31 1
31 92 1
92 31 1
31 94 1
94 31 1
31 96 -1
96 31 -1
31 103 -1
103 31 -1
31 106 -1
106 31 -1
31 117 -1
117 31 -1
31 121 1
121 31 1
31 122 1
122 31 1
31 126 1
126 31 1
31 133 1
133 31 1
31 136 1
136 31 1
31 137 1
137 31 1
31 151 1
151 31 1
31 159 -1
159 31 -1
31 161 1
161 31 1
31 162 1
162 31 1
31 163 1
163 31 1
31 166 1
166 31 1
31 168 1
168 31 1
31 170 -1
170 31 -1
31 175 1
175 31 1
31 180 -1
180 31 -1
31 188 1
188 31 1
31 198 1
198 31 1
32 40 1
40 32 1
32 67 -1
67 32 -1
32 85 -1
85 32 -1
32 87 -1
87 32 -1
32 97 1
97 32 1
32 111 1
111 32 1
32 117 1
117 32 1
32 119 1
119 32 1
32 144 1
144 32 1
32 150 1
150 32 1
32 159 -1
159 32 -1
32 183 1
183 32 1
32 184 1
184 32 1
32 192 -1
192 32 -1
33 44 -1
44 33 -1
33 90 1
90 33 1
33 125 1
125 33 1
33 174 -1
174 33 -1
33 177 1
177 33 1
33 179 1
179 33 1
34 49 1
49 34 1
34 62 1
62 34 1
34 94 -1
94 34 -1
34 104 1
104 34 1
34 137 -1
137 34 -1
34 150 -1
150 34 -1
34 184 1
184 34 1
34 192 1
192 34 1
34 194 1
194 34 1
35 44 1
44 35 1
35 54 1
54 35 1
35 73 1
73 35 1
35 76 -1
76 35 -1
35 77 -1
77 35 -1
35 78 1
78 35 1
35 90 -1
90 35 -1
35 103 1
103 35 1
35 119 -1
119 35 -1
35 126 1
126 35 1
35 136 1
136 35 1
35 141 -1
141 35 -1
35 151 1
151 35 1
35 155 1
155 35 1
35 162 1
162 35 1
35 163 1
163 35 1
35 180 -1
180 35 -1
36 42 -1
42 36 -1
36 45 1
45 36 1
36 58 1
58 36 1
36 70 1
70 36 1
36 76 -1
76 36 -1
36 80 -1
80 36 -1
36 123 1
123 36 1
36 127 1
127 36 1
36 139 1
139 36 1
36 174 1
174 36 1
36 178 -1
178 36 -1
36 195 1
195 36 1
37 38 1
38 37 1
37 61 1
61 37 1
37 63 -1
63 37 -1
37 78 -1
78 37 -1
37 125 -1
125 37 -1
37 135 1
135 37 1
37 136 -1
136 37 -1
37 177 1
177 37 1
37 179 -1
179 37 -1
37 193 -1
193 37 -1
37 197 1
197 37 1
37 199 -1
199 37 -1
38 43 1
43 38 1
38 44 -1
44 38 -1
38 48 -1
48 38 -1
38 60 1
60 38 1
38 61 1
61 38 1
38 71 1
71 38 1
38 79 1
79 38 1
38 125 1
125 38 1
38 135 -1
135 38 -1
38 141 1
141 38 1
38 142 -1
142 38 -1
38 144 -1
144 38 -1
38 148 -1
148 38 -1
38 156 -1
156 38 -1
38 161 -1
161 38 -1
38 163 1
163 38 1
38 165 1
165 38 1
38 166 -1
166 38 -1
38 177 1
177 38 1
38 179 -1
179 38 -1
38 181 1
181 38 1
38 197 1
197 38 1
38 199 1
199 38 1
39 43 -1
43 39 -1
39 49 -1
49 39 -1
39 50 1
50 39 1
39 51 -1
51 39 -1
39 57 1
57 39 1
39 59 1
59 39 1
39 63 1
63 39 1
39 65 1
65 39 1
39 68 1
68 39 1
39 75 -1
75 39 -1
39 80 1
80 39 1
39 82 -1
82 39 -1
39 84 1
84 39 1
39 89 1
89 39 1
39 96 1
96 39 1
39 112 1
112 39 1
39 113 1
113 39 1
39 120 1
120 39 1
39 130 1
130 39 1
39 131 1
131 39 1
39 145 -1
145 39 -1
39 146 1
146 39 1
39 160 1
160 39 1
39 162 -1
162 39 -1
39 169 -1
169 39 -1
39 178 1
178 39 1
39 180 1
180 39 1
39 182 -1
182 39 -1
39 185 1
185 39 1
39 193 -1
193 39 -1
39 200 1
200 39 1
40 49 1
49 40 1
40 62 1
62 40 1
40 107 1
107 40 1
40 113 -1
113 40 -1
40 154 -1
154 40 -1
40 157 -1
157 40 -1
40 174 1
174 40 1
40 176 -1
176 40 -1
40 183 1
183 40 1
40 184 1
184 40 1
40 194 1
194 40 1
41 47 1
47 41 1
41 51 1
51 41 1
41 52 1
52 41 1
41 66 1
66 41 1
41 67 1
67 41 1
41 72 1
72 41 1
41 73 -1
73 41 -1
41 76 1
76 41 1
41 82 1
82 41 1
41 104 -1
104 41 -1
41 108 1
108 41 1
41 118 1
118 41 1
41 122 -1
122 41 -1
41 126 -1
126 41 -1
41 143 1
143 41 1
41 149 -1
149 41 -1
41 151 -1
151 41 -1
41 152 1
152 41 1
41 159 1
159 41 1
41 186 1
186 41 1
41 189 1
189 41 1
41 190 1
190 41 1
41 198 -1
198 41 -1
42 45 1
45 42 1
42 70 1
70 42 1
42 107 1
107 42 1
42 123 1
123 42 1
42 127 1
127 42 1
42 134 1
134 42 1
42 139 1
139 42 1
42 153 -1
153 42 -1
42 173 -1
173 42 -1
42 179 1
179 42 1
42 187 1
187 42 1
42 195 1
195 42 1
43 53 -1
53 43 -1
43 54 -1
54 43 -1
43 56 1
56 43 1
43 61 1
61 43 1
43 77 1
77 43 1
43 85 1
85 43 1
43 106 1
106 43 1
43 125 -1
125 43 -1
43 148 -1
148 43 -1
43 154 1
154 43 1
43 157 1
157 43 1
43 163 -1
163 43 -1
43 172 1
172 43 1
43 175 1
175 43 1
43 177 1
177 43 1
43 181 1
181 43 1
43 197 1
197 43 1
43 199 1
199 43 1
44 73 1
73 44 1
44 78 1
78 44 1
44 92 1
92 44 1
44 95 1
95 44 1
44 101 1
101 44 1
44 122 1
122 44 1
44 134 -1
134 44 -1
44 137 1
137 44 1
44 138 1
138 44 1
44 148 -1
148 44 -1
44 151 -1
151 44 -1
44 180 -1
180 44 -1
45 58 1
58 45 1
45 70 1
70 45 1
45 103 -1
103 45 -1
45 115 1
115 45 1
45 127 1
127 45 1
45 134 1
134 45 1
45 136 -1
136 45 -1
45 139 -1
139 45 -1
45 144 -1
144 45 -1
45 153 1
153 45 1
45 156 1
156 45 1
45 195 1
195 45 1
45 197 1
197 45 1
46 61 -1
61 46 -1
46 73 1
73 46 1
46 82 -1
82 46 -1
46 87 1
87 46 1
46 92 1
92 46 1
46 103 1
103 46 1
46 105 1
105 46 1
46 111 -1
111 46 -1
46 112 -1
112 46 -1
46 126 1
126 46 1
46 127 -1
127 46 -1
46 136 1
136 46 1
46 162 1
162 46 1
46 188 1
188 46 1
47 51 1
51 47 1
47 56 -1
56 47 -1
47 76 1
76 47 1
47 82 1
82 47 1
47 86 -1
86 47 -1
47 105 -1
105 47 -1
47 118 -1
118 47 -1
47 155 1
155 47 1
47 159 -1
159 47 -1
47 183 -1
183 47 -1
47 189 1
189 47 1
48 74 1
74 48 1
48 78 1
78 48 1
48 86 1
86 48 1
48 103 1
103 48 1
48 136 1
136 48 1
48 155 -1
155 48 -1
48 163 1
163 48 1
48 188 1
188 48 1
48 199 -1
199 48 -1
49 104 1
104 49 1
49 107 -1
107 49 -1
49 119 1
119 49 1
49 177 -1
177 49 -1
49 184 1
184 49 1
49 192 1
192 49 1
49 200 -1
200 49 -1
50 63 1
63 50 1
50 65 1
65 50 1
50 70 -1
70 50 -1
50 80 1
80 50 1
50 87 -1
87 50 -1
50 88 -1
88 50 -1
50 102 -1
102 50 -1
50 130 1
130 50 1
50 131 -1
131 50 -1
50 161 -1
161 50 -1
50 173 -1
173 50 -1
50 178 -1
178 50 -1
50 180 1
180 50 1
50 182 1
182 50 1
50 200 1
200 50 1
51 52 1
52 51 1
51 64 1
64 51 1
51 66 1
66 51 1
51 69 1
69 51 1
51 70 -1
70 51 -1
51 76 1
76 51 1
51 79 -1
79 51 -1
51 82 1
82 51 1
51 108 -1
108 51 -1
51 118 1
118 51 1
51 131 -1
131 51 -1
51 133 -1
133 51 -1
51 138 -1
138 51 -1
51 143 1
143 51 1
51 147 1
147 51 1
51 152 1
152 51 1
51 159 1
159 51 1
51 180 -1
180 51 -1
51 182 -1
182 51 -1
51 186 1
186 51 1
51 190 1
190 51 1
52 54 -1
54 52 -1
52 66 -1
66 52 -1
52 67 1
67 52 1
52 68 -1
68 52 -1
52 69 1
69 52 1
52 71 -1
71 52 -1
52 72 1
72 52 1
52 76 1
76 52 1
52 82 1
82 52 1
52 83 1
83 52 1
52 115 -1
115 52 -1
52 116 1
116 52 1
52 118 -1
118 52 -1
52 136 -1
136 52 -1
52 143 1
143 52 1
52 147 1
147 52 1
52 159 1
159 52 1
52 175 -1
175 52 -1
52 177 1
177 52 1
52 186 1
186 52 1
52 190 1
190 52 1
52 199 -1
199 52 -1
53 73 1
73 53 1
53 76 -1
76 53 -1
53 124 1
124 53 1
53 136 1
136 53 1
53 137 1
137 53 1
53 162 1
162 53 1
53 176 1
176 53 1
53 183 -1
183 53 -1
53 198 -1
198 53 -1
54 62 -1
62 54 -1
54 73 1
73 54 1
54 74 1
74 54 1
54 78 -1
78 54 -1
54 79 -1
79 54 -1
54 81 1
81 54 1
54 83 -1
83 54 -1
54 87 -1
87 54 -1
54 89 -1
89 54 -1
54 91 1
91 54 1
54 92 -1
92 54 -1
54 95 1
95 54 1
54 101 1
101 54 1
54 103 1
103 54 1
54 109 1
109 54 1
54 117 1
117 54 1
54 124 1
124 54 1
54 126 1
126 54 1
54 128 -1
128 54 -1
54 132 -1
132 54 -1
54 136 1
136 54 1
54 137 -1
137 54 -1
54 138 1
138 54 1
54 140 1
140 54 1
54 148 -1
148 54 -1
54 154 -1
154 54 -1
54 162 1
162 54 1
54 163 -1
163 54 -1
54 166 1
166 54 1
54 168 1
168 54 1
54 169 1
169 54 1
54 172 -1
172 54 -1
54 173 1
173 54 1
54 175 -1
175 54 -1
54 180 -1
180 54 -1
54 194 1
194 54 1
54 198 1
198 54 1
55 60 1
60 55 1
55 61 1
61 55 1
55 70 -1
70 55 -1
55 123 -1
123 55 -1
55 124 1
124 55 1
55 133 1
133 55 1
55 165 -1
165 55 -1
55 171 1
171 55 1
55 177 1
177 55 1
55 179 1
179 55 1
55 199 1
199 55 1
56 58 1
58 56 1
56 69 -1
69 56 -1
56 77 1
77 56 1
56 79 1
79 56 1
56 92 -1
92 56 -1
56 93 1
93 56 1
56 106 1
106 56 1
56 125 1
125 56 1
56 132 1
132 56 1
56 137 -1
137 56 -1
56 142 1
142 56 1
56 145 -1
145 56 -1
56 146 -1
146 56 -1
56 157 1
157 56 1
56 165 1
165 56 1
56 177 1
177 56 1
56 179 1
179 56 1
56 197 1
197 56 1
57 60 -1
60 57 -1
57 63 1
63 57 1
57 65 1
65 57 1
57 68 1
68 57 1
57 79 -1
79 57 -1
57 80 1
80 57 1
57 84 1
84 57 1
57 89 1
89 57 1
57 112 1
112 57 1
57 125 -1
125 57 -1
57 130 -1
130 57 -1
57 135 1
135 57 1
57 145 -1
145 57 -1
57 146 1
146 57 1
57 172 -1
172 57 -1
57 178 1
178 57 1
57 199 -1
199 57 -1
57 200 1
200 57 1
58 70 -1
70 58 -1
58 86 -1
86 58 -1
58 127 1
127 58 1
58 128 -1
128 58 -1
58 153 1
153 58 1
58 195 1
195 58 1
59 63 1
63 59 1
59 68 -1
68 59 -1
59 80 1
80 59 1
59 89 1
89 59 1
59 131 1
131 59 1
59 143 -1
143 59 -1
59 146 1
146 59 1
59 147 -1
147 59 -1
59 162 -1
162 59 -1
59 180 1
180 59 1
60 61 1
61 60 1
60 75 -1
75 60 -1
60 83 1
83 60 1
60 85 -1
85 60 -1
60 125 1
125 60 1
60 136 -1
136 60 -1
60 179 1
179 60 1
60 192 -1
192 60 -1
61 73 1
73 61 1
61 77 1
77 61 1
61 79 -1
79 61 -1
61 90 -1
90 61 -1
61 93 -1
93 61 -1
61 98 1
98 61 1
61 106 -1
106 61 -1
61 109 -1
109 61 -1
61 120 1
120 61 1
61 125 1
125 61 1
61 139 1
139 61 1
61 141 1
141 61 1
61 147 -1
147 61 -1
61 148 1
148 61 1
61 149 1
149 61 1
61 175 1
175 61 1
61 177 -1
177 61 -1
61 179 1
179 61 1
61 191 1
191 61 1
61 198 -1
198 61 -1
62 75 1
75 62 1
62 85 1
85 62 1
62 102 1
102 62 1
62 104 1
104 62 1
62 107 1
107 62 1
62 111 1
111 62 1
62 129 1
129 62 1
62 141 1
141 62 1
62 174 1
174 62 1
62 184 1
184 62 1
62 192 1
192 62 1
62 194 1
194 62 1
62 199 1
199 62 1
63 65 1
65 63 1
63 68 1
68 63 1
63 78 -1
78 63 -1
63 80 -1
80 63 -1
63 83 -1
83 63 -1
63 84 1
84 63 1
63 88 1
88 63 1
63 89 1
89 63 1
63 96 -1
96 63 -1
63 101 -1
101 63 -1
63 112 1
112 63 1
63 113 1
113 63 1
63 114 1
114 63 1
63 124 -1
124 63 -1
63 125 -1
125 63 -1
63 130 1
130 63 1
63 131 -1
131 63 -1
63 135 1
135 63 1
63 145 1
145 63 1
63 146 1
146 63 1
63 151 1
151 63 1
63 160 1
160 63 1
63 162 -1
162 63 -1
63 178 1
178 63 1
63 179 1
179 63 1
63 180 1
180 63 1
63 182 1
182 63 1
63 185 1
185 63 1
63 200 1
200 63 1
64 72 1
72 64 1
64 76 1
76 64 1
64 108 1
108 64 1
64 129 -1
129 64 -1
64 143 1
143 64 1
64 159 1
159 64 1
65 68 1
68 65 1
65 80 1
80 65 1
65 81 -1
81 65 -1
65 89 1
89 65 1
65 131 1
131 65 1
65 135 -1
135 65 -1
65 145 -1
145 65 -1
65 146 1
146 65 1
65 162 1
162 65 1
65 170 -1
170 65 -1
65 180 1
180 65 1
65 182 1
182 65 1
65 200 -1
200 65 -1
66 71 -1
71 66 -1
66 75 1
75 66 1
66 137 -1
137 66 -1
66 143 -1
143 66 -1
66 159 1
159 66 1
66 173 -1
173 66 -1
67 92 -1
92 67 -1
67 143 1
143 67 1
67 159 1
159 67 1
67 184 -1
184 67 -1
68 80 1
80 68 1
68 88 -1
88 68 -1
68 89 1
89 68 1
68 96 1
96 68 1
68 120 1
120 68 1
68 121 -1
121 68 -1
68 125 -1
125 68 -1
68 131 -1
131 68 -1
68 135 1
135 68 1
68 145 1
145 68 1
68 159 -1
159 68 -1
68 160 1
160 68 1
68 162 -1
162 68 -1
68 180 1
180 68 1
68 185 -1
185 68 -1
69 76 1
76 69 1
69 143 -1
143 69 -1
69 147 1
147 69 1
69 159 1
159 69 1
69 195 1
195 69 1
69 197 -1
197 69 -1
70 113 -1
113 70 -1
70 115 -1
115 70 -1
70 122 -1
122 70 -1
70 123 1
123 70 1
70 127 1
127 70 1
70 128 -1
128 70 -1
70 134 1
134 70 1
70 140 -1
140 70 -1
70 153 1
153 70 1
70 156 1
156 70 1
70 158 1
158 70 1
70 179 -1
179 70 -1
70 187 1
187 70 1
70 195 1
195 70 1
70 196 1
196 70 1
71 79 1
79 71 1
71 90 1
90 71 1
71 93 1
93 71 1
71 103 -1
103 71 -1
71 122 -1
122 71 -1
71 129 -1
129 71 -1
71 132 -1
132 71 -1
71 148 1
148 71 1
71 154 1
154 71 1
71 177 -1
177 71 -1
71 199 1
199 71 1
72 74 -1
74 72 -1
72 82 1
82 72 1
72 107 -1
107 72 -1
72 118 1
118 72 1
72 159 1
159 72 1
72 194 -1
194 72 -1
73 74 1
74 73 1
73 78 1
78 73 1
73 103 1
103 73 1
73 110 1
110 73 1
73 136 1
136 73 1
73 140 -1
140 73 -1
73 144 -1
144 73 -1
73 162 1
162 73 1
73 176 1
176 73 1
73 182 -1
182 73 -1
73 196 -1
196 73 -1
73 198 1
198 73 1
73 199 -1
199 73 -1
74 86 1
86 74 1
74 91 -1
91 74 -1
74 92 -1
92 74 -1
74 93 -1
93 74 -1
74 101 -1
101 74 -1
74 103 1
103 74 1
74 109 1
109 74 1
74 110 -1
110 74 -1
74 122 1
122 74 1
74 125 -1
125 74 -1
74 126 1
126 74 1
74 136 1
136 74 1
74 137 1
137 74 1
74 142 -1
142 74 -1
74 148 -1
148 74 -1
74 151 1
151 74 1
74 155 1
155 74 1
74 161 1
161 74 1
74 162 1
162 74 1
74 166 1
166 74 1
74 173 -1
173 74 -1
74 175 1
175 74 1
74 188 1
188 74 1
74 198 1
198 74 1
75 85 1
85 75 1
75 97 1
97 75 1
75 103 -1
103 75 -1
75 104 -1
104 75 -1
75 107 1
107 75 1
75 150 1
150 75 1
75 174 1
174 75 1
75 183 -1
183 75 -1
75 184 1
184 75 1
75 188 -1
188 75 -1
75 191 1
191 75 1
75 192 -1
192 75 -1
76 82 1
82 76 1
76 118 1
118 76 1
76 143 1
143 76 1
76 147 -1
147 76 -1
76 148 -1
148 76 -1
76 157 -1
157 76 -1
76 159 -1
159 76 -1
76 162 1
162 76 1
76 180 -1
180 76 -1
76 182 -1
182 76 -1
76 186 1
186 76 1
76 190 -1
190 76 -1
77 79 1
79 77 1
77 82 -1
82 77 -1
77 83 1
83 77 1
77 90 1
90 77 1
77 91 -1
91 77 -1
77 93 1
93 77 1
77 98 1
98 77 1
77 101 -1
101 77 -1
77 103 -1
103 77 -1
77 106 1
106 77 1
77 125 -1
125 77 -1
77 127 -1
127 77 -1
77 131 -1
131 77 -1
77 132 1
132 77 1
77 135 -1
135 77 -1
77 140 -1
140 77 -1
77 148 1
148 77 1
77 157 1
157 77 1
77 158 -1
158 77 -1
77 165 1
165 77 1
77 170 1
170 77 1
77 177 -1
177 77 -1
77 179 1
179 77 1
77 184 -1
184 77 -1
77 193 1
193 77 1
77 197 1
197 77 1
77 199 1
199 77 1
77 200 -1
200 77 -1
78 91 1
91 78 1
78 92 1
92 78 1
78 103 1
103 78 1
78 105 1
105 78 1
78 126 1
126 78 1
78 136 -1
136 78 -1
78 145 1
145 78 1
78 173 1
173 78 1
78 176 1
176 78 1
78 179 -1
179 78 -1
78 199 -1
199 78 -1
79 124 -1
124 79 -1
79 125 -1
125 79 -1
79 129 -1
129 79 -1
79 141 -1
141 79 -1
79 152 1
152 79 1
79 165 1
165 79 1
79 177 1
177 79 1
79 179 1
179 79 1
79 192 -1
192 79 -1
79 197 1
197 79 1
79 199 1
199 79 1
80 88 1
88 80 1
80 89 1
89 80 1
80 92 -1
92 80 -1
80 96 1
96 80 1
80 103 -1
103 80 -1
80 113 1
113 80 1
80 114 1
114 80 1
80 130 1
130 80 1
80 135 1
135 80 1
80 145 1
145 80 1
80 146 -1
146 80 -1
80 155 -1
155 80 -1
80 160 1
160 80 1
80 178 1
178 80 1
80 180 1
180 80 1
80 181 -1
181 80 -1
80 182 1
182 80 1
80 185 1
185 80 1
80 189 -1
189 80 -1
80 200 1
200 80 1
81 92 1
92 81 1
81 96 -1
96 81 -1
81 101 1
101 81 1
81 117 1
117 81 1
81 124 -1
124 81 -1
81 133 1
133 81 1
81 136 1
136 81 1
81 137 1
137 81 1
81 139 -1
139 81 -1
81 160 -1
160 81 -1
81 162 1
162 81 1
81 163 1
163 81 1
81 175 1
175 81 1
81 176 1
176 81 1
81 193 -1
193 81 -1
81 199 -1
199 81 -1
82 108 1
108 82 1
82 118 -1
118 82 -1
82 130 -1
130 82 -1
82 143 -1
143 82 -1
82 145 -1
145 82 -1
82 146 -1
146 82 -1
82 159 1
159 82 1
82 190 -1
190 82 -1
83 149 1
149 83 1
83 155 -1
155 83 -1
83 157 1
157 83 1
83 177 1
177 83 1
83 199 1
199 83 1
84 120 1
120 84 1
84 134 1
134 84 1
84 135 1
135 84 1
84 177 -1
177 84 -1
84 178 1
178 84 1
84 180 1
180 84 1
84 190 -1
190 84 -1
84 200 1
200 84 1
85 92 1
92 85 1
85 97 1
97 85 1
85 107 -1
107 85 -1
85 111 1
111 85 1
85 164 -1
164 85 -1
85 167 1
167 85 1
85 184 -1
184 85 -1
85 192 1
192 85 1
85 200 -1
200 85 -1
86 91 1
91 86 1
86 92 1
92 86 1
86 103 1
103 86 1
86 164 1
164 86 1
86 166 1
166 86 1
87 92 1
92 87 1
87 94 1
94 87 1
87 103 1
103 87 1
87 118 1
118 87 1
87 124 1
124 87 1
87 136 1
136 87 1
87 137 1
137 87 1
87 155 1
155 87 1
87 175 1
175 87 1
87 180 -1
180 87 -1
87 198 1
198 87 1
88 89 1
89 88 1
88 120 1
120 88 1
88 131 1
131 88 1
88 135 1
135 88 1
88 136 -1
136 88 -1
88 145 1
145 88 1
88 158 -1
158 88 -1
88 167 -1
167 88 -1
88 180 1
180 88 1
88 199 -1
199 88 -1
88 200 1
200 88 1
89 92 -1
92 89 -1
89 95 -1
95 89 -1
89 101 -1
101 89 -1
89 103 -1
103 89 -1
89 112 1
112 89 1
89 113 1
113 89 1
89 118 1
118 89 1
89 126 1
126 89 1
89 131 1
131 89 1
89 145 1
145 89 1
89 146 1
146 89 1
89 151 -1
151 89 -1
89 160 1
160 89 1
89 178 -1
178 89 -1
89 180 1
180 89 1
89 182 -1
182 89 -1
89 185 1
185 89 1
89 200 1
200 89 1
90 95 -1
95 90 -1
90 99 1
99 90 1
90 100 1
100 90 1
90 131 -1
131 90 -1
90 136 -1
136 90 -1
90 148 1
148 90 1
90 154 1
154 90 1
90 170 1
170 90 1
90 177 1
177 90 1
90 179 1
179 90 1
90 182 -1
182 90 -1
90 197 1
197 90 1
91 92 1
92 91 1
91 94 1
94 91 1
91 99 -1
99 91 -1
91 103 1
103 91 1
91 114 -1
114 91 -1
91 136 1
136 91 1
91 137 1
137 91 1
91 157 -1
157 91 -1
91 162 -1
162 91 -1
91 166 1
166 91 1
91 176 1
176 91 1
91 177 -1
177 91 -1
91 198 1
198 91 1
92 93 -1
93 92 -1
92 94 -1
94 92 -1
92 101 1
101 92 1
92 103 1
103 92 1
92 108 -1
108 92 -1
92 109 -1
109 92 -1
92 110 1
110 92 1
92 114 -1
114 92 -1
92 122 1
122 92 1
92 124 1
124 92 1
92 126 1
126 92 1
92 136 1
136 92 1
92 137 1
137 92 1
92 138 1
138 92 1
92 143 -1
143 92 -1
92 149 1
149 92 1
92 151 1
151 92 1
92 155 -1
155 92 -1
92 162 -1
162 92 -1
92 163 1
163 92 1
92 166 1
166 92 1
92 168 1
168 92 1
92 169 1
169 92 1
92 172 1
172 92 1
92 173 1
173 92 1
92 179 1
179 92 1
92 193 -1
193 92 -1
92 197 -1
197 92 -1
92 198 1
198 92 1
93 125 1
125 93 1
93 143 -1
143 93 -1
93 145 -1
145 93 -1
93 148 1
148 93 1
93 179 1
179 93 1
93 197 1
197 93 1
94 103 -1
103 94 -1
94 104 -1
104 94 -1
94 122 1
122 94 1
94 173 1
173 94 1
94 198 1
198 94 1
95 103 1
103 95 1
95 121 1
121 95 1
95 122 -1
122 95 -1
95 125 -1
125 95 -1
95 145 -1
145 95 -1
95 162 1
162 95 1
95 169 -1
169 95 -1
95 172 1
172 95 1
96 120 1
120 96 1
96 131 1
131 96 1
96 150 -1
150 96 -1
96 180 1
180 96 1
96 182 1
182 96 1
96 200 1
200 96 1
97 104 1
104 97 1
97 105 -1
105 97 -1
97 107 1
107 97 1
97 126 1
126 97 1
97 127 1
127 97 1
97 129 1
129 97 1
97 137 -1
137 97 -1
97 144 1
144 97 1
97 150 1
150 97 1
97 152 1
152 97 1
97 166 -1
166 97 -1
97 167 1
167 97 1
97 174 1
174 97 1
97 183 1
183 97 1
97 184 -1
184 97 -1
97 191 1
191 97 1
97 192 1
192 97 1
97 194 1
194 97 1
98 101 -1
101 98 -1
98 107 -1
107 98 -1
98 125 1
125 98 1
98 148 -1
148 98 -1
98 170 1
170 98 1
98 172 -1
172 98 -1
98 199 -1
199 98 -1
99 125 -1
125 99 -1
99 162 -1
162 99 -1
99 177 1
177 99 1
99 197 1
197 99 1
99 199 1
199 99 1
100 136 -1
136 100 -1
100 154 1
154 100 1
100 177 1
177 100 1
100 182 -1
182 100 -1
101 103 -1
103 101 -1
101 105 1
105 101 1
101 117 1
117 101 1
101 122 1
122 101 1
101 124 1
124 101 1
101 125 -1
125 101 -1
101 136 1
136 101 1
101 147 -1
147 101 -1
101 151 1
151 101 1
101 161 1
161 101 1
101 162 1
162 101 1
101 175 1
175 101 1
101 176 1
176 101 1
102 107 -1
107 102 -1
102 111 1
111 102 1
102 144 -1
144 102 -1
102 150 1
150 102 1
102 158 -1
158 102 -1
102 167 1
167 102 1
102 180 -1
180 102 -1
102 192 1
192 102 1
103 105 1
105 103 1
103 109 1
109 103 1
103 117 1
117 103 1
103 122 1
122 103 1
103 124 1
124 103 1
103 126 1
126 103 1
103 130 -1
130 103 -1
103 136 1
136 103 1
103 138 1
138 103 1
103 140 1
140 103 1
103 157 -1
157 103 -1
103 162 1
162 103 1
103 166 1
166 103 1
103 168 1
168 103 1
103 169 1
169 103 1
103 172 1
172 103 1
103 173 1
173 103 1
103 175 1
175 103 1
103 178 -1
178 103 -1
103 182 -1
182 103 -1
103 192 -1
192 103 -1
103 196 -1
196 103 -1
104 107 1
107 104 1
104 111 1
111 104 1
104 119 1
119 104 1
104 127 -1
127 104 -1
104 129 1
129 104 1
104 150 1
150 104 1
104 152 -1
152 104 -1
104 164 1
164 104 1
104 167 1
167 104 1
104 174 1
174 104 1
104 183 1
183 104 1
104 184 1
184 104 1
104 191 1
191 104 1
104 194 1
194 104 1
104 197 -1
197 104 -1
105 122 1
122 105 1
105 124 1
124 105 1
105 138 -1
138 105 -1
105 143 -1
143 105 -1
105 148 -1
148 105 -1
105 162 1
162 105 1
105 163 1
163 105 1
105 166 1
166 105 1
105 182 -1
182 105 -1
106 110 -1
110 106 -1
106 134 -1
134 106 -1
106 197 1
197 106 1
106 199 1
199 106 1
107 111 1
111 107 1
107 119 1
119 107 1
107 136 -1
136 107 -1
107 150 1
150 107 1
107 176 -1
176 107 -1
107 183 1
183 107 1
107 184 1
184 107 1
107 191 -1
191 107 -1
107 192 1
192 107 1
108 142 1
142 108 1
108 143 1
143 108 1
108 173 -1
173 108 -1
109 118 -1
118 109 -1
109 124 -1
124 109 -1
109 136 -1
136 109 -1
109 137 1
137 109 1
109 151 1
151 109 1
109 155 1
155 109 1
109 185 -1
185 109 -1
109 186 -1
186 109 -1
110 117 1
117 110 1
110 123 -1
123 110 -1
110 124 -1
124 110 -1
110 126 1
126 110 1
110 136 1
136 110 1
110 137 1
137 110 1
110 140 1
140 110 1
110 165 -1
165 110 -1
110 198 1
198 110 1
111 114 -1
114 111 -1
111 124 -1
124 111 -1
111 144 1
144 111 1
111 150 1
150 111 1
111 184 1
184 111 1
111 191 1
191 111 1
111 192 -1
192 111 -1
111 194 1
194 111 1
112 135 1
135 112 1
112 145 1
145 112 1
112 150 -1
150 112 -1
112 178 -1
178 112 -1
112 180 1
180 112 1
113 132 -1
132 113 -1
113 145 1
145 113 1
113 178 1
178 113 1
113 180 1
180 113 1
113 200 1
200 113 1
114 120 1
120 114 1
114 145 1
145 114 1
114 180 1
180 114 1
114 182 1
182 114 1
114 200 1
200 114 1
115 126 -1
126 115 -1
115 127 1
127 115 1
115 134 1
134 115 1
115 139 1
139 115 1
115 146 -1
146 115 -1
115 153 1
153 115 1
115 187 -1
187 115 -1
115 196 1
196 115 1
116 120 -1
120 116 -1
116 143 1
143 116 1
116 147 1
147 116 1
116 152 1
152 116 1
116 159 1
159 116 1
117 122 1
122 117 1
117 126 1
126 117 1
117 137 1
137 117 1
117 150 -1
150 117 -1
117 156 -1
156 117 -1
117 192 -1
192 117 -1
118 143 1
143 118 1
118 145 1
145 118 1
118 152 1
152 118 1
118 164 -1
164 118 -1
118 186 1
186 118 1
118 189 1
189 118 1
118 190 1
190 118 1
118 198 -1
198 118 -1
119 124 -1
124 119 -1
119 164 1
164 119 1
119 191 1
191 119 1
119 192 -1
192 119 -1
119 199 -1
199 119 -1
120 131 1
131 120 1
120 135 1
135 120 1
120 146 1
146 120 1
120 178 1
178 120 1
120 179 -1
179 120 -1
120 180 1
180 120 1
120 182 1
182 120 1
120 186 -1
186 120 -1
120 195 -1
195 120 -1
120 200 1
200 120 1
121 126 -1
126 121 -1
121 133 1
133 121 1
121 137 -1
137 121 -1
121 148 -1
148 121 -1
121 151 1
151 121 1
121 162 1
162 121 1
121 190 -1
190 121 -1
122 125 -1
125 122 -1
122 137 -1
137 122 -1
122 140 1
140 122 1
122 141 -1
141 122 -1
122 168 1
168 122 1
122 175 1
175 122 1
122 176 1
176 122 1
122 183 -1
183 122 -1
122 188 1
188 122 1
122 197 -1
197 122 -1
122 198 1
198 122 1
123 127 1
127 123 1
123 139 1
139 123 1
123 178 -1
178 123 -1
123 195 1
195 123 1
124 126 1
126 124 1
124 133 -1
133 124 -1
124 136 -1
136 124 -1
124 138 1
138 124 1
124 140 1
140 124 1
124 151 1
151 124 1
124 155 1
155 124 1
124 156 -1
156 124 -1
124 162 1
162 124 1
124 167 -1
167 124 -1
124 171 1
171 124 1
124 175 1
175 124 1
124 198 -1
198 124 -1
125 132 1
132 125 1
125 136 -1
136 125 -1
125 141 1
141 125 1
125 142 1
142 125 1
125 148 -1
148 125 -1
125 151 -1
151 125 -1
125 177 1
177 125 1
125 179 1
179 125 1
125 181 1
181 125 1
125 199 1
199 125 1
126 131 -1
131 126 -1
126 137 1
137 126 1
126 138 1
138 126 1
126 151 -1
151 126 -1
126 154 -1
154 126 -1
126 155 -1
155 126 -1
126 159 -1
159 126 -1
126 163 1
163 126 1
126 166 -1
166 126 -1
126 168 1
168 126 1
126 172 1
172 126 1
126 175 1
175 126 1
126 179 -1
179 126 -1
126 198 1
198 126 1
126 199 -1
199 126 -1
126 200 -1
200 126 -1
127 128 1
128 127 1
127 134 1
134 127 1
127 135 -1
135 127 -1
127 139 1
139 127 1
127 153 1
153 127 1
127 156 1
156 127 1
127 158 1
158 127 1
127 196 1
196 127 1
127 198 -1
198 127 -1
127 199 -1
199 127 -1
127 200 -1
200 127 -1
128 134 -1
134 128 -1
128 143 -1
143 128 -1
128 156 1
156 128 1
128 175 1
175 128 1
128 196 -1
196 128 -1
129 164 1
164 129 1
129 184 1
184 129 1
129 191 1
191 129 1
129 192 1
192 129 1
129 197 1
197 129 1
130 135 1
135 130 1
130 145 1
145 130 1
130 180 -1
180 130 -1
130 182 1
182 130 1
130 200 1
200 130 1
131 146 1
146 131 1
131 160 1
160 131 1
131 177 -1
177 131 -1
131 178 1
178 131 1
131 180 1
180 131 1
131 182 1
182 131 1
131 200 1
200 131 1
132 147 1
147 132 1
132 148 1
148 132 1
132 157 1
157 132 1
132 177 1
177 132 1
132 179 1
179 132 1
132 185 -1
185 132 -1
132 197 1
197 132 1
132 199 1
199 132 1
133 136 1
136 133 1
133 155 1
155 133 1
133 163 1
163 133 1
133 173 1
173 133 1
133 176 1
176 133 1
133 197 -1
197 133 -1
134 139 -1
139 134 -1
134 146 1
146 134 1
134 156 1
156 134 1
134 195 -1
195 134 -1
135 145 1
145 135 1
135 146 -1
146 135 -1
135 166 -1
166 135 -1
135 178 1
178 135 1
135 180 1
180 135 1
135 182 -1
182 135 -1
135 195 -1
195 135 -1
135 197 1
197 135 1
135 200 1
200 135 1
136 137 1
137 136 1
136 138 1
138 136 1
136 140 1
140 136 1
136 145 -1
145 136 -1
136 151 1
151 136 1
136 155 -1
155 136 -1
136 161 1
161 136 1
136 162 1
162 136 1
136 163 1
163 136 1
136 169 1
169 136 1
136 172 1
172 136 1
136 173 1
173 136 1
136 176 1
176 136 1
136 178 -1
178 136 -1
136 179 -1
179 136 -1
136 184 -1
184 136 -1
136 188 1
188 136 1
136 198 1
198 136 1
137 140 1
140 137 1
137 151 1
151 137 1
137 154 1
154 137 1
137 161 1
161 137 1
137 162 1
162 137 1
137 163 1
163 137 1
137 166 1
166 137 1
137 168 1
168 137 1
137 179 -1
179 137 -1
137 191 -1
191 137 -1
137 192 -1
192 137 -1
138 159 -1
159 138 -1
138 162 1
162 138 1
138 177 1
177 138 1
138 188 1
188 138 1
139 153 1
153 139 1
139 159 -1
159 139 -1
139 170 -1
170 139 -1
139 177 -1
177 139 -1
139 187 1
187 139 1
139 195 1
195 139 1
139 196 1
196 139 1
140 175 1
175 140 1
140 185 -1
185 140 -1
141 157 -1
157 141 -1
141 165 1
165 141 1
141 169 -1
169 141 -1
141 170 -1
170 141 -1
141 177 1
177 141 1
141 179 1
179 141 1
141 185 -1
185 141 -1
141 197 -1
197 141 -1
141 198 -1
198 141 -1
141 199 1
199 141 1
142 170 1
170 142 1
142 179 1
179 142 1
142 180 -1
180 142 -1
142 197 -1
197 142 -1
143 147 1
147 143 1
143 157 1
157 143 1
143 162 -1
162 143 -1
143 179 -1
179 143 -1
143 186 1
186 143 1
143 189 1
189 143 1
144 150 1
150 144 1
144 183 -1
183 144 -1
144 184 1
184 144 1
145 146 1
146 145 1
145 147 -1
147 145 -1
145 160 1
160 145 1
145 178 -1
178 145 -1
145 180 1
180 145 1
145 181 -1
181 145 -1
145 182 1
182 145 1
145 200 1
200 145 1
146 178 1
178 146 1
146 179 -1
179 146 -1
146 180 1
180 146 1
146 182 1
182 146 1
146 185 1
185 146 1
146 190 -1
190 146 -1
146 197 -1
197 146 -1
147 159 1
159 147 1
148 154 1
154 148 1
148 168 -1
168 148 -1
148 171 1
171 148 1
148 179 1
179 148 1
148 184 -1
184 148 -1
148 195 -1
195 148 -1
148 199 -1
199 148 -1
149 177 1
177 149 1
149 179 1
179 149 1
149 197 1
197 149 1
150 167 1
167 150 1
150 170 1
170 150 1
150 183 1
183 150 1
150 184 1
184 150 1
150 192 1
192 150 1
151 155 1
155 151 1
151 162 1
162 151 1
151 169 1
169 151 1
151 172 -1
172 151 -1
151 177 -1
177 151 -1
151 196 -1
196 151 -1
151 198 1
198 151 1
152 159 1
159 152 1
153 158 1
158 153 1
153 187 1
187 153 1
153 195 1
195 153 1
153 198 -1
198 153 -1
154 177 -1
177 154 -1
154 179 -1
179 154 -1
155 163 1
163 155 1
155 165 -1
165 155 -1
155 176 1
176 155 1
156 195 -1
195 156 -1
156 196 1
196 156 1
157 167 -1
167 157 -1
157 170 1
170 157 1
157 177 1
177 157 1
157 179 1
179 157 1
157 199 1
199 157 1
158 187 1
187 158 1
158 195 1
195 158 1
158 196 -1
196 158 -1
159 163 -1
163 159 -1
159 186 1
186 159 1
159 189 1
189 159 1
159 190 -1
190 159 -1
160 180 1
180 160 1
160 200 1
200 160 1
161 162 1
162 161 1
161 173 1
173 161 1
161 175 1
175 161 1
161 183 -1
183 161 -1
162 166 1
166 162 1
162 168 1
168 162 1
162 169 1
169 162 1
162 173 1
173 162 1
162 176 1
176 162 1
162 177 -1
177 162 -1
162 179 1
179 162 1
162 197 -1
197 162 -1
162 198 1
198 162 1
163 175 1
175 163 1
163 176 -1
176 163 -1
163 192 -1
192 163 -1
163 199 -1
199 163 -1
164 167 1
167 164 1
164 192 1
192 164 1
165 167 -1
167 165 -1
165 177 1
177 165 1
165 179 1
179 165 1
165 197 1
197 165 1
165 199 1
199 165 1
165 200 -1
200 165 -1
166 172 1
172 166 1
166 175 -1
175 166 -1
166 179 -1
179 166 -1
166 198 1
198 166 1
167 174 1
174 167 1
167 191 1
191 167 1
167 192 1
192 167 1
168 174 1
174 168 1
170 179 1
179 170 1
170 180 -1
180 170 -1
170 193 1
193 170 1
171 177 1
177 171 1
171 179 1
179 171 1
171 197 1
197 171 1
171 199 1
199 171 1
172 194 -1
194 172 -1
172 198 1
198 172 1
173 200 -1
200 173 -1
174 183 1
183 174 1
174 184 1
184 174 1
174 192 1
192 174 1
175 184 -1
184 175 -1
175 188 1
188 175 1
175 198 1
198 175 1
176 180 -1
180 176 -1
176 191 -1
191 176 -1
176 199 -1
199 176 -1
177 178 1
178 177 1
177 179 -1
179 177 -1
177 181 -1
181 177 -1
177 183 -1
183 177 -1
177 187 -1
187 177 -1
177 197 1
197 177 1
177 199 1
199 177 1
178 179 -1
179 178 -1
178 180 1
180 178 1
178 182 1
182 178 1
178 185 1
185 178 1
178 200 1
200 178 1
179 181 1
181 179 1
179 187 -1
187 179 -1
179 197 -1
197 179 -1
179 199 1
199 179 1
180 182 1
182 180 1
180 185 1
185 180 1
180 200 -1
200 180 -1
181 198 1
198 181 1
181 199 1
199 181 1
182 200 1
200 182 1
183 184 1
184 183 1
183 192 1
192 183 1
184 191 1
191 184 1
184 192 1
192 184 1
184 194 -1
194 184 -1
184 197 -1
197 184 -1
184 198 -1
198 184 -1
187 195 1
195 187 1
187 196 1
196 187 1
188 192 1
192 188 1
188 194 -1
194 188 -1
189 197 -1
197 189 -1
191 192 1
192 191 1
191 194 1
194 191 1
192 194 1
194 192 1
192 200 -1
200 192 -1
193 197 1
197 193 1
193 199 -1
199 193 -1
195 196 1
196 195 1
195 197 -1
197 195 -1
195 199 -1
199 195 -1
197 199 1
199 197 1
