1 26 1
26 1 1
1 32 -1
32 1 -1
1 35 1
35 1 1
1 36 1
36 1 1
1 42 -1
42 1 -1
1 65 1
65 1 1
1 68 -1
68 1 -1
1 73 -1
73 1 -1
1 75 1
75 1 1
1 76 -1
76 1 -1
1 84 1
84 1 1
1 86 -1
86 1 -1
1 104 1
104 1 1
1 105 1
105 1 1
1 136 1
136 1 1
1 152 -1
152 1 -1
1 190 1
190 1 1
2 24 1
24 2 1
2 26 -1
26 2 -1
2 30 1
30 2 1
2 38 1
38 2 1
2 53 1
53 2 1
2 63 -1
63 2 -1
2 91 1
91 2 1
2 107 1
107 2 1
2 124 -1
124 2 -1
2 127 -1
127 2 -1
2 169 1
169 2 1
2 182 1
182 2 1
2 198 -1
198 2 -1
3 7 1
7 3 1
3 15 -1
15 3 -1
3 62 1
62 3 1
3 70 -1
70 3 -1
3 72 -1
72 3 -1
3 74 1
74 3 1
3 128 1
128 3 1
3 151 1
151 3 1
3 153 1
153 3 1
3 162 -1
162 3 -1
3 170 -1
170 3 -1
3 181 1
181 3 1
3 184 -1
184 3 -1
3 187 -1
187 3 -1
4 11 -1
11 4 -1
4 19 1
19 4 1
4 21 1
21 4 1
4 25 1
25 4 1
4 42 1
42 4 1
4 43 1
43 4 1
4 44 1
44 4 1
4 50 -1
50 4 -1
4 51 1
51 4 1
4 52 1
52 4 1
4 56 -1
56 4 -1
4 61 1
61 4 1
4 64 -1
64 4 -1
4 67 1
67 4 1
4 69 1
69 4 1
4 72 -1
72 4 -1
4 76 -1
76 4 -1
4 82 1
82 4 1
4 95 1
95 4 1
4 98 1
98 4 1
4 100 1
100 4 1
4 111 1
111 4 1
4 115 -1
115 4 -1
4 117 -1
117 4 -1
4 119 1
119 4 1
4 128 -1
128 4 -1
4 130 1
130 4 1
4 145 1
145 4 1
4 155 1
155 4 1
4 162 1
162 4 1
4 171 -1
171 4 -1
4 176 1
176 4 1
4 183 1
183 4 1
4 186 1
186 4 1
4 191 1
191 4 1
4 196 1
196 4 1
4 200 1
200 4 1
5 20 1
20 5 1
5 29 1
29 5 1
5 39 1
39 5 1
5 56 1
56 5 1
5 59 -1
59 5 -1
5 66 -1
66 5 -1
5 71 1
71 5 1
5 76 -1
76 5 -1
5 90 1
90 5 1
5 101 1
101 5 1
5 103 -1
103 5 -1
5 109 1
109 5 1
5 116 -1
116 5 -1
5 126 1
126 5 1
5 141 1
141 5 1
5 149 -1
149 5 -1
5 164 1
164 5 1
5 170 1
170 5 1
5 171 1
171 5 1
5 172 1
172 5 1
5 186 -1
186 5 -1
6 31 1
31 6 1
6 33 -1
33 6 -1
6 48 -1
48 6 -1
6 50 1
50 6 1
6 77 1
77 6 1
6 78 1
78 6 1
6 88 1
88 6 1
6 94 1
94 6 1
6 96 1
96 6 1
6 98 -1
98 6 -1
6 103 1
103 6 1
6 116 1
116 6 1
6 121 1
121 6 1
6 132 1
132 6 1
6 135 -1
135 6 -1
6 165 1
165 6 1
6 192 1
192 6 1
6 195 1
195 6 1
7 9 1
9 7 1
7 34 1
34 7 1
7 80 1
80 7 1
7 88 1
88 7 1
7 128 1
128 7 1
7 134 -1
134 7 -1
7 153 1
153 7 1
7 168 -1
168 7 -1
7 174 -1
174 7 -1
7 179 1
179 7 1
8 29 1
29 8 1
8 37 -1
37 8 -1
8 39 -1
39 8 -1
8 46 1
46 8 1
8 53 -1
53 8 -1
8 63 1
63 8 1
8 64 -1
64 8 -1
8 73 -1
73 8 -1
8 99 1
99 8 1
8 101 1
101 8 1
8 150 1
150 8 1
8 163 1
163 8 1
8 171 1
171 8 1
8 176 -1
176 8 -1
8 178 1
178 8 1
8 184 1
184 8 1
8 188 1
188 8 1
8 196 1
196 8 1
9 18 -1
18 9 -1
9 34 1
34 9 1
9 64 1
64 9 1
9 70 1
70 9 1
9 80 1
80 9 1
9 108 -1
108 9 -1
9 113 1
113 9 1
9 114 -1
114 9 -1
9 128 1
128 9 1
9 158 -1
158 9 -1
9 191 -1
191 9 -1
10 13 1
13 10 1
10 17 1
17 10 1
10 20 -1
20 10 -1
10 32 1
32 10 1
10 33 1
33 10 1
10 50 1
50 10 1
10 87 -1
87 10 -1
10 88 1
88 10 1
10 89 -1
89 10 -1
10 103 1
103 10 1
10 106 -1
106 10 -1
10 114 1
114 10 1
10 123 1
123 10 1
10 126 -1
126 10 -1
10 138 1
138 10 1
10 148 1
148 10 1
10 150 -1
150 10 -1
10 165 1
165 10 1
10 167 1
167 10 1
10 185 1
185 10 1
10 192 1
192 10 1
11 15 1
15 11 1
11 21 1
21 11 1
11 24 -1
24 11 -1
11 37 1
37 11 1
11 39 1
39 11 1
11 46 1
46 11 1
11 58 1
58 11 1
11 59 1
59 11 1
11 63 1
63 11 1
11 64 -1
64 11 -1
11 66 1
66 11 1
11 69 -1
69 11 -1
11 71 1
71 11 1
11 73 -1
73 11 -1
11 85 -1
85 11 -1
11 90 1
90 11 1
11 91 1
91 11 1
11 93 1
93 11 1
11 95 -1
95 11 -1
11 101 1
101 11 1
11 104 -1
104 11 -1
11 106 1
106 11 1
11 110 1
110 11 1
11 112 1
112 11 1
11 115 1
115 11 1
11 117 1
117 11 1
11 120 1
120 11 1
11 123 1
123 11 1
11 126 1
126 11 1
11 132 -1
132 11 -1
11 134 1
134 11 1
11 142 1
142 11 1
11 150 -1
150 11 -1
11 151 -1
151 11 -1
11 152 -1
152 11 -1
11 154 -1
154 11 -1
11 159 1
159 11 1
11 162 1
162 11 1
11 164 1
164 11 1
11 171 1
171 11 1
11 184 1
184 11 1
11 188 1
188 11 1
11 189 1
189 11 1
11 190 1
190 11 1
12 29 -1
29 12 -1
12 46 1
46 12 1
12 71 1
71 12 1
12 91 1
91 12 1
12 99 1
99 12 1
12 117 1
117 12 1
12 123 -1
123 12 -1
12 142 1
142 12 1
12 150 1
150 12 1
12 161 -1
161 12 -1
12 165 1
165 12 1
12 178 1
178 12 1
12 181 -1
181 12 -1
13 32 1
32 13 1
13 46 -1
46 13 -1
13 85 -1
85 13 -1
13 88 -1
88 13 -1
13 103 1
103 13 1
13 114 1
114 13 1
13 157 -1
157 13 -1
13 162 -1
162 13 -1
13 192 -1
192 13 -1
14 24 1
24 14 1
14 30 1
30 14 1
14 62 -1
62 14 -1
14 81 1
81 14 1
14 103 1
103 14 1
14 114 -1
114 14 -1
14 116 1
116 14 1
14 140 1
140 14 1
14 161 1
161 14 1
14 175 1
175 14 1
14 182 1
182 14 1
14 198 1
198 14 1
15 29 1
29 15 1
15 56 1
56 15 1
15 90 1
90 15 1
15 100 -1
100 15 -1
15 107 -1
107 15 -1
15 112 1
112 15 1
15 115 1
115 15 1
15 126 1
126 15 1
15 150 1
150 15 1
15 172 1
172 15 1
15 184 1
184 15 1
15 185 -1
185 15 -1
15 188 1
188 15 1
16 24 1
24 16 1
16 53 1
53 16 1
16 57 1
57 16 1
16 78 -1
78 16 -1
16 81 1
81 16 1
16 90 -1
90 16 -1
16 97 1
97 16 1
16 107 1
107 16 1
16 117 -1
117 16 -1
16 121 -1
121 16 -1
16 137 -1
137 16 -1
16 140 1
140 16 1
16 146 1
146 16 1
16 161 1
161 16 1
16 169 1
169 16 1
16 171 -1
171 16 -1
16 174 -1
174 16 -1
16 182 -1
182 16 -1
16 198 -1
198 16 -1
17 50 1
50 17 1
17 70 -1
70 17 -1
17 82 1
82 17 1
17 88 1
88 17 1
17 102 1
102 17 1
17 103 1
103 17 1
17 123 1
123 17 1
17 165 1
165 17 1
17 199 -1
199 17 -1
18 20 1
20 18 1
18 66 1
66 18 1
18 71 1
71 18 1
18 106 1
106 18 1
18 115 1
115 18 1
18 126 1
126 18 1
18 150 1
150 18 1
18 167 -1
167 18 -1
18 169 -1
169 18 -1
18 171 1
171 18 1
18 184 1
184 18 1
19 39 -1
39 19 -1
19 42 1
42 19 1
19 61 1
61 19 1
19 78 -1
78 19 -1
19 82 1
82 19 1
19 95 -1
95 19 -1
19 119 1
119 19 1
19 155 1
155 19 1
19 162 1
162 19 1
19 176 1
176 19 1
19 190 1
190 19 1
19 199 -1
199 19 -1
19 200 1
200 19 1
20 33 1
33 20 1
20 99 1
99 20 1
20 112 1
112 20 1
20 126 1
126 20 1
20 142 1
142 20 1
20 150 -1
150 20 -1
20 153 -1
153 20 -1
20 171 1
171 20 1
20 190 1
190 20 1
20 198 -1
198 20 -1
21 25 1
25 21 1
21 40 1
40 21 1
21 45 1
45 21 1
21 67 1
67 21 1
21 95 1
95 21 1
21 100 -1
100 21 -1
21 106 1
106 21 1
21 114 -1
114 21 -1
21 119 1
119 21 1
21 120 1
120 21 1
21 130 1
130 21 1
21 162 1
162 21 1
21 174 -1
174 21 -1
21 176 1
176 21 1
21 186 -1
186 21 -1
21 194 -1
194 21 -1
22 46 -1
46 22 -1
22 52 -1
52 22 -1
22 59 1
59 22 1
22 69 -1
69 22 -1
22 95 1
95 22 1
22 100 1
100 22 1
22 130 1
130 22 1
22 162 1
162 22 1
22 176 1
176 22 1
22 184 -1
184 22 -1
22 191 1
191 22 1
23 24 1
24 23 1
23 50 -1
50 23 -1
23 57 1
57 23 1
23 58 -1
58 23 -1
23 79 -1
79 23 -1
23 81 1
81 23 1
23 107 1
107 23 1
23 116 1
116 23 1
23 140 -1
140 23 -1
23 174 -1
174 23 -1
23 180 -1
180 23 -1
23 197 1
197 23 1
23 198 1
198 23 1
24 38 1
38 24 1
24 60 1
60 24 1
24 71 -1
71 24 -1
24 81 1
81 24 1
24 93 -1
93 24 -1
24 97 1
97 24 1
24 105 -1
105 24 -1
24 106 1
106 24 1
24 107 1
107 24 1
24 116 1
116 24 1
24 127 1
127 24 1
24 140 1
140 24 1
24 141 -1
141 24 -1
24 146 1
146 24 1
24 154 -1
154 24 -1
24 161 1
161 24 1
24 169 1
169 24 1
24 174 1
174 24 1
24 175 -1
175 24 -1
24 176 -1
176 24 -1
24 177 -1
177 24 -1
24 182 1
182 24 1
24 194 1
194 24 1
24 198 -1
198 24 -1
25 52 -1
52 25 -1
25 63 -1
63 25 -1
25 69 1
69 25 1
25 80 -1
80 25 -1
25 90 -1
90 25 -1
25 95 1
95 25 1
25 100 -1
100 25 -1
25 105 -1
105 25 -1
25 111 1
111 25 1
25 130 1
130 25 1
25 131 1
131 25 1
25 144 -1
144 25 -1
25 145 1
145 25 1
25 155 1
155 25 1
25 173 -1
173 25 -1
25 176 -1
176 25 -1
25 186 1
186 25 1
25 189 -1
189 25 -1
25 196 1
196 25 1
25 200 1
200 25 1
26 28 1
28 26 1
26 37 -1
37 26 -1
26 50 -1
50 26 -1
26 51 -1
51 26 -1
26 55 1
55 26 1
26 72 1
72 26 1
26 75 -1
75 26 -1
26 86 1
86 26 1
26 88 -1
88 26 -1
26 89 1
89 26 1
26 92 -1
92 26 -1
26 104 1
104 26 1
26 105 1
105 26 1
26 122 1
122 26 1
26 143 1
143 26 1
27 31 1
31 27 1
27 32 1
32 27 1
27 50 1
50 27 1
27 71 -1
71 27 -1
27 81 1
81 27 1
27 88 -1
88 27 -1
27 96 1
96 27 1
27 101 -1
101 27 -1
27 103 1
103 27 1
27 114 1
114 27 1
27 115 -1
115 27 -1
27 123 1
123 27 1
27 125 1
125 27 1
27 130 -1
130 27 -1
27 134 1
134 27 1
27 148 1
148 27 1
27 154 1
154 27 1
27 156 1
156 27 1
27 165 1
165 27 1
27 167 1
167 27 1
27 177 1
177 27 1
27 185 1
185 27 1
27 186 -1
186 27 -1
27 188 -1
188 27 -1
27 192 1
192 27 1
27 195 1
195 27 1
28 39 -1
39 28 -1
28 49 1
49 28 1
28 76 -1
76 28 -1
28 89 1
89 28 1
28 92 1
92 28 1
28 104 1
104 28 1
28 136 1
136 28 1
28 143 1
143 28 1
28 176 -1
176 28 -1
28 192 -1
192 28 -1
28 198 -1
198 28 -1
29 38 -1
38 29 -1
29 46 -1
46 29 -1
29 66 1
66 29 1
29 69 1
69 29 1
29 71 -1
71 29 -1
29 90 1
90 29 1
29 105 -1
105 29 -1
29 114 -1
114 29 -1
29 117 1
117 29 1
29 120 1
120 29 1
29 126 1
126 29 1
29 155 -1
155 29 -1
29 190 1
190 29 1
30 57 1
57 30 1
30 62 -1
62 30 -1
30 63 -1
63 30 -1
30 71 -1
71 30 -1
30 97 -1
97 30 -1
30 101 -1
101 30 -1
30 116 1
116 30 1
30 142 -1
142 30 -1
30 161 -1
161 30 -1
30 169 1
169 30 1
30 174 1
174 30 1
30 175 -1
175 30 -1
30 194 1
194 30 1
30 198 1
198 30 1
31 32 1
32 31 1
31 34 1
34 31 1
31 55 -1
55 31 -1
31 63 -1
63 31 -1
31 66 -1
66 31 -1
31 88 1
88 31 1
31 97 -1
97 31 -1
31 103 1
103 31 1
31 118 -1
118 31 -1
31 147 -1
147 31 -1
31 148 -1
148 31 -1
31 185 1
185 31 1
31 192 1
192 31 1
31 195 1
195 31 1
32 33 1
33 32 1
32 34 -1
34 32 -1
32 41 1
41 32 1
32 46 -1
46 32 -1
32 50 1
50 32 1
32 54 -1
54 32 -1
32 63 -1
63 32 -1
32 77 -1
77 32 -1
32 88 1
88 32 1
32 101 -1
101 32 -1
32 103 1
103 32 1
32 114 1
114 32 1
32 123 -1
123 32 -1
32 125 1
125 32 1
32 130 1
130 32 1
32 133 -1
133 32 -1
32 135 1
135 32 1
32 138 1
138 32 1
32 147 1
147 32 1
32 148 1
148 32 1
32 151 -1
151 32 -1
32 154 1
154 32 1
32 159 -1
159 32 -1
32 164 -1
164 32 -1
32 166 -1
166 32 -1
32 167 1
167 32 1
32 173 1
173 32 1
32 177 1
177 32 1
32 184 -1
184 32 -1
32 185 1
185 32 1
32 187 -1
187 32 -1
32 190 -1
190 32 -1
32 192 1
192 32 1
32 193 -1
193 32 -1
32 195 1
195 32 1
33 88 1
88 33 1
33 113 -1
113 33 -1
33 114 -1
114 33 -1
33 133 1
133 33 1
33 144 -1
144 33 -1
33 148 1
148 33 1
33 159 -1
159 33 -1
33 185 1
185 33 1
34 42 -1
42 34 -1
34 64 -1
64 34 -1
34 70 1
70 34 1
34 74 1
74 34 1
34 80 1
80 34 1
34 108 1
108 34 1
34 112 -1
112 34 -1
34 113 1
113 34 1
34 138 -1
138 34 -1
34 151 1
151 34 1
34 153 1
153 34 1
34 155 1
155 34 1
34 166 1
166 34 1
34 168 1
168 34 1
34 171 -1
171 34 -1
34 179 -1
179 34 -1
34 181 1
181 34 1
34 187 1
187 34 1
35 37 -1
37 35 -1
35 65 -1
65 35 -1
35 75 1
75 35 1
35 84 1
84 35 1
35 89 1
89 35 1
35 98 -1
98 35 -1
35 122 1
122 35 1
35 181 -1
181 35 -1
35 184 -1
184 35 -1
36 49 1
49 36 1
36 55 1
55 36 1
36 65 -1
65 36 -1
36 72 1
72 36 1
36 73 1
73 36 1
36 75 1
75 36 1
36 76 1
76 36 1
36 84 1
84 36 1
36 89 -1
89 36 -1
36 92 1
92 36 1
36 104 1
104 36 1
36 105 1
105 36 1
36 114 -1
114 36 -1
36 115 -1
115 36 -1
36 130 -1
130 36 -1
36 133 -1
133 36 -1
36 148 1
148 36 1
36 160 1
160 36 1
36 184 -1
184 36 -1
37 45 -1
45 37 -1
37 46 -1
46 37 -1
37 63 1
63 37 1
37 66 -1
66 37 -1
37 71 1
71 37 1
37 93 1
93 37 1
37 112 -1
112 37 -1
37 121 1
121 37 1
37 130 -1
130 37 -1
37 134 1
134 37 1
37 142 1
142 37 1
37 164 -1
164 37 -1
37 171 -1
171 37 -1
37 177 -1
177 37 -1
37 190 1
190 37 1
38 116 1
116 38 1
38 150 -1
150 38 -1
38 161 1
161 38 1
38 171 -1
171 38 -1
38 174 1
174 38 1
38 194 1
194 38 1
38 198 1
198 38 1
39 46 1
46 39 1
39 62 -1
62 39 -1
39 63 1
63 39 1
39 66 1
66 39 1
39 71 -1
71 39 -1
39 83 -1
83 39 -1
39 88 -1
88 39 -1
39 90 1
90 39 1
39 91 1
91 39 1
39 94 1
94 39 1
39 95 -1
95 39 -1
39 98 1
98 39 1
39 100 -1
100 39 -1
39 101 1
101 39 1
39 106 -1
106 39 -1
39 110 1
110 39 1
39 112 1
112 39 1
39 120 1
120 39 1
39 126 -1
126 39 -1
39 134 1
134 39 1
39 141 1
141 39 1
39 152 1
152 39 1
39 165 -1
165 39 -1
39 176 -1
176 39 -1
39 178 1
178 39 1
39 184 1
184 39 1
39 190 1
190 39 1
39 196 -1
196 39 -1
39 199 1
199 39 1
39 200 -1
200 39 -1
40 43 1
43 40 1
40 51 1
51 40 1
40 61 1
61 40 1
40 84 -1
84 40 -1
40 95 1
95 40 1
40 100 -1
100 40 -1
40 115 -1
115 40 -1
40 130 1
130 40 1
40 162 1
162 40 1
40 176 1
176 40 1
40 186 1
186 40 1
40 188 -1
188 40 -1
40 190 -1
190 40 -1
40 200 1
200 40 1
41 45 -1
45 41 -1
41 66 -1
66 41 -1
41 77 -1
77 41 -1
41 96 -1
96 41 -1
41 102 -1
102 41 -1
41 103 1
103 41 1
41 109 -1
109 41 -1
41 114 1
114 41 1
41 122 -1
122 41 -1
41 123 1
123 41 1
41 132 1
132 41 1
41 156 1
156 41 1
41 177 -1
177 41 -1
41 192 1
192 41 1
41 194 -1
194 41 -1
42 43 1
43 42 1
42 45 1
45 42 1
42 48 1
48 42 1
42 49 -1
49 42 -1
42 52 1
52 42 1
42 59 -1
59 42 -1
42 61 1
61 42 1
42 82 1
82 42 1
42 95 -1
95 42 -1
42 100 1
100 42 1
42 111 1
111 42 1
42 119 1
119 42 1
42 120 -1
120 42 -1
42 130 1
130 42 1
42 131 -1
131 42 -1
42 135 -1
135 42 -1
42 145 1
145 42 1
42 155 -1
155 42 -1
42 167 -1
167 42 -1
42 176 1
176 42 1
42 186 1
186 42 1
42 195 -1
195 42 -1
42 196 -1
196 42 -1
43 54 -1
54 43 -1
43 73 -1
73 43 -1
43 95 1
95 43 1
43 100 1
100 43 1
43 129 1
129 43 1
43 130 -1
130 43 -1
43 142 -1
142 43 -1
43 186 1
186 43 1
44 50 1
50 44 1
44 67 1
67 44 1
44 83 -1
83 44 -1
44 87 -1
87 44 -1
44 100 1
100 44 1
44 130 1
130 44 1
44 162 1
162 44 1
44 176 1
176 44 1
44 184 -1
184 44 -1
44 186 1
186 44 1
44 200 -1
200 44 -1
45 52 1
52 45 1
45 82 1
82 45 1
45 95 -1
95 45 -1
45 100 1
100 45 1
45 112 -1
112 45 -1
45 119 1
119 45 1
45 126 -1
126 45 -1
45 129 1
129 45 1
45 130 1
130 45 1
45 162 1
162 45 1
45 176 1
176 45 1
45 185 -1
185 45 -1
45 186 1
186 45 1
46 63 1
63 46 1
46 71 1
71 46 1
46 90 -1
90 46 -1
46 100 -1
100 46 -1
46 101 1
101 46 1
46 106 1
106 46 1
46 112 1
112 46 1
46 115 1
115 46 1
46 117 1
117 46 1
46 120 1
120 46 1
46 134 1
134 46 1
46 139 1
139 46 1
46 150 1
150 46 1
46 154 -1
154 46 -1
46 182 1
182 46 1
46 184 1
184 46 1
46 185 1
185 46 1
46 190 1
190 46 1
46 192 -1
192 46 -1
47 63 -1
63 47 -1
47 66 1
66 47 1
47 68 1
68 47 1
47 76 -1
76 47 -1
47 77 -1
77 47 -1
47 87 1
87 47 1
47 95 -1
95 47 -1
47 117 1
117 47 1
47 120 1
120 47 1
47 126 1
126 47 1
47 134 1
134 47 1
47 145 -1
145 47 -1
47 150 1
150 47 1
47 184 1
184 47 1
47 189 1
189 47 1
47 190 1
190 47 1
47 193 -1
193 47 -1
48 61 1
61 48 1
48 69 1
69 48 1
48 82 1
82 48 1
48 100 -1
100 48 -1
48 119 1
119 48 1
48 130 1
130 48 1
48 150 -1
150 48 -1
48 180 -1
180 48 -1
48 186 1
186 48 1
48 190 -1
190 48 -1
48 195 -1
195 48 -1
48 200 -1
200 48 -1
49 55 1
55 49 1
49 59 -1
59 49 -1
49 65 1
65 49 1
49 73 1
73 49 1
49 76 1
76 49 1
49 86 1
86 49 1
49 88 -1
88 49 -1
49 89 1
89 49 1
49 92 1
92 49 1
49 98 1
98 49 1
49 104 1
104 49 1
49 105 1
105 49 1
49 136 1
136 49 1
49 137 -1
137 49 -1
49 159 -1
159 49 -1
49 160 1
160 49 1
50 54 1
54 50 1
50 77 1
77 50 1
50 78 1
78 50 1
50 88 1
88 50 1
50 89 1
89 50 1
50 96 1
96 50 1
50 100 -1
100 50 -1
50 102 1
102 50 1
50 103 -1
103 50 -1
50 114 1
114 50 1
50 123 1
123 50 1
50 124 1
124 50 1
50 133 1
133 50 1
50 150 -1
150 50 -1
50 154 -1
154 50 -1
50 155 -1
155 50 -1
50 156 1
156 50 1
50 161 -1
161 50 -1
50 165 1
165 50 1
50 167 1
167 50 1
50 173 1
173 50 1
50 177 1
177 50 1
50 185 1
185 50 1
50 186 1
186 50 1
50 190 -1
190 50 -1
50 192 1
192 50 1
50 195 1
195 50 1
51 52 1
52 51 1
51 69 -1
69 51 -1
51 91 1
91 51 1
51 95 -1
95 51 -1
51 96 -1
96 51 -1
51 100 1
100 51 1
51 110 -1
110 51 -1
51 131 1
131 51 1
51 183 -1
183 51 -1
51 186 1
186 51 1
52 58 -1
58 52 -1
52 95 1
95 52 1
52 100 1
100 52 1
52 117 -1
117 52 -1
52 130 1
130 52 1
52 152 -1
152 52 -1
52 180 1
180 52 1
52 186 1
186 52 1
52 190 -1
190 52 -1
52 200 1
200 52 1
53 60 1
60 53 1
53 107 1
107 53 1
53 116 1
116 53 1
53 141 -1
141 53 -1
53 174 -1
174 53 -1
53 182 -1
182 53 -1
53 187 1
187 53 1
53 198 1
198 53 1
54 88 -1
88 54 -1
54 103 1
103 54 1
54 123 1
123 54 1
54 124 1
124 54 1
54 138 1
138 54 1
54 150 -1
150 54 -1
54 167 -1
167 54 -1
54 174 -1
174 54 -1
54 192 1
192 54 1
54 195 1
195 54 1
55 65 1
65 55 1
55 73 1
73 55 1
55 89 1
89 55 1
55 105 1
105 55 1
55 108 -1
108 55 -1
55 134 1
134 55 1
56 66 1
66 56 1
56 87 1
87 56 1
56 90 1
90 56 1
56 99 1
99 56 1
56 100 -1
100 56 -1
56 106 -1
106 56 -1
56 112 1
112 56 1
56 134 1
134 56 1
56 166 -1
166 56 -1
56 174 -1
174 56 -1
56 184 1
184 56 1
56 190 1
190 56 1
56 192 -1
192 56 -1
57 87 1
87 57 1
57 111 -1
111 57 -1
57 116 1
116 57 1
57 126 -1
126 57 -1
57 174 1
174 57 1
57 182 1
182 57 1
57 198 -1
198 57 -1
58 61 -1
61 58 -1
58 63 1
63 58 1
58 112 -1
112 58 -1
58 126 1
126 58 1
58 141 1
141 58 1
58 144 1
144 58 1
58 150 1
150 58 1
58 163 1
163 58 1
58 195 -1
195 58 -1
59 71 1
71 59 1
59 72 -1
72 59 -1
59 79 1
79 59 1
59 85 1
85 59 1
59 94 -1
94 59 -1
59 99 1
99 59 1
59 112 1
112 59 1
59 117 1
117 59 1
59 126 1
126 59 1
59 150 1
150 59 1
59 154 1
154 59 1
59 171 1
171 59 1
59 186 -1
186 59 -1
59 188 1
188 59 1
59 190 1
190 59 1
60 71 -1
71 60 -1
60 91 -1
91 60 -1
60 127 -1
127 60 -1
60 169 -1
169 60 -1
60 173 -1
173 60 -1
60 175 1
175 60 1
60 194 1
194 60 1
60 198 1
198 60 1
61 87 1
87 61 1
61 100 1
100 61 1
61 124 -1
124 61 -1
61 131 1
131 61 1
61 151 -1
151 61 -1
61 162 1
162 61 1
61 176 1
176 61 1
61 186 1
186 61 1
62 70 1
70 62 1
62 74 1
74 62 1
62 103 1
103 62 1
62 128 1
128 62 1
62 149 1
149 62 1
62 151 1
151 62 1
62 166 1
166 62 1
62 179 1
179 62 1
63 66 1
66 63 1
63 68 1
68 63 1
63 71 1
71 63 1
63 85 1
85 63 1
63 87 -1
87 63 -1
63 94 1
94 63 1
63 101 1
101 63 1
63 109 1
109 63 1
63 112 1
112 63 1
63 117 -1
117 63 -1
63 126 1
126 63 1
63 138 -1
138 63 -1
63 139 1
139 63 1
63 144 1
144 63 1
63 148 -1
148 63 -1
63 150 -1
150 63 -1
63 170 -1
170 63 -1
63 172 1
172 63 1
63 176 -1
176 63 -1
63 183 -1
183 63 -1
63 184 1
184 63 1
63 188 1
188 63 1
63 190 1
190 63 1
63 191 -1
191 63 -1
63 192 -1
192 63 -1
64 113 1
113 64 1
64 149 1
149 64 1
64 151 1
151 64 1
64 168 1
168 64 1
64 172 -1
172 64 -1
64 179 -1
179 64 -1
64 187 1
187 64 1
65 72 -1
72 65 -1
65 76 1
76 65 1
65 81 -1
81 65 -1
65 83 -1
83 65 -1
65 86 1
86 65 1
65 89 -1
89 65 -1
65 98 1
98 65 1
65 104 1
104 65 1
65 105 1
105 65 1
65 143 1
143 65 1
65 147 -1
147 65 -1
65 160 1
160 65 1
65 171 -1
171 65 -1
65 178 -1
178 65 -1
65 184 -1
184 65 -1
66 74 -1
74 66 -1
66 75 -1
75 66 -1
66 83 1
83 66 1
66 88 -1
88 66 -1
66 90 1
90 66 1
66 91 1
91 66 1
66 106 1
106 66 1
66 109 1
109 66 1
66 112 1
112 66 1
66 114 -1
114 66 -1
66 115 -1
115 66 -1
66 123 -1
123 66 -1
66 126 1
126 66 1
66 141 1
141 66 1
66 142 1
142 66 1
66 149 -1
149 66 -1
66 150 1
150 66 1
66 152 1
152 66 1
66 156 1
156 66 1
66 159 1
159 66 1
66 160 -1
160 66 -1
66 161 -1
161 66 -1
66 171 1
171 66 1
66 172 1
172 66 1
66 178 1
178 66 1
66 184 -1
184 66 -1
66 189 1
189 66 1
66 199 1
199 66 1
66 200 -1
200 66 -1
67 90 -1
90 67 -1
67 107 -1
107 67 -1
67 133 -1
133 67 -1
67 155 -1
155 67 -1
67 183 -1
183 67 -1
67 186 1
186 67 1
67 196 1
196 67 1
68 71 1
71 68 1
68 72 -1
72 68 -1
68 100 -1
100 68 -1
68 101 1
101 68 1
68 106 -1
106 68 -1
68 123 -1
123 68 -1
68 126 1
126 68 1
68 141 1
141 68 1
68 184 1
184 68 1
68 190 1
190 68 1
69 79 -1
79 69 -1
69 82 -1
82 69 -1
69 95 1
95 69 1
69 100 1
100 69 1
69 111 1
111 69 1
69 119 1
119 69 1
69 121 -1
121 69 -1
69 129 1
129 69 1
69 130 -1
130 69 -1
69 152 -1
152 69 -1
69 162 1
162 69 1
69 172 -1
172 69 -1
69 180 1
180 69 1
69 185 -1
185 69 -1
69 186 1
186 69 1
69 200 -1
200 69 -1
70 90 -1
90 70 -1
70 108 1
108 70 1
70 126 -1
126 70 -1
70 128 1
128 70 1
70 151 -1
151 70 -1
70 153 1
153 70 1
70 168 1
168 70 1
71 75 -1
75 71 -1
71 76 -1
76 71 -1
71 85 1
85 71 1
71 87 1
87 71 1
71 88 -1
88 71 -1
71 91 1
91 71 1
71 107 -1
107 71 -1
71 112 1
112 71 1
71 115 1
115 71 1
71 117 1
117 71 1
71 118 -1
118 71 -1
71 126 1
126 71 1
71 134 1
134 71 1
71 139 -1
139 71 -1
71 141 1
141 71 1
71 142 1
142 71 1
71 147 -1
147 71 -1
71 150 1
150 71 1
71 152 1
152 71 1
71 168 1
168 71 1
71 171 1
171 71 1
71 172 1
172 71 1
71 188 1
188 71 1
71 189 1
189 71 1
71 196 -1
196 71 -1
71 198 -1
198 71 -1
71 199 -1
199 71 -1
72 73 1
73 72 1
72 75 1
75 72 1
72 76 1
76 72 1
72 84 1
84 72 1
72 89 1
89 72 1
72 104 1
104 72 1
72 105 1
105 72 1
72 122 1
122 72 1
72 192 1
192 72 1
73 89 -1
89 73 -1
73 99 -1
99 73 -1
73 104 1
104 73 1
73 105 1
105 73 1
73 122 1
122 73 1
73 123 -1
123 73 -1
74 80 -1
80 74 -1
74 108 1
108 74 1
74 141 -1
141 74 -1
74 151 1
151 74 1
74 153 1
153 74 1
74 165 -1
165 74 -1
74 179 1
179 74 1
74 181 1
181 74 1
74 186 1
186 74 1
74 187 1
187 74 1
75 84 1
84 75 1
75 86 1
86 75 1
75 98 1
98 75 1
75 104 1
104 75 1
75 105 1
105 75 1
75 119 1
119 75 1
75 136 1
136 75 1
75 144 -1
144 75 -1
75 150 1
150 75 1
76 84 1
84 76 1
76 86 1
86 76 1
76 89 1
89 76 1
76 92 1
92 76 1
76 98 1
98 76 1
76 104 1
104 76 1
76 105 1
105 76 1
76 122 1
122 76 1
76 125 -1
125 76 -1
76 135 -1
135 76 -1
76 143 1
143 76 1
76 160 1
160 76 1
76 188 -1
188 76 -1
77 94 -1
94 77 -1
77 103 1
103 77 1
77 123 1
123 77 1
77 138 1
138 77 1
77 167 1
167 77 1
77 182 -1
182 77 -1
78 88 1
88 78 1
78 103 1
103 78 1
78 162 -1
162 78 -1
78 164 1
164 78 1
78 185 1
185 78 1
78 192 1
192 78 1
79 81 -1
81 79 -1
79 93 1
93 79 1
79 99 1
99 79 1
79 106 1
106 79 1
79 109 1
109 79 1
79 112 1
112 79 1
79 117 1
117 79 1
79 120 -1
120 79 -1
79 171 1
171 79 1
79 190 1
190 79 1
80 100 -1
100 80 -1
80 145 -1
145 80 -1
80 149 1
149 80 1
80 151 1
151 80 1
80 166 1
166 80 1
81 99 -1
99 81 -1
81 116 1
116 81 1
81 127 1
127 81 1
81 169 -1
169 81 -1
81 171 -1
171 81 -1
81 182 1
182 81 1
81 198 1
198 81 1
82 90 -1
90 82 -1
82 100 -1
100 82 -1
82 118 -1
118 82 -1
82 130 1
130 82 1
82 162 1
162 82 1
82 176 1
176 82 1
82 190 -1
190 82 -1
82 192 -1
192 82 -1
82 200 1
200 82 1
83 90 1
90 83 1
83 112 1
112 83 1
83 115 1
115 83 1
83 121 1
121 83 1
83 144 1
144 83 1
83 150 -1
150 83 -1
83 156 -1
156 83 -1
83 159 1
159 83 1
83 162 -1
162 83 -1
83 171 1
171 83 1
83 190 1
190 83 1
84 86 1
86 84 1
84 98 1
98 84 1
84 104 1
104 84 1
84 112 -1
112 84 -1
84 195 -1
195 84 -1
84 197 -1
197 84 -1
85 90 -1
90 85 -1
85 95 -1
95 85 -1
85 112 1
112 85 1
85 117 1
117 85 1
85 140 1
140 85 1
85 142 1
142 85 1
85 147 -1
147 85 -1
85 152 1
152 85 1
85 171 1
171 85 1
85 184 1
184 85 1
85 191 -1
191 85 -1
86 89 1
89 86 1
86 94 -1
94 86 -1
86 96 1
96 86 1
86 98 1
98 86 1
86 104 1
104 86 1
86 105 1
105 86 1
86 115 -1
115 86 -1
86 121 -1
121 86 -1
86 122 1
122 86 1
86 180 -1
180 86 -1
86 192 -1
192 86 -1
87 90 -1
90 87 -1
87 94 1
94 87 1
87 121 1
121 87 1
87 148 -1
148 87 -1
87 150 1
150 87 1
87 163 1
163 87 1
87 178 -1
178 87 -1
87 190 1
190 87 1
88 98 -1
98 88 -1
88 102 1
102 88 1
88 103 1
103 88 1
88 106 -1
106 88 -1
88 114 1
114 88 1
88 123 -1
123 88 -1
88 124 1
124 88 1
88 133 1
133 88 1
88 136 1
136 88 1
88 138 1
138 88 1
88 147 1
147 88 1
88 148 1
148 88 1
88 154 1
154 88 1
88 156 1
156 88 1
88 164 -1
164 88 -1
88 165 1
165 88 1
88 167 1
167 88 1
88 177 1
177 88 1
88 181 1
181 88 1
88 182 -1
182 88 -1
88 184 -1
184 88 -1
88 185 1
185 88 1
88 190 -1
190 88 -1
88 192 1
192 88 1
88 193 1
193 88 1
88 195 1
195 88 1
89 90 -1
90 89 -1
89 92 1
92 89 1
89 98 1
98 89 1
89 103 -1
103 89 -1
89 104 1
104 89 1
89 105 1
105 89 1
89 117 -1
117 89 -1
89 122 1
122 89 1
89 136 1
136 89 1
89 139 -1
139 89 -1
89 143 1
143 89 1
89 156 -1
156 89 -1
89 160 1
160 89 1
89 165 1
165 89 1
89 191 -1
191 89 -1
90 101 -1
101 90 -1
90 106 1
106 90 1
90 112 1
112 90 1
90 115 1
115 90 1
90 116 -1
116 90 -1
90 117 1
117 90 1
90 120 1
120 90 1
90 126 1
126 90 1
90 134 -1
134 90 -1
90 136 -1
136 90 -1
90 138 -1
138 90 -1
90 142 1
142 90 1
90 152 1
152 90 1
90 159 -1
159 90 -1
90 163 1
163 90 1
90 165 -1
165 90 -1
90 167 -1
167 90 -1
90 172 1
172 90 1
90 184 1
184 90 1
90 190 1
190 90 1
90 192 -1
192 90 -1
91 99 1
99 91 1
91 101 1
101 91 1
91 103 1
103 91 1
91 106 -1
106 91 -1
91 117 1
117 91 1
91 120 1
120 91 1
91 126 -1
126 91 -1
91 141 1
141 91 1
91 150 1
150 91 1
91 155 -1
155 91 -1
91 171 -1
171 91 -1
91 184 1
184 91 1
91 187 -1
187 91 -1
91 190 1
190 91 1
91 193 -1
193 91 -1
92 98 1
98 92 1
92 101 -1
101 92 -1
92 106 -1
106 92 -1
92 139 -1
139 92 -1
93 102 -1
102 93 -1
93 112 1
112 93 1
93 115 1
115 93 1
93 117 1
117 93 1
93 152 1
152 93 1
93 167 -1
167 93 -1
93 190 1
190 93 1
94 101 1
101 94 1
94 112 1
112 94 1
94 150 1
150 94 1
94 170 1
170 94 1
94 184 1
184 94 1
94 200 -1
200 94 -1
95 100 1
100 95 1
95 123 1
123 95 1
95 145 1
145 95 1
95 155 1
155 95 1
95 160 1
160 95 1
95 162 1
162 95 1
95 171 -1
171 95 -1
95 172 -1
172 95 -1
95 176 1
176 95 1
95 184 -1
184 95 -1
95 186 1
186 95 1
95 191 1
191 95 1
95 196 1
196 95 1
95 200 1
200 95 1
96 102 1
102 96 1
96 114 1
114 96 1
96 117 -1
117 96 -1
96 122 -1
122 96 -1
96 135 -1
135 96 -1
96 147 1
147 96 1
96 158 1
158 96 1
96 177 -1
177 96 -1
96 185 -1
185 96 -1
97 116 -1
116 97 -1
97 130 -1
130 97 -1
97 140 1
140 97 1
97 142 1
142 97 1
97 159 -1
159 97 -1
97 161 -1
161 97 -1
97 169 1
169 97 1
97 174 1
174 97 1
97 194 -1
194 97 -1
98 105 1
105 98 1
98 122 -1
122 98 -1
98 160 -1
160 98 -1
98 188 -1
188 98 -1
99 106 -1
106 99 -1
99 110 1
110 99 1
99 112 1
112 99 1
99 125 -1
125 99 -1
99 151 -1
151 99 -1
99 171 1
171 99 1
99 190 1
190 99 1
99 192 -1
192 99 -1
99 196 -1
196 99 -1
100 111 1
111 100 1
100 112 -1
112 100 -1
100 114 -1
114 100 -1
100 116 -1
116 100 -1
100 125 -1
125 100 -1
100 130 1
130 100 1
100 131 1
131 100 1
100 145 1
145 100 1
100 155 1
155 100 1
100 162 1
162 100 1
100 170 -1
170 100 -1
100 176 -1
176 100 -1
100 179 -1
179 100 -1
100 180 1
180 100 1
100 183 1
183 100 1
100 186 1
186 100 1
100 191 1
191 100 1
100 196 1
196 100 1
100 200 1
200 100 1
101 106 1
106 101 1
101 112 1
112 101 1
101 114 1
114 101 1
101 117 1
117 101 1
101 121 1
121 101 1
101 126 1
126 101 1
101 130 -1
130 101 -1
101 134 1
134 101 1
101 141 1
141 101 1
101 152 1
152 101 1
101 171 1
171 101 1
101 172 -1
172 101 -1
101 182 1
182 101 1
101 183 -1
183 101 -1
102 103 1
103 102 1
102 104 -1
104 102 -1
102 114 1
114 102 1
102 118 1
118 102 1
102 123 1
123 102 1
102 130 -1
130 102 -1
102 131 -1
131 102 -1
102 147 1
147 102 1
102 154 -1
154 102 -1
102 178 -1
178 102 -1
102 185 1
185 102 1
102 186 -1
186 102 -1
102 192 1
192 102 1
102 195 1
195 102 1
103 110 -1
110 103 -1
103 114 1
114 103 1
103 117 1
117 103 1
103 118 1
118 103 1
103 123 1
123 103 1
103 124 1
124 103 1
103 125 1
125 103 1
103 132 1
132 103 1
103 133 1
133 103 1
103 135 1
135 103 1
103 138 1
138 103 1
103 144 1
144 103 1
103 147 1
147 103 1
103 148 1
148 103 1
103 150 1
150 103 1
103 154 -1
154 103 -1
103 157 1
157 103 1
103 160 -1
160 103 -1
103 161 -1
161 103 -1
103 164 -1
164 103 -1
103 165 1
165 103 1
103 167 1
167 103 1
103 168 -1
168 103 -1
103 172 -1
172 103 -1
103 173 1
173 103 1
103 185 1
185 103 1
103 188 -1
188 103 -1
103 192 -1
192 103 -1
103 195 1
195 103 1
103 198 -1
198 103 -1
104 105 -1
105 104 -1
104 112 -1
112 104 -1
104 122 1
122 104 1
104 143 1
143 104 1
104 160 1
160 104 1
104 163 -1
163 104 -1
104 171 -1
171 104 -1
104 186 -1
186 104 -1
104 190 -1
190 104 -1
105 143 1
143 105 1
105 148 1
148 105 1
105 150 -1
150 105 -1
105 157 -1
157 105 -1
106 114 -1
114 106 -1
106 115 1
115 106 1
106 117 1
117 106 1
106 120 -1
120 106 -1
106 121 1
121 106 1
106 126 1
126 106 1
106 130 -1
130 106 -1
106 141 1
141 106 1
106 142 1
142 106 1
106 150 1
150 106 1
106 184 1
184 106 1
106 185 -1
185 106 -1
106 190 1
190 106 1
106 195 1
195 106 1
106 198 -1
198 106 -1
107 116 1
116 107 1
107 140 1
140 107 1
107 175 1
175 107 1
107 182 1
182 107 1
107 200 -1
200 107 -1
108 113 1
113 108 1
108 131 -1
131 108 -1
108 151 -1
151 108 -1
108 153 1
153 108 1
108 166 1
166 108 1
108 168 1
168 108 1
108 187 1
187 108 1
108 192 -1
192 108 -1
108 199 -1
199 108 -1
109 117 1
117 109 1
109 184 1
184 109 1
109 186 -1
186 109 -1
109 188 1
188 109 1
109 190 1
190 109 1
109 198 1
198 109 1
110 120 1
120 110 1
110 126 1
126 110 1
110 152 1
152 110 1
110 184 1
184 110 1
110 200 1
200 110 1
111 114 -1
114 111 -1
111 126 -1
126 111 -1
111 131 1
131 111 1
111 142 -1
142 111 -1
111 155 1
155 111 1
111 176 1
176 111 1
111 185 -1
185 111 -1
111 186 1
186 111 1
112 117 -1
117 112 -1
112 121 1
121 112 1
112 123 -1
123 112 -1
112 124 -1
124 112 -1
112 126 1
126 112 1
112 127 -1
127 112 -1
112 134 1
134 112 1
112 139 1
139 112 1
112 141 1
141 112 1
112 146 -1
146 112 -1
112 150 -1
150 112 -1
112 152 1
152 112 1
112 159 1
159 112 1
112 163 1
163 112 1
112 165 -1
165 112 -1
112 171 1
171 112 1
112 172 -1
172 112 -1
112 173 -1
173 112 -1
112 175 1
175 112 1
112 182 1
182 112 1
112 183 -1
183 112 -1
112 184 1
184 112 1
112 190 1
190 112 1
112 195 -1
195 112 -1
112 199 1
199 112 1
113 144 -1
144 113 -1
113 151 -1
151 113 -1
113 166 1
166 113 1
113 168 1
168 113 1
113 179 1
179 113 1
113 184 1
184 113 1
114 115 -1
115 114 -1
114 123 1
123 114 1
114 125 1
125 114 1
114 132 1
132 114 1
114 138 1
138 114 1
114 145 1
145 114 1
114 148 1
148 114 1
114 154 1
154 114 1
114 155 -1
155 114 -1
114 156 1
156 114 1
114 157 1
157 114 1
114 158 1
158 114 1
114 164 1
164 114 1
114 165 1
165 114 1
114 167 1
167 114 1
114 173 -1
173 114 -1
114 177 1
177 114 1
114 192 1
192 114 1
114 193 1
193 114 1
114 195 1
195 114 1
115 117 -1
117 115 -1
115 121 1
121 115 1
115 126 1
126 115 1
115 131 -1
131 115 -1
115 132 -1
132 115 -1
115 141 -1
141 115 -1
115 142 1
142 115 1
115 150 1
150 115 1
115 152 1
152 115 1
115 171 1
171 115 1
115 184 1
184 115 1
115 188 1
188 115 1
115 190 1
190 115 1
116 117 -1
117 116 -1
116 126 1
126 116 1
116 127 1
127 116 1
116 137 -1
137 116 -1
116 140 1
140 116 1
116 143 -1
143 116 -1
116 146 1
146 116 1
116 161 -1
161 116 -1
116 169 -1
169 116 -1
116 174 1
174 116 1
116 182 1
182 116 1
116 194 1
194 116 1
116 195 -1
195 116 -1
116 197 1
197 116 1
116 198 1
198 116 1
117 118 -1
118 117 -1
117 121 1
121 117 1
117 126 1
126 117 1
117 141 -1
141 117 -1
117 144 1
144 117 1
117 150 1
150 117 1
117 152 1
152 117 1
117 157 -1
157 117 -1
117 162 -1
162 117 -1
117 163 1
163 117 1
117 169 -1
169 117 -1
117 171 1
171 117 1
117 172 1
172 117 1
117 184 1
184 117 1
117 188 1
188 117 1
117 190 1
190 117 1
117 195 1
195 117 1
117 199 1
199 117 1
118 123 1
123 118 1
118 148 1
148 118 1
118 165 -1
165 118 -1
118 192 1
192 118 1
119 123 -1
123 119 -1
119 130 1
130 119 1
119 131 -1
131 119 -1
119 155 1
155 119 1
119 176 1
176 119 1
119 182 -1
182 119 -1
119 186 1
186 119 1
119 189 1
189 119 1
119 190 1
190 119 1
119 194 -1
194 119 -1
119 196 1
196 119 1
120 121 1
121 120 1
120 141 1
141 120 1
120 144 1
144 120 1
120 150 1
150 120 1
120 152 -1
152 120 -1
120 166 -1
166 120 -1
120 169 -1
169 120 -1
120 178 1
178 120 1
120 193 -1
193 120 -1
120 198 -1
198 120 -1
121 126 1
126 121 1
121 141 1
141 121 1
121 147 -1
147 121 -1
121 150 1
150 121 1
121 172 1
172 121 1
121 184 -1
184 121 -1
121 190 1
190 121 1
121 191 -1
191 121 -1
122 123 -1
123 122 -1
122 136 1
136 122 1
122 160 1
160 122 1
122 165 -1
165 122 -1
122 190 -1
190 122 -1
122 195 -1
195 122 -1
123 124 1
124 123 1
123 133 1
133 123 1
123 135 1
135 123 1
123 138 1
138 123 1
123 140 -1
140 123 -1
123 147 1
147 123 1
123 148 1
148 123 1
123 154 1
154 123 1
123 157 1
157 123 1
123 164 1
164 123 1
123 165 1
165 123 1
123 167 1
167 123 1
123 170 -1
170 123 -1
123 172 -1
172 123 -1
123 173 1
173 123 1
123 185 1
185 123 1
123 192 1
192 123 1
123 193 1
193 123 1
123 195 1
195 123 1
123 196 -1
196 123 -1
124 185 -1
185 124 -1
124 192 1
192 124 1
124 195 1
195 124 1
125 132 1
132 125 1
125 192 1
192 125 1
125 195 1
195 125 1
126 130 -1
130 126 -1
126 131 -1
131 126 -1
126 132 -1
132 126 -1
126 139 1
139 126 1
126 141 1
141 126 1
126 142 -1
142 126 -1
126 144 1
144 126 1
126 148 1
148 126 1
126 150 1
150 126 1
126 152 1
152 126 1
126 154 -1
154 126 -1
126 163 1
163 126 1
126 166 -1
166 126 -1
126 169 -1
169 126 -1
126 170 1
170 126 1
126 171 1
171 126 1
126 175 -1
175 126 -1
126 176 1
176 126 1
126 184 1
184 126 1
126 188 1
188 126 1
126 190 1
190 126 1
127 128 1
128 127 1
127 140 1
140 127 1
127 158 -1
158 127 -1
127 161 1
161 127 1
127 169 1
169 127 1
127 177 -1
177 127 -1
127 182 1
182 127 1
127 198 1
198 127 1
128 149 1
149 128 1
128 151 -1
151 128 -1
128 181 1
181 128 1
128 186 1
186 128 1
128 187 1
187 128 1
128 197 -1
197 128 -1
129 130 1
130 129 1
129 131 -1
131 129 -1
129 150 -1
150 129 -1
129 175 -1
175 129 -1
129 176 1
176 129 1
129 184 -1
184 129 -1
129 196 1
196 129 1
130 131 1
131 130 1
130 145 1
145 130 1
130 155 1
155 130 1
130 162 -1
162 130 -1
130 163 -1
163 130 -1
130 165 -1
165 130 -1
130 169 1
169 130 1
130 176 -1
176 130 -1
130 180 1
180 130 1
130 183 1
183 130 1
130 186 -1
186 130 -1
130 191 -1
191 130 -1
130 196 1
196 130 1
130 200 1
200 130 1
131 139 1
139 131 1
131 162 1
162 131 1
131 171 -1
171 131 -1
131 176 1
176 131 1
131 177 -1
177 131 -1
131 184 -1
184 131 -1
131 186 1
186 131 1
131 191 1
191 131 1
131 196 -1
196 131 -1
131 200 1
200 131 1
132 150 -1
150 132 -1
132 154 1
154 132 1
132 165 1
165 132 1
132 167 1
167 132 1
132 173 1
173 132 1
132 185 -1
185 132 -1
133 160 -1
160 133 -1
133 165 1
165 133 1
133 167 1
167 133 1
133 189 -1
189 133 -1
133 192 1
192 133 1
133 195 -1
195 133 -1
134 137 1
137 134 1
134 142 -1
142 134 -1
134 143 -1
143 134 -1
134 150 1
150 134 1
134 170 1
170 134 1
134 171 1
171 134 1
134 182 -1
182 134 -1
134 184 1
184 134 1
134 185 -1
185 134 -1
134 186 -1
186 134 -1
134 188 1
188 134 1
134 190 1
190 134 1
134 198 1
198 134 1
134 199 -1
199 134 -1
134 200 1
200 134 1
135 138 1
138 135 1
135 155 -1
155 135 -1
135 192 1
192 135 1
135 195 1
195 135 1
136 160 1
160 136 1
136 186 1
186 136 1
137 142 1
142 137 1
137 150 1
150 137 1
137 163 1
163 137 1
137 165 -1
165 137 -1
137 171 -1
171 137 -1
137 189 1
189 137 1
137 190 -1
190 137 -1
138 141 -1
141 138 -1
138 142 -1
142 138 -1
138 147 -1
147 138 -1
138 158 1
158 138 1
138 163 1
163 138 1
138 167 1
167 138 1
138 176 -1
176 138 -1
138 177 -1
177 138 -1
138 185 -1
185 138 -1
138 192 -1
192 138 -1
138 193 1
193 138 1
138 195 1
195 138 1
139 141 1
141 139 1
139 188 1
188 139 1
139 195 -1
195 139 -1
140 147 -1
147 140 -1
140 153 -1
153 140 -1
140 161 1
161 140 1
140 182 1
182 140 1
140 183 -1
183 140 -1
140 184 -1
184 140 -1
140 197 1
197 140 1
140 198 -1
198 140 -1
141 142 1
142 141 1
141 176 -1
176 141 -1
141 184 1
184 141 1
141 186 -1
186 141 -1
141 188 1
188 141 1
141 198 -1
198 141 -1
142 144 1
144 142 1
142 181 -1
181 142 -1
142 185 -1
185 142 -1
142 190 1
190 142 1
143 152 -1
152 143 -1
144 150 1
150 144 1
144 184 1
184 144 1
144 189 -1
189 144 -1
145 162 1
162 145 1
145 186 1
186 145 1
146 174 1
174 146 1
146 182 1
182 146 1
146 190 1
190 146 1
146 194 1
194 146 1
146 198 1
198 146 1
146 199 1
199 146 1
147 148 1
148 147 1
147 167 -1
167 147 -1
147 180 -1
180 147 -1
147 185 -1
185 147 -1
147 192 1
192 147 1
147 195 1
195 147 1
148 165 -1
165 148 -1
148 167 1
167 148 1
148 171 -1
171 148 -1
148 176 1
176 148 1
148 185 1
185 148 1
148 192 -1
192 148 -1
148 193 1
193 148 1
148 195 -1
195 148 -1
149 166 1
166 149 1
149 167 1
167 149 1
149 168 1
168 149 1
149 181 1
181 149 1
149 187 1
187 149 1
150 163 1
163 150 1
150 170 1
170 150 1
150 171 1
171 150 1
150 176 -1
176 150 -1
150 180 -1
180 150 -1
150 184 1
184 150 1
150 190 1
190 150 1
150 200 -1
200 150 -1
151 162 -1
162 151 -1
151 181 1
181 151 1
151 187 1
187 151 1
152 160 -1
160 152 -1
152 164 -1
164 152 -1
152 190 1
190 152 1
153 179 1
179 153 1
153 187 1
187 153 1
153 194 -1
194 153 -1
154 165 1
165 154 1
154 192 1
192 154 1
155 158 1
158 155 1
155 162 1
162 155 1
155 176 1
176 155 1
155 183 1
183 155 1
155 186 1
186 155 1
156 164 1
164 156 1
156 192 1
192 156 1
157 165 1
165 157 1
157 167 1
167 157 1
157 170 1
170 157 1
157 185 1
185 157 1
157 192 1
192 157 1
158 165 1
165 158 1
158 192 1
192 158 1
158 193 -1
193 158 -1
158 195 1
195 158 1
159 171 1
171 159 1
159 184 1
184 159 1
159 190 1
190 159 1
161 167 -1
167 161 -1
161 168 -1
168 161 -1
161 169 1
169 161 1
161 174 1
174 161 1
161 182 1
182 161 1
161 194 1
194 161 1
161 197 1
197 161 1
161 198 1
198 161 1
162 176 1
176 162 1
162 183 1
183 162 1
162 186 -1
186 162 -1
162 191 1
191 162 1
162 192 -1
192 162 -1
163 167 1
167 163 1
163 171 1
171 163 1
163 190 1
190 163 1
163 191 -1
191 163 -1
164 167 1
167 164 1
164 185 1
185 164 1
164 195 1
195 164 1
165 167 1
167 165 1
165 173 -1
173 165 -1
165 185 1
185 165 1
165 192 1
192 165 1
165 195 1
195 165 1
166 168 -1
168 166 -1
166 187 1
187 166 1
167 184 1
184 167 1
167 192 1
192 167 1
168 179 1
179 168 1
169 174 1
174 169 1
169 175 1
175 169 1
169 176 -1
176 169 -1
169 182 1
182 169 1
169 187 -1
187 169 -1
169 192 -1
192 169 -1
169 194 1
194 169 1
169 197 1
197 169 1
169 198 1
198 169 1
170 184 -1
184 170 -1
170 188 1
188 170 1
171 172 -1
172 171 -1
171 178 -1
178 171 -1
171 184 1
184 171 1
171 185 -1
185 171 -1
171 188 1
188 171 1
171 190 1
190 171 1
171 192 -1
192 171 -1
171 197 -1
197 171 -1
171 199 -1
199 171 -1
172 184 -1
184 172 -1
172 189 1
189 172 1
173 192 1
192 173 1
173 195 1
195 173 1
174 182 1
182 174 1
174 190 -1
190 174 -1
174 194 1
194 174 1
174 198 1
198 174 1
175 182 1
182 175 1
175 192 -1
192 175 -1
175 198 1
198 175 1
176 186 1
186 176 1
176 191 1
191 176 1
176 200 1
200 176 1
177 185 1
185 177 1
177 192 1
192 177 1
178 200 -1
200 178 -1
179 181 1
181 179 1
179 187 1
187 179 1
179 188 -1
188 179 -1
179 194 -1
194 179 -1
180 186 1
186 180 1
180 191 1
191 180 1
181 187 1
187 181 1
182 187 1
187 182 1
182 198 1
198 182 1
183 186 1
186 183 1
183 200 1
200 183 1
184 188 -1
188 184 -1
184 192 -1
192 184 -1
184 199 1
199 184 1
185 192 1
192 185 1
185 195 -1
195 185 -1
185 198 1
198 185 1
186 191 1
191 186 1
186 196 1
196 186 1
186 200 1
200 186 1
189 199 1
199 189 1
190 199 1
199 190 1
191 200 1
200 191 1
192 193 1
193 192 1
192 195 1
195 192 1
194 197 1
197 194 1
194 198 1
198 194 1
196 200 1
200 196 1
197 198 1
198 197 1
