1 13 1
13 1 1
1 26 -1
26 1 -1
1 28 -1
28 1 -1
1 35 1
35 1 1
1 77 1
77 1 1
1 81 1
81 1 1
1 143 -1
143 1 -1
1 146 1
146 1 1
1 151 -1
151 1 -1
1 161 1
161 1 1
1 168 1
168 1 1
1 171 1
171 1 1
1 173 -1
173 1 -1
1 174 -1
174 1 -1
1 194 1
194 1 1
2 15 -1
15 2 -1
2 31 1
31 2 1
2 48 1
48 2 1
2 78 1
78 2 1
2 79 1
79 2 1
2 98 1
98 2 1
2 106 1
106 2 1
2 112 1
112 2 1
2 132 -1
132 2 -1
2 140 -1
140 2 -1
2 143 1
143 2 1
2 144 1
144 2 1
2 153 1
153 2 1
2 155 -1
155 2 -1
2 167 1
167 2 1
2 198 1
198 2 1
3 12 -1
12 3 -1
3 14 1
14 3 1
3 44 1
44 3 1
3 45 1
45 3 1
3 53 1
53 3 1
3 66 1
66 3 1
3 85 1
85 3 1
3 92 -1
92 3 -1
3 136 1
136 3 1
3 141 -1
141 3 -1
3 161 -1
161 3 -1
3 165 -1
165 3 -1
3 183 1
183 3 1
3 184 1
184 3 1
3 200 1
200 3 1
4 45 1
45 4 1
4 53 1
53 4 1
4 54 -1
54 4 -1
4 64 1
64 4 1
4 85 1
85 4 1
4 86 1
86 4 1
4 112 -1
112 4 -1
4 149 1
149 4 1
4 184 1
184 4 1
4 200 -1
200 4 -1
5 6 1
6 5 1
5 18 1
18 5 1
5 23 1
23 5 1
5 25 1
25 5 1
5 32 -1
32 5 -1
5 38 -1
38 5 -1
5 44 1
44 5 1
5 53 1
53 5 1
5 58 1
58 5 1
5 59 1
59 5 1
5 73 1
73 5 1
5 78 1
78 5 1
5 80 1
80 5 1
5 83 -1
83 5 -1
5 85 -1
85 5 -1
5 86 1
86 5 1
5 89 -1
89 5 -1
5 91 -1
91 5 -1
5 92 -1
92 5 -1
5 100 1
100 5 1
5 103 1
103 5 1
5 104 1
104 5 1
5 126 1
126 5 1
5 127 1
127 5 1
5 138 -1
138 5 -1
5 139 -1
139 5 -1
5 157 1
157 5 1
5 183 1
183 5 1
5 184 1
184 5 1
5 197 1
197 5 1
6 17 -1
17 6 -1
6 45 1
45 6 1
6 53 1
53 6 1
6 73 1
73 6 1
6 93 1
93 6 1
6 151 -1
151 6 -1
6 169 -1
169 6 -1
6 188 -1
188 6 -1
6 197 1
197 6 1
7 18 1
18 7 1
7 23 1
23 7 1
7 27 -1
27 7 -1
7 47 -1
47 7 -1
7 53 1
53 7 1
7 70 -1
70 7 -1
7 73 -1
73 7 -1
7 98 -1
98 7 -1
7 104 1
104 7 1
7 136 1
136 7 1
7 157 1
157 7 1
7 184 -1
184 7 -1
7 189 1
189 7 1
7 200 -1
200 7 -1
8 12 1
12 8 1
8 18 -1
18 8 -1
8 36 -1
36 8 -1
8 61 1
61 8 1
8 69 1
69 8 1
8 75 1
75 8 1
8 78 1
78 8 1
8 97 1
97 8 1
8 113 -1
113 8 -1
8 143 -1
143 8 -1
8 168 -1
168 8 -1
8 180 1
180 8 1
9 12 1
12 9 1
9 16 -1
16 9 -1
9 26 1
26 9 1
9 43 1
43 9 1
9 47 1
47 9 1
9 55 1
55 9 1
9 62 1
62 9 1
9 69 1
69 9 1
9 70 -1
70 9 -1
9 78 1
78 9 1
9 79 1
79 9 1
9 88 1
88 9 1
9 89 1
89 9 1
9 97 1
97 9 1
9 99 -1
99 9 -1
9 106 1
106 9 1
9 109 -1
109 9 -1
9 112 1
112 9 1
9 115 1
115 9 1
9 120 -1
120 9 -1
9 125 1
125 9 1
9 133 -1
133 9 -1
9 143 1
143 9 1
9 146 -1
146 9 -1
9 158 1
158 9 1
9 164 -1
164 9 -1
9 178 1
178 9 1
9 180 1
180 9 1
10 40 1
40 10 1
10 66 1
66 10 1
10 73 1
73 10 1
10 74 -1
74 10 -1
10 92 1
92 10 1
10 96 1
96 10 1
10 124 1
124 10 1
10 129 1
129 10 1
10 135 -1
135 10 -1
10 140 1
140 10 1
10 150 1
150 10 1
10 156 1
156 10 1
10 193 1
193 10 1
11 15 -1
15 11 -1
11 25 1
25 11 1
11 30 1
30 11 1
11 32 1
32 11 1
11 68 1
68 11 1
11 77 -1
77 11 -1
11 82 1
82 11 1
11 84 1
84 11 1
11 85 1
85 11 1
11 115 -1
115 11 -1
11 116 1
116 11 1
11 126 1
126 11 1
11 147 -1
147 11 -1
11 149 1
149 11 1
11 159 1
159 11 1
11 183 -1
183 11 -1
11 200 -1
200 11 -1
12 21 1
21 12 1
12 26 1
26 12 1
12 31 1
31 12 1
12 32 1
32 12 1
12 43 1
43 12 1
12 44 -1
44 12 -1
12 48 -1
48 12 -1
12 52 1
52 12 1
12 53 -1
53 12 -1
12 56 -1
56 12 -1
12 60 -1
60 12 -1
12 61 1
61 12 1
12 70 -1
70 12 -1
12 74 1
74 12 1
12 75 1
75 12 1
12 78 1
78 12 1
12 87 1
87 12 1
12 89 1
89 12 1
12 98 -1
98 12 -1
12 101 1
101 12 1
12 106 1
106 12 1
12 109 -1
109 12 -1
12 111 1
111 12 1
12 112 -1
112 12 -1
12 115 -1
115 12 -1
12 121 1
121 12 1
12 124 1
124 12 1
12 125 1
125 12 1
12 127 -1
127 12 -1
12 134 -1
134 12 -1
12 140 1
140 12 1
12 142 -1
142 12 -1
12 143 1
143 12 1
12 144 1
144 12 1
12 145 1
145 12 1
12 154 1
154 12 1
12 166 -1
166 12 -1
12 169 1
169 12 1
12 180 1
180 12 1
12 185 -1
185 12 -1
12 186 1
186 12 1
12 187 -1
187 12 -1
12 198 -1
198 12 -1
13 35 1
35 13 1
13 42 -1
42 13 -1
13 45 -1
45 13 -1
13 47 -1
47 13 -1
13 104 -1
104 13 -1
13 146 1
146 13 1
13 161 1
161 13 1
13 168 1
168 13 1
13 173 1
173 13 1
14 19 -1
19 14 -1
14 32 1
32 14 1
14 45 1
45 14 1
14 53 1
53 14 1
14 65 -1
65 14 -1
14 87 -1
87 14 -1
14 93 1
93 14 1
14 104 1
104 14 1
14 129 -1
129 14 -1
14 131 -1
131 14 -1
14 136 1
136 14 1
14 149 1
149 14 1
14 183 1
183 14 1
14 184 1
184 14 1
14 188 1
188 14 1
14 195 1
195 14 1
14 200 1
200 14 1
15 16 1
16 15 1
15 34 1
34 15 1
15 37 1
37 15 1
15 47 1
47 15 1
15 49 -1
49 15 -1
15 51 1
51 15 1
15 81 1
81 15 1
15 84 -1
84 15 -1
15 97 -1
97 15 -1
15 117 1
117 15 1
15 132 1
132 15 1
15 147 1
147 15 1
15 153 -1
153 15 -1
15 165 1
165 15 1
16 19 1
19 16 1
16 25 1
25 16 1
16 34 1
34 16 1
16 37 1
37 16 1
16 40 -1
40 16 -1
16 47 1
47 16 1
16 49 -1
49 16 -1
16 51 1
51 16 1
16 53 -1
53 16 -1
16 60 1
60 16 1
16 65 1
65 16 1
16 73 1
73 16 1
16 76 1
76 16 1
16 77 -1
77 16 -1
16 78 1
78 16 1
16 81 1
81 16 1
16 90 -1
90 16 -1
16 93 -1
93 16 -1
16 106 -1
106 16 -1
16 109 1
109 16 1
16 113 1
113 16 1
16 117 1
117 16 1
16 118 1
118 16 1
16 119 1
119 16 1
16 122 -1
122 16 -1
16 123 -1
123 16 -1
16 128 1
128 16 1
16 132 -1
132 16 -1
16 141 -1
141 16 -1
16 147 1
147 16 1
16 153 1
153 16 1
16 158 -1
158 16 -1
16 165 1
165 16 1
16 169 -1
169 16 -1
16 172 1
172 16 1
16 175 1
175 16 1
16 177 -1
177 16 -1
16 181 1
181 16 1
16 185 -1
185 16 -1
16 186 1
186 16 1
16 192 1
192 16 1
16 196 1
196 16 1
17 55 1
55 17 1
17 80 -1
80 17 -1
17 91 1
91 17 1
17 92 1
92 17 1
17 115 -1
115 17 -1
17 129 1
129 17 1
17 138 1
138 17 1
17 140 -1
140 17 -1
17 162 1
162 17 1
17 179 1
179 17 1
17 184 -1
184 17 -1
18 31 1
31 18 1
18 45 1
45 18 1
18 53 1
53 18 1
18 59 -1
59 18 -1
18 73 1
73 18 1
18 86 1
86 18 1
18 88 -1
88 18 -1
18 97 -1
97 18 -1
18 100 1
100 18 1
18 103 1
103 18 1
18 117 -1
117 18 -1
18 133 -1
133 18 -1
18 136 1
136 18 1
18 149 1
149 18 1
18 184 1
184 18 1
18 197 -1
197 18 -1
19 25 1
25 19 1
19 34 1
34 19 1
19 47 1
47 19 1
19 51 -1
51 19 -1
19 71 1
71 19 1
19 76 1
76 19 1
19 102 1
102 19 1
19 109 1
109 19 1
19 117 1
117 19 1
19 147 1
147 19 1
19 167 -1
167 19 -1
19 172 1
172 19 1
19 186 1
186 19 1
20 33 1
33 20 1
20 51 -1
51 20 -1
20 54 1
54 20 1
20 57 1
57 20 1
20 64 1
64 20 1
20 70 -1
70 20 -1
20 72 1
72 20 1
20 85 -1
85 20 -1
20 92 -1
92 20 -1
20 110 -1
110 20 -1
20 120 1
120 20 1
20 122 1
122 20 1
20 131 1
131 20 1
20 134 -1
134 20 -1
20 136 -1
136 20 -1
20 139 1
139 20 1
20 142 1
142 20 1
20 144 1
144 20 1
20 151 1
151 20 1
20 155 1
155 20 1
20 166 1
166 20 1
20 176 1
176 20 1
20 177 -1
177 20 -1
20 190 -1
190 20 -1
20 197 1
197 20 1
20 199 1
199 20 1
21 31 1
31 21 1
21 45 -1
45 21 -1
21 49 -1
49 21 -1
21 52 1
52 21 1
21 53 1
53 21 1
21 61 1
61 21 1
21 62 1
62 21 1
21 75 1
75 21 1
21 78 1
78 21 1
21 79 1
79 21 1
21 86 -1
86 21 -1
21 88 1
88 21 1
21 97 1
97 21 1
21 98 -1
98 21 -1
21 99 1
99 21 1
21 112 1
112 21 1
21 115 1
115 21 1
21 116 -1
116 21 -1
21 132 -1
132 21 -1
21 143 -1
143 21 -1
21 154 1
154 21 1
21 158 1
158 21 1
21 169 1
169 21 1
21 176 -1
176 21 -1
21 178 1
178 21 1
21 180 1
180 21 1
22 25 -1
25 22 -1
22 27 1
27 22 1
22 29 1
29 22 1
22 45 1
45 22 1
22 55 1
55 22 1
22 58 -1
58 22 -1
22 64 -1
64 22 -1
22 66 1
66 22 1
22 71 1
71 22 1
22 73 -1
73 22 -1
22 82 -1
82 22 -1
22 83 1
83 22 1
22 91 1
91 22 1
22 92 1
92 22 1
22 96 1
96 22 1
22 100 -1
100 22 -1
22 102 -1
102 22 -1
22 105 1
105 22 1
22 137 -1
137 22 -1
22 138 1
138 22 1
22 140 1
140 22 1
22 150 1
150 22 1
22 156 1
156 22 1
22 162 1
162 22 1
22 165 -1
165 22 -1
22 172 -1
172 22 -1
22 179 1
179 22 1
22 191 -1
191 22 -1
22 193 1
193 22 1
23 44 -1
44 23 -1
23 45 1
45 23 1
23 46 -1
46 23 -1
23 53 1
53 23 1
23 59 1
59 23 1
23 73 -1
73 23 -1
23 85 1
85 23 1
23 101 -1
101 23 -1
23 103 1
103 23 1
23 104 1
104 23 1
23 106 -1
106 23 -1
23 112 1
112 23 1
23 126 1
126 23 1
23 136 1
136 23 1
23 143 -1
143 23 -1
23 149 1
149 23 1
23 157 1
157 23 1
23 158 -1
158 23 -1
23 184 1
184 23 1
23 191 -1
191 23 -1
23 197 1
197 23 1
24 28 -1
28 24 -1
24 42 1
42 24 1
24 77 1
77 24 1
24 143 -1
143 24 -1
24 146 -1
146 24 -1
24 153 -1
153 24 -1
24 168 1
168 24 1
24 171 1
171 24 1
24 173 -1
173 24 -1
24 174 1
174 24 1
24 182 -1
182 24 -1
25 34 1
34 25 1
25 36 -1
36 25 -1
25 37 1
37 25 1
25 47 1
47 25 1
25 49 1
49 25 1
25 51 1
51 25 1
25 54 -1
54 25 -1
25 60 1
60 25 1
25 65 -1
65 25 -1
25 76 1
76 25 1
25 78 -1
78 25 -1
25 81 -1
81 25 -1
25 90 1
90 25 1
25 109 1
109 25 1
25 113 1
113 25 1
25 117 1
117 25 1
25 118 1
118 25 1
25 119 1
119 25 1
25 120 1
120 25 1
25 128 -1
128 25 -1
25 132 1
132 25 1
25 139 -1
139 25 -1
25 141 1
141 25 1
25 147 1
147 25 1
25 153 1
153 25 1
25 158 -1
158 25 -1
25 165 1
165 25 1
25 169 -1
169 25 -1
25 172 1
172 25 1
25 175 -1
175 25 -1
25 181 1
181 25 1
25 184 -1
184 25 -1
25 186 1
186 25 1
25 196 -1
196 25 -1
26 39 -1
39 26 -1
26 43 -1
43 26 -1
26 47 -1
47 26 -1
26 49 -1
49 26 -1
26 61 1
61 26 1
26 62 1
62 26 1
26 67 1
67 26 1
26 70 1
70 26 1
26 73 -1
73 26 -1
26 74 1
74 26 1
26 75 1
75 26 1
26 76 -1
76 26 -1
26 78 -1
78 26 -1
26 79 1
79 26 1
26 81 -1
81 26 -1
26 83 -1
83 26 -1
26 87 1
87 26 1
26 94 1
94 26 1
26 95 1
95 26 1
26 97 1
97 26 1
26 106 1
106 26 1
26 108 -1
108 26 -1
26 111 1
111 26 1
26 112 -1
112 26 -1
26 115 1
115 26 1
26 135 1
135 26 1
26 139 -1
139 26 -1
26 143 1
143 26 1
26 144 1
144 26 1
26 147 -1
147 26 -1
26 152 1
152 26 1
26 157 -1
157 26 -1
26 167 1
167 26 1
26 169 1
169 26 1
26 178 1
178 26 1
26 183 -1
183 26 -1
26 198 1
198 26 1
27 29 1
29 27 1
27 53 1
53 27 1
27 55 1
55 27 1
27 71 -1
71 27 -1
27 83 -1
83 27 -1
27 91 1
91 27 1
27 92 1
92 27 1
27 115 -1
115 27 -1
27 129 -1
129 27 -1
27 133 1
133 27 1
27 140 1
140 27 1
27 184 -1
184 27 -1
28 33 1
33 28 1
28 64 1
64 28 1
28 88 -1
88 28 -1
28 122 1
122 28 1
28 139 1
139 28 1
28 151 1
151 28 1
28 177 1
177 28 1
28 199 1
199 28 1
29 40 1
40 29 1
29 65 -1
65 29 -1
29 96 -1
96 29 -1
29 122 -1
122 29 -1
29 129 1
129 29 1
29 134 1
134 29 1
29 140 -1
140 29 -1
29 147 -1
147 29 -1
29 179 -1
179 29 -1
29 181 -1
181 29 -1
30 45 1
45 30 1
30 51 1
51 30 1
30 53 1
53 30 1
30 73 1
73 30 1
30 78 -1
78 30 -1
30 92 -1
92 30 -1
30 123 1
123 30 1
30 149 1
149 30 1
30 157 1
157 30 1
30 186 -1
186 30 -1
30 188 -1
188 30 -1
30 200 1
200 30 1
31 48 1
48 31 1
31 70 -1
70 31 -1
31 86 -1
86 31 -1
31 97 1
97 31 1
31 115 1
115 31 1
31 122 -1
122 31 -1
31 154 1
154 31 1
31 167 1
167 31 1
31 168 1
168 31 1
32 34 -1
34 32 -1
32 45 1
45 32 1
32 53 1
53 32 1
32 73 1
73 32 1
32 86 1
86 32 1
32 100 -1
100 32 -1
32 149 1
149 32 1
32 165 -1
165 32 -1
32 174 -1
174 32 -1
32 187 -1
187 32 -1
32 197 1
197 32 1
33 51 -1
51 33 -1
33 54 -1
54 33 -1
33 64 1
64 33 1
33 72 1
72 33 1
33 73 -1
73 33 -1
33 110 1
110 33 1
33 122 1
122 33 1
33 139 -1
139 33 -1
33 142 1
142 33 1
33 145 -1
145 33 -1
33 150 -1
150 33 -1
33 151 1
151 33 1
33 166 1
166 33 1
33 177 1
177 33 1
33 192 -1
192 33 -1
33 199 1
199 33 1
34 35 -1
35 34 -1
34 47 1
47 34 1
34 51 1
51 34 1
34 60 1
60 34 1
34 90 1
90 34 1
34 113 -1
113 34 -1
34 117 1
117 34 1
34 143 -1
143 34 -1
34 144 -1
144 34 -1
34 147 1
147 34 1
34 153 1
153 34 1
34 165 1
165 34 1
34 172 -1
172 34 -1
34 181 -1
181 34 -1
34 183 -1
183 34 -1
34 186 1
186 34 1
34 188 -1
188 34 -1
34 190 -1
190 34 -1
34 192 1
192 34 1
34 196 1
196 34 1
35 39 1
39 35 1
35 63 1
63 35 1
35 77 -1
77 35 -1
35 99 -1
99 35 -1
35 115 -1
115 35 -1
35 146 1
146 35 1
35 174 1
174 35 1
35 182 1
182 35 1
36 45 1
45 36 1
36 46 -1
46 36 -1
36 73 -1
73 36 -1
36 84 1
84 36 1
36 149 1
149 36 1
36 157 1
157 36 1
36 183 1
183 36 1
36 184 1
184 36 1
37 60 1
60 37 1
37 61 -1
61 37 -1
37 75 -1
75 37 -1
37 76 1
76 37 1
37 81 1
81 37 1
37 86 -1
86 37 -1
37 106 -1
106 37 -1
37 117 1
117 37 1
37 147 1
147 37 1
37 148 -1
148 37 -1
37 153 1
153 37 1
37 165 -1
165 37 -1
37 168 -1
168 37 -1
37 172 1
172 37 1
37 186 1
186 37 1
37 196 1
196 37 1
38 61 1
61 38 1
38 78 1
78 38 1
38 87 1
87 38 1
38 97 1
97 38 1
38 106 1
106 38 1
38 112 1
112 38 1
38 121 1
121 38 1
38 143 1
143 38 1
38 149 -1
149 38 -1
38 199 -1
199 38 -1
39 42 1
42 39 1
39 45 -1
45 39 -1
39 63 -1
63 39 -1
39 77 1
77 39 1
39 95 -1
95 39 -1
39 107 1
107 39 1
39 146 1
146 39 1
39 152 1
152 39 1
39 161 1
161 39 1
39 163 1
163 39 1
39 168 -1
168 39 -1
39 171 1
171 39 1
39 173 1
173 39 1
39 174 1
174 39 1
39 184 -1
184 39 -1
39 189 1
189 39 1
39 194 -1
194 39 -1
40 55 1
55 40 1
40 57 -1
57 40 -1
40 66 1
66 40 1
40 117 -1
117 40 -1
40 129 1
129 40 1
40 140 -1
140 40 -1
40 162 1
162 40 1
40 200 -1
200 40 -1
41 45 -1
45 41 -1
41 56 1
56 41 1
41 73 1
73 41 1
41 78 -1
78 41 -1
41 106 -1
106 41 -1
41 126 1
126 41 1
41 136 1
136 41 1
41 147 1
147 41 1
41 174 -1
174 41 -1
41 184 1
184 41 1
41 188 1
188 41 1
41 200 1
200 41 1
42 65 -1
65 42 -1
42 73 1
73 42 1
42 77 1
77 42 1
42 79 -1
79 42 -1
42 108 1
108 42 1
42 146 -1
146 42 -1
42 161 1
161 42 1
42 168 1
168 42 1
42 173 1
173 42 1
42 194 -1
194 42 -1
43 51 -1
51 43 -1
43 61 1
61 43 1
43 78 1
78 43 1
43 115 -1
115 43 -1
43 143 1
143 43 1
43 144 1
144 43 1
43 164 1
164 43 1
43 193 -1
193 43 -1
43 199 -1
199 43 -1
44 45 1
45 44 1
44 47 1
47 44 1
44 53 1
53 44 1
44 62 -1
62 44 -1
44 68 -1
68 44 -1
44 72 1
72 44 1
44 84 1
84 44 1
44 85 1
85 44 1
44 92 -1
92 44 -1
44 97 1
97 44 1
44 99 1
99 44 1
44 117 -1
117 44 -1
44 126 -1
126 44 -1
44 130 1
130 44 1
44 149 1
149 44 1
44 157 1
157 44 1
44 183 -1
183 44 -1
44 184 1
184 44 1
44 188 1
188 44 1
44 197 1
197 44 1
45 58 1
58 45 1
45 59 1
59 45 1
45 70 -1
70 45 -1
45 73 1
73 45 1
45 82 -1
82 45 -1
45 84 -1
84 45 -1
45 85 1
85 45 1
45 86 1
86 45 1
45 94 -1
94 45 -1
45 96 -1
96 45 -1
45 99 1
99 45 1
45 100 -1
100 45 -1
45 103 1
103 45 1
45 104 -1
104 45 -1
45 108 -1
108 45 -1
45 122 -1
122 45 -1
45 124 -1
124 45 -1
45 126 1
126 45 1
45 130 1
130 45 1
45 136 1
136 45 1
45 143 -1
143 45 -1
45 159 1
159 45 1
45 164 1
164 45 1
45 167 -1
167 45 -1
45 179 -1
179 45 -1
45 183 1
183 45 1
45 184 -1
184 45 -1
45 185 1
185 45 1
45 188 -1
188 45 -1
45 200 1
200 45 1
46 77 1
77 46 1
46 97 -1
97 46 -1
46 107 -1
107 46 -1
46 146 1
146 46 1
46 163 1
163 46 1
46 171 1
171 46 1
46 174 1
174 46 1
46 182 1
182 46 1
47 49 1
49 47 1
47 51 -1
51 47 -1
47 60 -1
60 47 -1
47 65 1
65 47 1
47 76 1
76 47 1
47 81 1
81 47 1
47 89 -1
89 47 -1
47 92 -1
92 47 -1
47 108 -1
108 47 -1
47 109 1
109 47 1
47 113 1
113 47 1
47 117 1
117 47 1
47 147 1
147 47 1
47 157 -1
157 47 -1
47 165 1
165 47 1
47 175 1
175 47 1
47 181 1
181 47 1
47 186 1
186 47 1
47 196 1
196 47 1
48 64 -1
64 48 -1
48 70 1
70 48 1
48 78 1
78 48 1
48 83 1
83 48 1
48 87 1
87 48 1
48 117 -1
117 48 -1
48 143 1
143 48 1
48 165 1
165 48 1
48 167 1
167 48 1
49 51 1
51 49 1
49 76 1
76 49 1
49 81 1
81 49 1
49 117 1
117 49 1
49 142 -1
142 49 -1
49 153 1
153 49 1
49 165 1
165 49 1
49 172 1
172 49 1
49 174 -1
174 49 -1
49 177 -1
177 49 -1
49 186 1
186 49 1
49 196 1
196 49 1
50 52 -1
52 50 -1
50 59 1
59 50 1
50 61 1
61 50 1
50 64 1
64 50 1
50 89 1
89 50 1
50 115 1
115 50 1
50 140 -1
140 50 -1
50 143 1
143 50 1
50 145 1
145 50 1
50 166 -1
166 50 -1
50 167 1
167 50 1
50 180 -1
180 50 -1
50 198 1
198 50 1
51 60 1
60 51 1
51 65 1
65 51 1
51 81 1
81 51 1
51 90 1
90 51 1
51 96 1
96 51 1
51 109 1
109 51 1
51 117 1
117 51 1
51 119 -1
119 51 -1
51 125 -1
125 51 -1
51 128 1
128 51 1
51 130 -1
130 51 -1
51 132 1
132 51 1
51 147 1
147 51 1
51 153 1
153 51 1
51 157 -1
157 51 -1
51 169 1
169 51 1
51 172 1
172 51 1
51 175 1
175 51 1
51 181 1
181 51 1
51 183 -1
183 51 -1
51 185 1
185 51 1
52 59 -1
59 52 -1
52 70 1
70 52 1
52 78 1
78 52 1
52 96 -1
96 52 -1
52 115 -1
115 52 -1
52 138 -1
138 52 -1
52 143 1
143 52 1
52 180 1
180 52 1
52 198 1
198 52 1
53 56 1
56 53 1
53 58 1
58 53 1
53 68 1
68 53 1
53 73 1
73 53 1
53 78 -1
78 53 -1
53 81 1
81 53 1
53 82 1
82 53 1
53 84 1
84 53 1
53 90 -1
90 53 -1
53 95 1
95 53 1
53 99 1
99 53 1
53 100 1
100 53 1
53 103 1
103 53 1
53 110 -1
110 53 -1
53 112 1
112 53 1
53 115 -1
115 53 -1
53 116 1
116 53 1
53 126 1
126 53 1
53 127 1
127 53 1
53 136 1
136 53 1
53 147 -1
147 53 -1
53 159 1
159 53 1
53 160 1
160 53 1
53 164 1
164 53 1
53 171 -1
171 53 -1
53 172 -1
172 53 -1
53 183 1
183 53 1
53 184 1
184 53 1
53 188 1
188 53 1
53 194 1
194 53 1
53 195 1
195 53 1
53 197 1
197 53 1
53 200 -1
200 53 -1
54 57 1
57 54 1
54 64 1
64 54 1
54 65 1
65 54 1
54 72 1
72 54 1
54 110 1
110 54 1
54 120 1
120 54 1
54 122 -1
122 54 -1
54 139 1
139 54 1
54 142 1
142 54 1
54 146 -1
146 54 -1
54 162 1
162 54 1
54 171 -1
171 54 -1
54 176 1
176 54 1
54 177 1
177 54 1
55 56 -1
56 55 -1
55 70 -1
70 55 -1
55 83 1
83 55 1
55 84 -1
84 55 -1
55 91 1
91 55 1
55 92 1
92 55 1
55 129 1
129 55 1
55 136 -1
136 55 -1
55 138 1
138 55 1
55 140 -1
140 55 -1
55 148 1
148 55 1
55 150 1
150 55 1
55 162 1
162 55 1
55 170 1
170 55 1
55 173 1
173 55 1
55 179 1
179 55 1
55 184 -1
184 55 -1
56 73 1
73 56 1
56 75 -1
75 56 -1
56 100 1
100 56 1
56 164 1
164 56 1
56 183 1
183 56 1
56 184 1
184 56 1
57 64 1
64 57 1
57 70 1
70 57 1
57 72 1
72 57 1
57 120 -1
120 57 -1
57 139 -1
139 57 -1
57 166 1
166 57 1
57 196 -1
196 57 -1
58 68 1
68 58 1
58 70 -1
70 58 -1
58 73 1
73 58 1
58 85 1
85 58 1
58 89 -1
89 58 -1
58 115 1
115 58 1
58 116 -1
116 58 -1
58 126 1
126 58 1
58 136 1
136 58 1
58 149 1
149 58 1
58 159 1
159 58 1
58 184 1
184 58 1
58 190 -1
190 58 -1
59 82 1
82 59 1
59 83 -1
83 59 -1
59 84 1
84 59 1
59 104 1
104 59 1
59 112 -1
112 59 -1
59 123 1
123 59 1
59 136 1
136 59 1
59 174 -1
174 59 -1
59 183 1
183 59 1
59 184 1
184 59 1
60 80 -1
80 60 -1
60 81 1
81 60 1
60 109 1
109 60 1
60 112 -1
112 60 -1
60 117 -1
117 60 -1
60 141 1
141 60 1
60 147 1
147 60 1
60 153 1
153 60 1
60 162 -1
162 60 -1
60 163 1
163 60 1
60 186 1
186 60 1
61 62 1
62 61 1
61 66 -1
66 61 -1
61 69 1
69 61 1
61 70 1
70 61 1
61 74 -1
74 61 -1
61 78 -1
78 61 -1
61 87 1
87 61 1
61 89 1
89 61 1
61 97 1
97 61 1
61 101 1
101 61 1
61 102 -1
102 61 -1
61 105 -1
105 61 -1
61 115 1
115 61 1
61 119 1
119 61 1
61 121 -1
121 61 -1
61 125 1
125 61 1
61 126 -1
126 61 -1
61 129 -1
129 61 -1
61 135 1
135 61 1
61 136 1
136 61 1
61 143 -1
143 61 -1
61 154 1
154 61 1
61 167 1
167 61 1
61 169 1
169 61 1
61 175 -1
175 61 -1
61 178 1
178 61 1
61 184 1
184 61 1
61 197 -1
197 61 -1
61 198 1
198 61 1
62 70 -1
70 62 -1
62 78 1
78 62 1
62 79 1
79 62 1
62 82 -1
82 62 -1
62 97 1
97 62 1
62 98 1
98 62 1
62 106 1
106 62 1
62 108 1
108 62 1
62 112 1
112 62 1
62 114 -1
114 62 -1
62 115 1
115 62 1
62 132 1
132 62 1
62 136 -1
136 62 -1
62 143 1
143 62 1
62 157 -1
157 62 -1
62 163 -1
163 62 -1
62 167 1
167 62 1
62 178 1
178 62 1
62 195 -1
195 62 -1
62 198 1
198 62 1
63 107 -1
107 63 -1
63 143 -1
143 63 -1
63 161 1
161 63 1
63 165 -1
165 63 -1
63 170 -1
170 63 -1
63 171 1
171 63 1
63 173 1
173 63 1
63 174 1
174 63 1
63 189 1
189 63 1
64 69 -1
69 64 -1
64 72 -1
72 64 -1
64 77 1
77 64 1
64 81 -1
81 64 -1
64 110 1
110 64 1
64 114 -1
114 64 -1
64 120 1
120 64 1
64 122 1
122 64 1
64 131 1
131 64 1
64 139 1
139 64 1
64 142 1
142 64 1
64 151 1
151 64 1
64 155 1
155 64 1
64 166 1
166 64 1
64 167 -1
167 64 -1
64 176 1
176 64 1
64 177 -1
177 64 -1
64 190 1
190 64 1
64 199 -1
199 64 -1
65 76 1
76 65 1
65 79 1
79 65 1
65 81 1
81 65 1
65 109 1
109 65 1
65 110 -1
110 65 -1
65 117 1
117 65 1
65 132 1
132 65 1
65 147 1
147 65 1
65 165 1
165 65 1
65 175 1
175 65 1
65 183 -1
183 65 -1
65 185 1
185 65 1
65 186 -1
186 65 -1
65 192 1
192 65 1
65 196 1
196 65 1
65 198 -1
198 65 -1
66 71 -1
71 66 -1
66 87 -1
87 66 -1
66 91 1
91 66 1
66 92 1
92 66 1
66 98 1
98 66 1
66 102 1
102 66 1
66 122 -1
122 66 -1
66 129 1
129 66 1
66 133 1
133 66 1
66 138 1
138 66 1
66 140 1
140 66 1
66 154 -1
154 66 -1
66 156 1
156 66 1
66 162 -1
162 66 -1
66 170 -1
170 66 -1
66 175 -1
175 66 -1
66 191 1
191 66 1
67 78 1
78 67 1
67 88 1
88 67 1
67 97 1
97 67 1
67 106 1
106 67 1
67 112 1
112 67 1
67 117 -1
117 67 -1
67 145 1
145 67 1
67 161 -1
161 67 -1
67 166 -1
166 67 -1
67 169 -1
169 67 -1
67 190 -1
190 67 -1
68 74 -1
74 68 -1
68 89 -1
89 68 -1
68 97 -1
97 68 -1
68 104 1
104 68 1
68 116 1
116 68 1
68 127 1
127 68 1
68 136 -1
136 68 -1
68 159 1
159 68 1
68 160 1
160 68 1
68 187 -1
187 68 -1
68 191 -1
191 68 -1
68 200 1
200 68 1
69 78 -1
78 69 -1
69 94 1
94 69 1
69 97 1
97 69 1
69 98 1
98 69 1
69 104 -1
104 69 -1
69 111 1
111 69 1
69 156 -1
156 69 -1
69 167 1
167 69 1
69 178 -1
178 69 -1
69 198 1
198 69 1
69 200 -1
200 69 -1
70 73 -1
73 70 -1
70 75 1
75 70 1
70 78 1
78 70 1
70 89 1
89 70 1
70 91 -1
91 70 -1
70 92 -1
92 70 -1
70 94 1
94 70 1
70 101 1
101 70 1
70 106 1
106 70 1
70 111 1
111 70 1
70 112 1
112 70 1
70 115 1
115 70 1
70 121 -1
121 70 -1
70 124 -1
124 70 -1
70 137 1
137 70 1
70 143 -1
143 70 -1
70 144 1
144 70 1
70 145 1
145 70 1
70 148 -1
148 70 -1
70 152 1
152 70 1
70 156 -1
156 70 -1
70 158 1
158 70 1
70 167 1
167 70 1
70 169 1
169 70 1
70 178 1
178 70 1
70 187 -1
187 70 -1
70 198 1
198 70 1
71 83 1
83 71 1
71 92 1
92 71 1
71 101 -1
101 71 -1
71 129 -1
129 71 -1
71 140 -1
140 71 -1
71 156 1
156 71 1
71 160 -1
160 71 -1
71 164 -1
164 71 -1
72 85 -1
85 72 -1
72 88 -1
88 72 -1
72 104 1
104 72 1
72 114 1
114 72 1
72 122 1
122 72 1
72 131 -1
131 72 -1
72 139 1
139 72 1
72 142 1
142 72 1
72 156 -1
156 72 -1
72 161 -1
161 72 -1
72 166 1
166 72 1
72 177 1
177 72 1
72 199 1
199 72 1
73 86 1
86 73 1
73 92 1
92 73 1
73 93 1
93 73 1
73 96 -1
96 73 -1
73 100 1
100 73 1
73 104 -1
104 73 -1
73 116 1
116 73 1
73 123 1
123 73 1
73 126 1
126 73 1
73 136 1
136 73 1
73 143 1
143 73 1
73 157 1
157 73 1
73 162 -1
162 73 -1
73 164 1
164 73 1
73 184 1
184 73 1
73 195 1
195 73 1
74 79 1
79 74 1
74 97 1
97 74 1
74 111 1
111 74 1
74 112 1
112 74 1
74 123 -1
123 74 -1
74 125 1
125 74 1
74 136 -1
136 74 -1
74 144 1
144 74 1
74 169 1
169 74 1
74 176 -1
176 74 -1
75 88 1
88 75 1
75 89 1
89 75 1
75 97 1
97 75 1
75 98 1
98 75 1
75 118 -1
118 75 -1
75 134 1
134 75 1
75 143 1
143 75 1
75 144 1
144 75 1
75 153 -1
153 75 -1
75 167 -1
167 75 -1
76 81 1
81 76 1
76 103 -1
103 76 -1
76 117 -1
117 76 -1
76 128 1
128 76 1
76 136 -1
136 76 -1
76 140 -1
140 76 -1
76 141 1
141 76 1
76 147 1
147 76 1
76 153 1
153 76 1
76 165 1
165 76 1
76 168 -1
168 76 -1
76 172 -1
172 76 -1
76 185 1
185 76 1
76 186 1
186 76 1
76 192 1
192 76 1
76 196 -1
196 76 -1
76 197 -1
197 76 -1
76 198 -1
198 76 -1
77 107 -1
107 77 -1
77 161 1
161 77 1
77 163 1
163 77 1
77 164 -1
164 77 -1
77 168 1
168 77 1
77 173 1
173 77 1
77 174 1
174 77 1
77 182 1
182 77 1
77 183 -1
183 77 -1
77 189 1
189 77 1
77 194 1
194 77 1
77 199 -1
199 77 -1
78 79 1
79 78 1
78 87 1
87 78 1
78 90 -1
90 78 -1
78 92 1
92 78 1
78 97 1
97 78 1
78 98 1
98 78 1
78 101 1
101 78 1
78 111 1
111 78 1
78 115 1
115 78 1
78 117 -1
117 78 -1
78 121 1
121 78 1
78 124 1
124 78 1
78 125 1
125 78 1
78 140 -1
140 78 -1
78 143 -1
143 78 -1
78 152 1
152 78 1
78 154 1
154 78 1
78 162 -1
162 78 -1
78 166 -1
166 78 -1
78 167 1
167 78 1
78 169 1
169 78 1
78 178 1
178 78 1
78 187 1
187 78 1
78 194 -1
194 78 -1
78 195 -1
195 78 -1
78 198 -1
198 78 -1
79 88 1
88 79 1
79 97 1
97 79 1
79 101 -1
101 79 -1
79 107 1
107 79 1
79 115 1
115 79 1
79 139 1
139 79 1
79 143 -1
143 79 -1
79 144 1
144 79 1
79 145 -1
145 79 -1
79 152 1
152 79 1
79 155 -1
155 79 -1
79 167 -1
167 79 -1
79 172 -1
172 79 -1
79 174 -1
174 79 -1
79 187 1
187 79 1
79 199 -1
199 79 -1
80 86 1
86 80 1
80 93 1
93 80 1
80 100 -1
100 80 -1
80 104 1
104 80 1
80 120 -1
120 80 -1
80 136 1
136 80 1
80 149 1
149 80 1
80 166 -1
166 80 -1
80 184 1
184 80 1
80 188 1
188 80 1
81 85 -1
85 81 -1
81 88 -1
88 81 -1
81 90 1
90 81 1
81 113 -1
113 81 -1
81 117 1
117 81 1
81 136 -1
136 81 -1
81 147 -1
147 81 -1
81 153 1
153 81 1
81 165 -1
165 81 -1
81 169 1
169 81 1
81 172 1
172 81 1
81 175 1
175 81 1
81 185 1
185 81 1
81 186 1
186 81 1
82 84 1
84 82 1
82 93 1
93 82 1
82 104 1
104 82 1
82 119 -1
119 82 -1
82 127 1
127 82 1
82 129 -1
129 82 -1
82 136 1
136 82 1
82 141 -1
141 82 -1
82 157 1
157 82 1
82 160 1
160 82 1
82 164 1
164 82 1
82 184 1
184 82 1
82 196 -1
196 82 -1
83 91 1
91 83 1
83 92 1
92 83 1
83 96 -1
96 83 -1
83 102 1
102 83 1
83 111 -1
111 83 -1
83 129 1
129 83 1
83 133 1
133 83 1
83 134 1
134 83 1
83 135 -1
135 83 -1
83 137 1
137 83 1
83 138 1
138 83 1
83 140 1
140 83 1
83 156 1
156 83 1
83 162 1
162 83 1
83 179 1
179 83 1
83 184 1
184 83 1
83 191 1
191 83 1
84 101 -1
101 84 -1
84 103 -1
103 84 -1
84 136 1
136 84 1
84 144 -1
144 84 -1
84 159 1
159 84 1
84 182 -1
182 84 -1
84 184 1
184 84 1
84 195 1
195 84 1
85 109 -1
109 85 -1
85 111 -1
111 85 -1
85 123 -1
123 85 -1
85 126 1
126 85 1
85 157 1
157 85 1
85 184 1
184 85 1
85 197 1
197 85 1
86 87 -1
87 86 -1
86 126 1
126 86 1
86 130 1
130 86 1
86 149 -1
149 86 -1
86 198 -1
198 86 -1
87 88 1
88 87 1
87 94 1
94 87 1
87 98 1
98 87 1
87 106 1
106 87 1
87 115 1
115 87 1
87 140 -1
140 87 -1
87 145 1
145 87 1
87 154 1
154 87 1
87 158 1
158 87 1
87 169 1
169 87 1
87 173 1
173 87 1
87 193 -1
193 87 -1
87 198 1
198 87 1
88 91 -1
91 88 -1
88 94 1
94 88 1
88 106 1
106 88 1
88 111 1
111 88 1
88 115 1
115 88 1
88 135 1
135 88 1
88 149 -1
149 88 -1
88 178 1
178 88 1
88 198 1
198 88 1
89 101 1
101 89 1
89 104 1
104 89 1
89 106 -1
106 89 -1
89 111 -1
111 89 -1
89 121 1
121 89 1
89 143 1
143 89 1
89 180 1
180 89 1
89 181 -1
181 89 -1
89 198 1
198 89 1
90 97 -1
97 90 -1
90 116 -1
116 90 -1
90 117 1
117 90 1
90 147 1
147 90 1
90 153 1
153 90 1
90 165 1
165 90 1
90 185 1
185 90 1
91 92 1
92 91 1
91 96 1
96 91 1
91 98 -1
98 91 -1
91 102 1
102 91 1
91 105 1
105 91 1
91 110 -1
110 91 -1
91 129 1
129 91 1
91 133 1
133 91 1
91 134 1
134 91 1
91 137 1
137 91 1
91 138 1
138 91 1
91 139 -1
139 91 -1
91 140 1
140 91 1
91 148 -1
148 91 -1
91 150 1
150 91 1
91 153 1
153 91 1
91 156 1
156 91 1
91 157 -1
157 91 -1
91 162 -1
162 91 -1
91 188 1
188 91 1
91 191 -1
191 91 -1
92 96 1
96 92 1
92 102 1
102 92 1
92 105 1
105 92 1
92 129 1
129 92 1
92 133 1
133 92 1
92 134 -1
134 92 -1
92 137 1
137 92 1
92 138 1
138 92 1
92 140 1
140 92 1
92 148 1
148 92 1
92 150 1
150 92 1
92 156 -1
156 92 -1
92 162 1
162 92 1
92 170 1
170 92 1
92 179 1
179 92 1
92 193 1
193 92 1
92 198 -1
198 92 -1
93 115 -1
115 93 -1
93 116 1
116 93 1
93 121 -1
121 93 -1
93 157 -1
157 93 -1
93 160 -1
160 93 -1
93 180 1
180 93 1
93 183 -1
183 93 -1
93 197 1
197 93 1
94 115 1
115 94 1
94 125 1
125 94 1
94 143 1
143 94 1
94 163 -1
163 94 -1
94 176 -1
176 94 -1
95 97 1
97 95 1
95 98 1
98 95 1
95 106 1
106 95 1
95 108 1
108 95 1
95 125 1
125 95 1
95 159 -1
159 95 -1
95 196 -1
196 95 -1
95 198 1
198 95 1
96 103 -1
103 96 -1
96 129 1
129 96 1
96 140 1
140 96 1
96 156 1
156 96 1
96 162 1
162 96 1
97 98 1
98 97 1
97 106 1
106 97 1
97 111 1
111 97 1
97 124 1
124 97 1
97 127 -1
127 97 -1
97 139 -1
139 97 -1
97 143 1
143 97 1
97 146 1
146 97 1
97 152 1
152 97 1
97 158 1
158 97 1
97 165 -1
165 97 -1
97 169 1
169 97 1
97 187 1
187 97 1
97 198 1
198 97 1
98 106 1
106 98 1
98 115 1
115 98 1
98 122 -1
122 98 -1
98 124 -1
124 98 -1
98 136 -1
136 98 -1
98 143 -1
143 98 -1
98 144 1
144 98 1
98 145 1
145 98 1
98 147 1
147 98 1
98 154 1
154 98 1
98 158 1
158 98 1
98 169 1
169 98 1
98 178 -1
178 98 -1
98 183 -1
183 98 -1
98 184 -1
184 98 -1
98 197 -1
197 98 -1
98 198 1
198 98 1
99 127 -1
127 99 -1
99 157 1
157 99 1
99 184 1
184 99 1
99 200 1
200 99 1
100 103 1
103 100 1
100 107 -1
107 100 -1
100 123 1
123 100 1
100 139 -1
139 100 -1
100 154 -1
154 100 -1
100 159 1
159 100 1
100 179 -1
179 100 -1
100 184 1
184 100 1
100 188 -1
188 100 -1
100 189 1
189 100 1
100 197 1
197 100 1
101 106 1
106 101 1
101 111 -1
111 101 -1
101 112 1
112 101 1
101 115 1
115 101 1
101 140 -1
140 101 -1
101 144 1
144 101 1
101 145 1
145 101 1
101 150 -1
150 101 -1
101 154 1
154 101 1
101 184 -1
184 101 -1
102 129 1
129 102 1
102 140 1
140 102 1
102 143 -1
143 102 -1
102 150 1
150 102 1
102 191 1
191 102 1
102 198 -1
198 102 -1
103 104 1
104 103 1
103 143 -1
143 103 -1
103 149 1
149 103 1
103 180 1
180 103 1
103 184 1
184 103 1
103 200 -1
200 103 -1
104 111 -1
111 104 -1
104 116 1
116 104 1
104 123 1
123 104 1
104 136 -1
136 104 -1
104 149 1
149 104 1
104 156 1
156 104 1
104 188 1
188 104 1
104 189 -1
189 104 -1
104 200 1
200 104 1
105 120 -1
120 105 -1
105 129 1
129 105 1
105 140 1
140 105 1
105 156 1
156 105 1
105 162 1
162 105 1
105 200 -1
200 105 -1
106 108 1
108 106 1
106 112 1
112 106 1
106 115 1
115 106 1
106 117 -1
117 106 -1
106 124 1
124 106 1
106 128 -1
128 106 -1
106 131 -1
131 106 -1
106 133 -1
133 106 -1
106 136 -1
136 106 -1
106 144 -1
144 106 -1
106 153 -1
153 106 -1
106 154 1
154 106 1
106 158 1
158 106 1
106 169 1
169 106 1
107 140 -1
140 107 -1
107 163 1
163 107 1
107 168 1
168 107 1
107 173 1
173 107 1
107 189 1
189 107 1
107 194 -1
194 107 -1
108 135 1
135 108 1
108 167 1
167 108 1
108 169 1
169 108 1
109 117 1
117 109 1
109 141 1
141 109 1
109 147 -1
147 109 -1
109 153 1
153 109 1
109 165 1
165 109 1
109 170 -1
170 109 -1
109 172 1
172 109 1
109 185 1
185 109 1
110 122 1
122 110 1
110 139 1
139 110 1
110 166 1
166 110 1
111 128 -1
128 111 -1
111 143 -1
143 111 -1
111 180 1
180 111 1
111 186 -1
186 111 -1
111 195 -1
195 111 -1
112 115 1
115 112 1
112 121 1
121 112 1
112 140 -1
140 112 -1
112 143 1
143 112 1
112 151 -1
151 112 -1
112 158 -1
158 112 -1
112 169 1
169 112 1
112 180 1
180 112 1
112 191 -1
191 112 -1
112 198 1
198 112 1
113 117 -1
117 113 -1
113 147 1
147 113 1
113 160 -1
160 113 -1
113 165 1
165 113 1
113 173 1
173 113 1
113 186 1
186 113 1
113 199 -1
199 113 -1
114 122 1
122 114 1
114 131 1
131 114 1
114 139 1
139 114 1
114 140 -1
140 114 -1
114 153 -1
153 114 -1
114 166 1
166 114 1
114 199 1
199 114 1
115 125 1
125 115 1
115 135 1
135 115 1
115 143 -1
143 115 -1
115 152 1
152 115 1
115 167 1
167 115 1
115 171 -1
171 115 -1
115 183 -1
183 115 -1
115 184 -1
184 115 -1
115 187 1
187 115 1
115 194 -1
194 115 -1
115 198 1
198 115 1
116 117 -1
117 116 -1
117 118 1
118 117 1
117 119 1
119 117 1
117 121 1
121 117 1
117 132 1
132 117 1
117 141 1
141 117 1
117 147 1
147 117 1
117 149 -1
149 117 -1
117 153 1
153 117 1
117 156 -1
156 117 -1
117 165 1
165 117 1
117 172 1
172 117 1
117 175 1
175 117 1
117 181 1
181 117 1
117 185 -1
185 117 -1
117 186 1
186 117 1
117 192 1
192 117 1
117 196 1
196 117 1
117 198 -1
198 117 -1
118 126 -1
126 118 -1
118 147 1
147 118 1
118 165 1
165 118 1
118 172 1
172 118 1
118 186 1
186 118 1
118 193 -1
193 118 -1
119 135 -1
135 119 -1
119 147 1
147 119 1
119 153 1
153 119 1
119 172 1
172 119 1
120 131 -1
131 120 -1
120 139 1
139 120 1
120 166 1
166 120 1
120 190 1
190 120 1
121 193 -1
193 121 -1
122 131 -1
131 122 -1
122 139 1
139 122 1
122 142 1
142 122 1
122 166 1
166 122 1
122 176 1
176 122 1
122 177 1
177 122 1
122 190 1
190 122 1
122 198 1
198 122 1
122 199 1
199 122 1
123 126 -1
126 123 -1
123 136 1
136 123 1
123 147 -1
147 123 -1
123 157 1
157 123 1
123 160 1
160 123 1
123 171 -1
171 123 -1
123 178 -1
178 123 -1
123 200 1
200 123 1
124 134 -1
134 124 -1
124 143 1
143 124 1
125 129 1
129 125 1
125 145 1
145 125 1
125 153 1
153 125 1
125 166 1
166 125 1
125 169 1
169 125 1
125 198 1
198 125 1
126 136 1
136 126 1
126 138 1
138 126 1
126 147 -1
147 126 -1
126 167 -1
167 126 -1
126 169 -1
169 126 -1
126 180 -1
180 126 -1
126 184 1
184 126 1
126 197 -1
197 126 -1
127 136 -1
136 127 -1
127 155 -1
155 127 -1
127 172 -1
172 127 -1
127 183 1
183 127 1
128 129 -1
129 128 -1
128 145 -1
145 128 -1
128 147 1
147 128 1
128 153 1
153 128 1
128 165 1
165 128 1
128 172 -1
172 128 -1
128 186 1
186 128 1
129 134 1
134 129 1
129 138 1
138 129 1
129 140 1
140 129 1
129 141 1
141 129 1
129 144 -1
144 129 -1
129 148 1
148 129 1
129 149 -1
149 129 -1
129 162 1
162 129 1
129 165 -1
165 129 -1
129 170 1
170 129 1
129 172 -1
172 129 -1
129 191 -1
191 129 -1
129 193 1
193 129 1
130 131 -1
131 130 -1
130 136 1
136 130 1
130 147 -1
147 130 -1
130 184 1
184 130 1
130 188 1
188 130 1
130 192 -1
192 130 -1
130 200 1
200 130 1
131 139 1
139 131 1
131 152 1
152 131 1
131 155 1
155 131 1
131 166 1
166 131 1
131 184 -1
184 131 -1
131 199 1
199 131 1
132 137 -1
137 132 -1
132 141 1
141 132 1
132 147 1
147 132 1
132 153 1
153 132 1
132 156 -1
156 132 -1
132 165 1
165 132 1
132 172 1
172 132 1
132 186 1
186 132 1
133 134 -1
134 133 -1
133 140 1
140 133 1
133 156 1
156 133 1
134 137 1
137 134 1
134 138 1
138 134 1
134 140 1
140 134 1
134 148 -1
148 134 -1
134 150 -1
150 134 -1
134 156 1
156 134 1
134 162 1
162 134 1
134 169 -1
169 134 -1
134 176 -1
176 134 -1
134 193 1
193 134 1
135 143 1
143 135 1
135 198 1
198 135 1
136 149 1
149 136 1
136 154 -1
154 136 -1
136 157 1
157 136 1
136 159 -1
159 136 -1
136 172 -1
172 136 -1
136 184 1
184 136 1
136 188 1
188 136 1
136 195 -1
195 136 -1
136 200 1
200 136 1
137 140 1
140 137 1
137 156 1
156 137 1
137 167 1
167 137 1
138 140 1
140 138 1
138 159 -1
159 138 -1
138 162 1
162 138 1
138 185 -1
185 138 -1
138 196 -1
196 138 -1
139 142 1
142 139 1
139 151 1
151 139 1
139 155 1
155 139 1
139 165 -1
165 139 -1
139 166 1
166 139 1
139 176 1
176 139 1
139 177 1
177 139 1
139 190 1
190 139 1
139 199 1
199 139 1
140 148 1
148 140 1
140 150 1
150 140 1
140 153 -1
153 140 -1
140 156 -1
156 140 -1
140 162 1
162 140 1
140 170 1
170 140 1
140 179 1
179 140 1
140 188 -1
188 140 -1
140 191 1
191 140 1
140 193 1
193 140 1
141 147 1
147 141 1
141 153 1
153 141 1
141 169 -1
169 141 -1
141 172 1
172 141 1
142 144 -1
144 142 -1
142 166 1
166 142 1
143 144 1
144 143 1
143 148 -1
148 143 -1
143 150 -1
150 143 -1
143 152 -1
152 143 -1
143 167 1
167 143 1
143 169 1
169 143 1
143 178 1
178 143 1
143 182 1
182 143 1
143 183 -1
183 143 -1
143 198 -1
198 143 -1
144 154 1
154 144 1
144 167 1
167 144 1
144 169 1
169 144 1
144 180 1
180 144 1
144 184 1
184 144 1
144 194 -1
194 144 -1
144 198 1
198 144 1
144 200 -1
200 144 -1
145 158 1
158 145 1
145 168 -1
168 145 -1
145 169 1
169 145 1
145 185 -1
185 145 -1
145 197 -1
197 145 -1
146 154 -1
154 146 -1
146 163 1
163 146 1
146 171 1
171 146 1
146 173 1
173 146 1
146 174 -1
174 146 -1
146 186 -1
186 146 -1
146 194 1
194 146 1
147 153 1
153 147 1
147 165 -1
165 147 -1
147 169 1
169 147 1
147 172 1
172 147 1
147 173 -1
173 147 -1
147 175 1
175 147 1
147 181 1
181 147 1
147 185 1
185 147 1
147 186 1
186 147 1
147 190 -1
190 147 -1
147 192 1
192 147 1
147 196 1
196 147 1
147 200 1
200 147 1
148 179 -1
179 148 -1
149 182 -1
182 149 -1
149 183 1
183 149 1
149 198 -1
198 149 -1
150 178 -1
178 150 -1
151 166 1
166 151 1
151 190 -1
190 151 -1
152 155 -1
155 152 -1
152 158 1
158 152 1
153 157 -1
157 153 -1
153 165 1
165 153 1
153 172 1
172 153 1
153 183 -1
183 153 -1
153 185 1
185 153 1
153 186 1
186 153 1
153 192 1
192 153 1
153 196 1
196 153 1
153 200 -1
200 153 -1
155 166 1
166 155 1
155 176 -1
176 155 -1
156 162 1
162 156 1
156 170 1
170 156 1
156 184 -1
184 156 -1
156 191 1
191 156 1
156 193 1
193 156 1
157 166 1
166 157 1
157 183 1
183 157 1
157 184 1
184 157 1
157 195 -1
195 157 -1
158 199 -1
199 158 -1
159 178 1
178 159 1
159 185 1
185 159 1
160 161 1
161 160 1
160 183 1
183 160 1
160 184 1
184 160 1
161 163 1
163 161 1
161 173 1
173 161 1
161 174 1
174 161 1
162 170 1
170 162 1
162 175 -1
175 162 -1
162 188 1
188 162 1
162 193 1
193 162 1
163 174 1
174 163 1
163 194 1
194 163 1
164 183 1
183 164 1
164 184 1
184 164 1
164 197 1
197 164 1
165 166 1
166 165 1
165 167 -1
167 165 -1
165 172 -1
172 165 -1
165 185 1
185 165 1
165 186 1
186 165 1
165 192 -1
192 165 -1
166 176 1
176 166 1
166 177 1
177 166 1
166 190 -1
190 166 -1
166 199 1
199 166 1
167 169 1
169 167 1
167 171 -1
171 167 -1
167 189 -1
189 167 -1
167 198 1
198 167 1
168 171 1
171 168 1
168 173 1
173 168 1
168 174 -1
174 168 -1
168 182 -1
182 168 -1
168 189 1
189 168 1
168 194 1
194 168 1
169 180 1
180 169 1
169 196 1
196 169 1
169 198 1
198 169 1
170 177 -1
177 170 -1
171 174 1
174 171 1
171 189 1
189 171 1
171 194 1
194 171 1
172 177 1
177 172 1
172 184 -1
184 172 -1
172 186 1
186 172 1
172 192 1
192 172 1
172 200 -1
200 172 -1
173 189 1
189 173 1
173 192 -1
192 173 -1
173 194 1
194 173 1
173 198 -1
198 173 -1
174 194 1
194 174 1
176 177 1
177 176 1
176 199 1
199 176 1
178 180 1
180 178 1
178 186 -1
186 178 -1
178 200 -1
200 178 -1
179 186 1
186 179 1
179 191 1
191 179 1
180 186 -1
186 180 -1
180 195 1
195 180 1
180 198 1
198 180 1
181 191 -1
191 181 -1
182 189 1
189 182 1
182 194 1
194 182 1
183 184 1
184 183 1
183 195 1
195 183 1
183 197 1
197 183 1
183 200 1
200 183 1
184 195 1
195 184 1
184 200 1
200 184 1
186 196 1
196 186 1
186 197 -1
197 186 -1
186 198 1
198 186 1
187 194 -1
194 187 -1
187 198 1
198 187 1
188 192 -1
192 188 -1
189 194 1
194 189 1
189 196 -1
196 189 -1
195 200 1
200 195 1
197 200 1
200 197 1
198 200 -1
200 198 -1
