1 84 1
84 1 1
1 88 1
88 1 1
1 145 1
145 1 1
1 186 1
186 1 1
1 205 1
205 1 1
1 209 1
209 1 1
1 246 1
246 1 1
1 258 1
258 1 1
1 260 1
260 1 1
1 267 1
267 1 1
1 271 -1
271 1 -1
1 310 1
310 1 1
1 329 1
329 1 1
1 349 -1
349 1 -1
1 384 1
384 1 1
1 392 -1
392 1 -1
1 395 1
395 1 1
1 396 1
396 1 1
1 456 1
456 1 1
1 475 1
475 1 1
2 32 1
32 2 1
2 40 -1
40 2 -1
2 52 -1
52 2 -1
2 54 1
54 2 1
2 70 1
70 2 1
2 93 1
93 2 1
2 96 1
96 2 1
2 128 1
128 2 1
2 131 1
131 2 1
2 157 1
157 2 1
2 181 -1
181 2 -1
2 189 1
189 2 1
2 207 1
207 2 1
2 227 1
227 2 1
2 228 1
228 2 1
2 292 1
292 2 1
2 348 1
348 2 1
2 369 1
369 2 1
2 417 1
417 2 1
2 471 1
471 2 1
3 11 1
11 3 1
3 63 -1
63 3 -1
3 98 1
98 3 1
3 152 1
152 3 1
3 196 1
196 3 1
3 197 -1
197 3 -1
3 248 1
248 3 1
3 261 1
261 3 1
3 270 1
270 3 1
3 298 -1
298 3 -1
3 306 1
306 3 1
3 321 1
321 3 1
3 344 1
344 3 1
3 392 1
392 3 1
3 419 1
419 3 1
3 441 -1
441 3 -1
3 449 1
449 3 1
3 462 1
462 3 1
3 479 1
479 3 1
3 494 1
494 3 1
4 5 1
5 4 1
4 7 1
7 4 1
4 8 -1
8 4 -1
4 37 -1
37 4 -1
4 45 1
45 4 1
4 56 -1
56 4 -1
4 102 1
102 4 1
4 104 1
104 4 1
4 125 1
125 4 1
4 133 1
133 4 1
4 165 -1
165 4 -1
4 216 1
216 4 1
4 217 1
217 4 1
4 229 1
229 4 1
4 230 1
230 4 1
4 322 1
322 4 1
4 336 1
336 4 1
4 386 1
386 4 1
4 412 1
412 4 1
4 476 1
476 4 1
5 7 1
7 5 1
5 45 1
45 5 1
5 56 1
56 5 1
5 102 1
102 5 1
5 104 1
104 5 1
5 133 1
133 5 1
5 150 -1
150 5 -1
5 165 -1
165 5 -1
5 216 1
216 5 1
5 217 1
217 5 1
5 229 1
229 5 1
5 230 1
230 5 1
5 233 -1
233 5 -1
5 322 1
322 5 1
5 336 1
336 5 1
5 386 1
386 5 1
5 412 -1
412 5 -1
5 472 1
472 5 1
5 476 1
476 5 1
6 23 1
23 6 1
6 33 -1
33 6 -1
6 47 1
47 6 1
6 130 1
130 6 1
6 156 1
156 6 1
6 159 1
159 6 1
6 166 1
166 6 1
6 188 1
188 6 1
6 208 -1
208 6 -1
6 249 1
249 6 1
6 268 1
268 6 1
6 278 1
278 6 1
6 281 1
281 6 1
6 340 -1
340 6 -1
6 388 1
388 6 1
6 437 -1
437 6 -1
6 443 1
443 6 1
6 444 1
444 6 1
6 465 1
465 6 1
6 481 1
481 6 1
7 56 1
56 7 1
7 102 -1
102 7 -1
7 104 1
104 7 1
7 125 1
125 7 1
7 133 1
133 7 1
7 165 1
165 7 1
7 216 1
216 7 1
7 217 1
217 7 1
7 229 1
229 7 1
7 230 1
230 7 1
7 322 1
322 7 1
7 336 1
336 7 1
7 386 1
386 7 1
7 412 1
412 7 1
7 470 -1
470 7 -1
7 471 1
471 7 1
7 472 1
472 7 1
7 476 -1
476 7 -1
8 27 1
27 8 1
8 46 -1
46 8 -1
8 73 1
73 8 1
8 95 1
95 8 1
8 114 1
114 8 1
8 141 1
141 8 1
8 197 1
197 8 1
8 218 1
218 8 1
8 223 1
223 8 1
8 225 1
225 8 1
8 267 -1
267 8 -1
8 300 1
300 8 1
8 338 1
338 8 1
8 371 1
371 8 1
8 374 -1
374 8 -1
8 425 1
425 8 1
8 439 1
439 8 1
8 442 -1
442 8 -1
8 448 -1
448 8 -1
9 40 -1
40 9 -1
9 50 1
50 9 1
9 87 1
87 9 1
9 108 1
108 9 1
9 110 1
110 9 1
9 175 1
175 9 1
9 178 1
178 9 1
9 183 1
183 9 1
9 184 1
184 9 1
9 192 1
192 9 1
9 226 1
226 9 1
9 255 1
255 9 1
9 282 1
282 9 1
9 301 1
301 9 1
9 346 1
346 9 1
9 360 1
360 9 1
9 406 1
406 9 1
9 410 -1
410 9 -1
9 455 -1
455 9 -1
9 497 1
497 9 1
10 15 1
15 10 1
10 25 -1
25 10 -1
10 31 1
31 10 1
10 50 1
50 10 1
10 76 1
76 10 1
10 150 1
150 10 1
10 172 1
172 10 1
10 243 1
243 10 1
10 257 1
257 10 1
10 277 1
277 10 1
10 328 1
328 10 1
10 335 1
335 10 1
10 354 -1
354 10 -1
10 364 1
364 10 1
10 376 1
376 10 1
10 381 -1
381 10 -1
10 389 -1
389 10 -1
10 445 1
445 10 1
10 491 -1
491 10 -1
10 499 1
499 10 1
11 63 1
63 11 1
11 98 1
98 11 1
11 196 1
196 11 1
11 248 1
248 11 1
11 261 1
261 11 1
11 270 1
270 11 1
11 274 -1
274 11 -1
11 298 1
298 11 1
11 306 1
306 11 1
11 321 1
321 11 1
11 344 -1
344 11 -1
11 392 -1
392 11 -1
11 419 -1
419 11 -1
11 449 1
449 11 1
11 452 -1
452 11 -1
11 459 -1
459 11 -1
11 462 -1
462 11 -1
11 479 1
479 11 1
11 494 1
494 11 1
12 30 1
30 12 1
12 53 -1
53 12 -1
12 65 1
65 12 1
12 106 1
106 12 1
12 115 1
115 12 1
12 123 1
123 12 1
12 137 1
137 12 1
12 151 -1
151 12 -1
12 173 -1
173 12 -1
12 212 1
212 12 1
12 215 1
215 12 1
12 236 -1
236 12 -1
12 250 1
250 12 1
12 262 1
262 12 1
12 269 1
269 12 1
12 312 1
312 12 1
12 350 1
350 12 1
12 398 1
398 12 1
12 469 1
469 12 1
12 479 -1
479 12 -1
13 24 1
24 13 1
13 43 -1
43 13 -1
13 86 1
86 13 1
13 103 1
103 13 1
13 228 -1
228 13 -1
13 251 1
251 13 1
13 303 1
303 13 1
13 317 1
317 13 1
13 318 1
318 13 1
13 363 1
363 13 1
13 380 -1
380 13 -1
13 394 -1
394 13 -1
13 418 -1
418 13 -1
13 434 1
434 13 1
13 436 1
436 13 1
13 437 -1
437 13 -1
13 446 1
446 13 1
13 457 1
457 13 1
13 489 1
489 13 1
13 495 1
495 13 1
14 34 -1
34 14 -1
14 57 1
57 14 1
14 67 1
67 14 1
14 75 1
75 14 1
14 118 1
118 14 1
14 143 1
143 14 1
14 162 1
162 14 1
14 174 1
174 14 1
14 176 1
176 14 1
14 180 1
180 14 1
14 220 1
220 14 1
14 222 1
222 14 1
14 234 1
234 14 1
14 285 1
285 14 1
14 332 1
332 14 1
14 402 1
402 14 1
14 403 1
403 14 1
14 404 1
404 14 1
14 419 -1
419 14 -1
14 450 1
450 14 1
15 25 1
25 15 1
15 31 1
31 15 1
15 76 1
76 15 1
15 126 -1
126 15 -1
15 150 1
150 15 1
15 172 1
172 15 1
15 178 -1
178 15 -1
15 243 1
243 15 1
15 277 1
277 15 1
15 289 -1
289 15 -1
15 328 1
328 15 1
15 335 1
335 15 1
15 354 1
354 15 1
15 364 1
364 15 1
15 376 1
376 15 1
15 389 1
389 15 1
15 445 1
445 15 1
15 491 -1
491 15 -1
15 499 1
499 15 1
16 49 1
49 16 1
16 82 1
82 16 1
16 83 1
83 16 1
16 89 1
89 16 1
16 101 1
101 16 1
16 112 1
112 16 1
16 113 1
113 16 1
16 182 1
182 16 1
16 195 -1
195 16 -1
16 241 1
241 16 1
16 252 -1
252 16 -1
16 294 1
294 16 1
16 307 -1
307 16 -1
16 355 1
355 16 1
16 391 1
391 16 1
16 431 1
431 16 1
16 476 -1
476 16 -1
16 485 1
485 16 1
16 490 1
490 16 1
16 498 1
498 16 1
17 79 1
79 17 1
17 85 1
85 17 1
17 142 1
142 17 1
17 190 1
190 17 1
17 198 1
198 17 1
17 213 -1
213 17 -1
17 237 1
237 17 1
17 238 1
238 17 1
17 250 -1
250 17 -1
17 263 -1
263 17 -1
17 274 1
274 17 1
17 275 1
275 17 1
17 286 1
286 17 1
17 291 1
291 17 1
17 313 1
313 17 1
17 330 1
330 17 1
17 351 1
351 17 1
17 382 1
382 17 1
17 418 -1
418 17 -1
17 420 1
420 17 1
18 39 1
39 18 1
18 44 1
44 18 1
18 80 1
80 18 1
18 109 1
109 18 1
18 119 1
119 18 1
18 164 1
164 18 1
18 171 1
171 18 1
18 201 -1
201 18 -1
18 211 1
211 18 1
18 247 1
247 18 1
18 356 1
356 18 1
18 397 1
397 18 1
18 408 1
408 18 1
18 414 1
414 18 1
18 416 1
416 18 1
18 432 -1
432 18 -1
18 464 -1
464 18 -1
18 468 1
468 18 1
18 482 1
482 18 1
18 488 -1
488 18 -1
19 58 1
58 19 1
19 60 -1
60 19 -1
19 124 1
124 19 1
19 127 1
127 19 1
19 153 1
153 19 1
19 160 1
160 19 1
19 185 -1
185 19 -1
19 221 1
221 19 1
19 320 1
320 19 1
19 324 1
324 19 1
19 333 1
333 19 1
19 337 1
337 19 1
19 361 -1
361 19 -1
19 396 -1
396 19 -1
19 404 -1
404 19 -1
19 409 1
409 19 1
19 421 1
421 19 1
19 422 1
422 19 1
19 474 -1
474 19 -1
19 492 -1
492 19 -1
20 22 1
22 20 1
20 29 1
29 20 1
20 61 1
61 20 1
20 91 -1
91 20 -1
20 116 1
116 20 1
20 121 1
121 20 1
20 194 -1
194 20 -1
20 280 1
280 20 1
20 284 1
284 20 1
20 339 1
339 20 1
20 347 1
347 20 1
20 378 1
378 20 1
20 407 1
407 20 1
20 438 -1
438 20 -1
20 441 1
441 20 1
20 453 1
453 20 1
20 463 1
463 20 1
20 472 -1
472 20 -1
20 480 1
480 20 1
20 486 1
486 20 1
21 28 1
28 21 1
21 36 1
36 21 1
21 74 1
74 21 1
21 139 -1
139 21 -1
21 163 -1
163 21 -1
21 168 1
168 21 1
21 177 1
177 21 1
21 214 1
214 21 1
21 253 1
253 21 1
21 259 1
259 21 1
21 341 1
341 21 1
21 343 1
343 21 1
21 354 -1
354 21 -1
21 357 1
357 21 1
21 366 1
366 21 1
21 399 -1
399 21 -1
21 413 1
413 21 1
21 426 1
426 21 1
21 448 1
448 21 1
21 496 -1
496 21 -1
22 34 1
34 22 1
22 57 1
57 22 1
22 61 1
61 22 1
22 91 1
91 22 1
22 105 1
105 22 1
22 116 1
116 22 1
22 121 1
121 22 1
22 280 1
280 22 1
22 284 1
284 22 1
22 339 1
339 22 1
22 347 1
347 22 1
22 378 1
378 22 1
22 407 1
407 22 1
22 438 1
438 22 1
22 441 -1
441 22 -1
22 453 1
453 22 1
22 463 1
463 22 1
22 480 1
480 22 1
22 486 1
486 22 1
23 33 1
33 23 1
23 47 1
47 23 1
23 130 1
130 23 1
23 159 -1
159 23 -1
23 166 1
166 23 1
23 188 1
188 23 1
23 208 1
208 23 1
23 235 1
235 23 1
23 249 1
249 23 1
23 268 1
268 23 1
23 278 -1
278 23 -1
23 281 1
281 23 1
23 310 -1
310 23 -1
23 340 -1
340 23 -1
23 388 1
388 23 1
23 443 -1
443 23 -1
23 444 1
444 23 1
23 465 1
465 23 1
23 481 -1
481 23 -1
24 43 -1
43 24 -1
24 86 1
86 24 1
24 103 1
103 24 1
24 194 -1
194 24 -1
24 251 1
251 24 1
24 303 1
303 24 1
24 317 1
317 24 1
24 318 1
318 24 1
24 365 1
365 24 1
24 374 1
374 24 1
24 380 1
380 24 1
24 394 1
394 24 1
24 418 -1
418 24 -1
24 434 1
434 24 1
24 436 1
436 24 1
24 437 -1
437 24 -1
24 457 1
457 24 1
24 489 1
489 24 1
24 495 -1
495 24 -1
25 31 1
31 25 1
25 76 1
76 25 1
25 150 1
150 25 1
25 172 1
172 25 1
25 199 -1
199 25 -1
25 243 1
243 25 1
25 257 -1
257 25 -1
25 277 1
277 25 1
25 289 1
289 25 1
25 328 1
328 25 1
25 354 1
354 25 1
25 364 1
364 25 1
25 376 1
376 25 1
25 389 -1
389 25 -1
25 428 1
428 25 1
25 445 1
445 25 1
25 491 -1
491 25 -1
25 499 1
499 25 1
26 38 1
38 26 1
26 132 1
132 26 1
26 134 1
134 26 1
26 169 1
169 26 1
26 199 1
199 26 1
26 209 -1
209 26 -1
26 232 1
232 26 1
26 266 -1
266 26 -1
26 305 1
305 26 1
26 340 1
340 26 1
26 368 1
368 26 1
26 381 1
381 26 1
26 383 1
383 26 1
26 400 1
400 26 1
26 424 -1
424 26 -1
26 428 1
428 26 1
26 454 1
454 26 1
26 487 1
487 26 1
26 493 1
493 26 1
26 500 1
500 26 1
27 73 -1
73 27 -1
27 95 1
95 27 1
27 114 -1
114 27 -1
27 141 1
141 27 1
27 197 1
197 27 1
27 218 1
218 27 1
27 223 1
223 27 1
27 225 -1
225 27 -1
27 300 1
300 27 1
27 311 1
311 27 1
27 338 1
338 27 1
27 371 1
371 27 1
27 374 1
374 27 1
27 425 1
425 27 1
27 439 1
439 27 1
27 442 -1
442 27 -1
27 448 1
448 27 1
27 471 -1
471 27 -1
27 494 -1
494 27 -1
28 36 1
36 28 1
28 40 -1
40 28 -1
28 74 -1
74 28 -1
28 139 1
139 28 1
28 163 -1
163 28 -1
28 168 1
168 28 1
28 204 1
204 28 1
28 214 1
214 28 1
28 253 1
253 28 1
28 259 1
259 28 1
28 297 -1
297 28 -1
28 341 1
341 28 1
28 343 1
343 28 1
28 357 -1
357 28 -1
28 366 1
366 28 1
28 399 1
399 28 1
28 413 1
413 28 1
28 426 1
426 28 1
28 496 1
496 28 1
29 57 1
57 29 1
29 61 -1
61 29 -1
29 91 1
91 29 1
29 116 1
116 29 1
29 121 1
121 29 1
29 280 -1
280 29 -1
29 284 -1
284 29 -1
29 322 -1
322 29 -1
29 325 -1
325 29 -1
29 339 -1
339 29 -1
29 347 1
347 29 1
29 378 1
378 29 1
29 407 -1
407 29 -1
29 438 -1
438 29 -1
29 441 1
441 29 1
29 453 -1
453 29 -1
29 463 1
463 29 1
29 480 1
480 29 1
29 486 1
486 29 1
30 45 -1
45 30 -1
30 53 1
53 30 1
30 65 1
65 30 1
30 106 1
106 30 1
30 115 -1
115 30 -1
30 123 -1
123 30 -1
30 137 1
137 30 1
30 151 1
151 30 1
30 160 -1
160 30 -1
30 212 1
212 30 1
30 215 -1
215 30 -1
30 236 1
236 30 1
30 242 -1
242 30 -1
30 250 -1
250 30 -1
30 269 1
269 30 1
30 312 1
312 30 1
30 350 1
350 30 1
30 398 1
398 30 1
30 469 1
469 30 1
31 76 1
76 31 1
31 150 1
150 31 1
31 172 -1
172 31 -1
31 243 1
243 31 1
31 257 1
257 31 1
31 277 1
277 31 1
31 289 1
289 31 1
31 335 1
335 31 1
31 353 -1
353 31 -1
31 354 1
354 31 1
31 363 -1
363 31 -1
31 364 1
364 31 1
31 376 1
376 31 1
31 389 1
389 31 1
31 445 1
445 31 1
31 491 1
491 31 1
31 499 1
499 31 1
32 54 1
54 32 1
32 70 1
70 32 1
32 93 1
93 32 1
32 96 1
96 32 1
32 128 1
128 32 1
32 131 1
131 32 1
32 141 -1
141 32 -1
32 157 -1
157 32 -1
32 158 1
158 32 1
32 189 1
189 32 1
32 207 1
207 32 1
32 227 1
227 32 1
32 228 -1
228 32 -1
32 273 -1
273 32 -1
32 292 1
292 32 1
32 348 1
348 32 1
32 369 1
369 32 1
32 417 1
417 32 1
32 471 1
471 32 1
33 47 1
47 33 1
33 48 -1
48 33 -1
33 130 1
130 33 1
33 156 1
156 33 1
33 159 1
159 33 1
33 166 1
166 33 1
33 188 1
188 33 1
33 208 1
208 33 1
33 235 1
235 33 1
33 249 1
249 33 1
33 268 1
268 33 1
33 278 -1
278 33 -1
33 388 1
388 33 1
33 443 1
443 33 1
33 444 1
444 33 1
33 460 -1
460 33 -1
33 465 1
465 33 1
33 481 1
481 33 1
34 75 1
75 34 1
34 118 1
118 34 1
34 143 -1
143 34 -1
34 162 1
162 34 1
34 174 1
174 34 1
34 176 1
176 34 1
34 180 1
180 34 1
34 220 1
220 34 1
34 222 1
222 34 1
34 234 1
234 34 1
34 240 -1
240 34 -1
34 285 1
285 34 1
34 308 1
308 34 1
34 332 1
332 34 1
34 402 1
402 34 1
34 403 1
403 34 1
34 404 1
404 34 1
34 450 1
450 34 1
35 62 -1
62 35 -1
35 66 1
66 35 1
35 75 -1
75 35 -1
35 117 -1
117 35 -1
35 120 1
120 35 1
35 140 1
140 35 1
35 146 1
146 35 1
35 161 1
161 35 1
35 167 1
167 35 1
35 193 1
193 35 1
35 219 1
219 35 1
35 240 1
240 35 1
35 271 1
271 35 1
35 276 1
276 35 1
35 299 1
299 35 1
35 302 1
302 35 1
35 315 1
315 35 1
35 395 1
395 35 1
35 411 1
411 35 1
35 454 1
454 35 1
36 74 -1
74 36 -1
36 112 -1
112 36 -1
36 139 1
139 36 1
36 163 1
163 36 1
36 168 -1
168 36 -1
36 177 1
177 36 1
36 204 1
204 36 1
36 253 1
253 36 1
36 259 1
259 36 1
36 341 -1
341 36 -1
36 343 -1
343 36 -1
36 357 1
357 36 1
36 366 1
366 36 1
36 399 1
399 36 1
36 413 -1
413 36 -1
36 426 -1
426 36 -1
36 486 -1
486 36 -1
36 496 1
496 36 1
37 41 -1
41 37 -1
37 97 1
97 37 1
37 99 1
99 37 1
37 105 1
105 37 1
37 107 1
107 37 1
37 124 1
124 37 1
37 144 1
144 37 1
37 149 1
149 37 1
37 173 1
173 37 1
37 181 1
181 37 1
37 187 -1
187 37 -1
37 202 1
202 37 1
37 224 1
224 37 1
37 231 1
231 37 1
37 273 1
273 37 1
37 358 1
358 37 1
37 423 1
423 37 1
37 433 1
433 37 1
37 460 -1
460 37 -1
38 51 -1
51 38 -1
38 132 1
132 38 1
38 134 1
134 38 1
38 169 1
169 38 1
38 199 1
199 38 1
38 232 -1
232 38 -1
38 266 -1
266 38 -1
38 305 1
305 38 1
38 334 1
334 38 1
38 340 1
340 38 1
38 359 -1
359 38 -1
38 368 1
368 38 1
38 381 1
381 38 1
38 383 1
383 38 1
38 400 -1
400 38 -1
38 424 1
424 38 1
38 428 1
428 38 1
38 493 -1
493 38 -1
38 500 1
500 38 1
39 44 1
44 39 1
39 80 1
80 39 1
39 90 -1
90 39 -1
39 109 1
109 39 1
39 119 -1
119 39 -1
39 164 1
164 39 1
39 171 1
171 39 1
39 201 1
201 39 1
39 211 1
211 39 1
39 212 -1
212 39 -1
39 247 1
247 39 1
39 356 1
356 39 1
39 397 -1
397 39 -1
39 408 -1
408 39 -1
39 414 -1
414 39 -1
39 416 1
416 39 1
39 427 1
427 39 1
39 464 1
464 39 1
39 468 1
468 39 1
40 50 1
50 40 1
40 87 1
87 40 1
40 108 1
108 40 1
40 110 -1
110 40 -1
40 178 1
178 40 1
40 183 1
183 40 1
40 184 1
184 40 1
40 192 1
192 40 1
40 226 -1
226 40 -1
40 255 -1
255 40 -1
40 282 1
282 40 1
40 301 -1
301 40 -1
40 345 1
345 40 1
40 360 1
360 40 1
40 406 1
406 40 1
40 410 1
410 40 1
40 497 1
497 40 1
41 77 1
77 41 1
41 97 1
97 41 1
41 99 1
99 41 1
41 102 1
102 41 1
41 105 1
105 41 1
41 107 1
107 41 1
41 144 1
144 41 1
41 149 1
149 41 1
41 173 1
173 41 1
41 181 1
181 41 1
41 187 -1
187 41 -1
41 202 1
202 41 1
41 224 1
224 41 1
41 273 1
273 41 1
41 358 1
358 41 1
41 423 1
423 41 1
41 433 1
433 41 1
41 460 1
460 41 1
41 482 -1
482 41 -1
42 64 -1
64 42 -1
42 78 1
78 42 1
42 111 1
111 42 1
42 135 1
135 42 1
42 264 1
264 42 1
42 290 1
290 42 1
42 304 1
304 42 1
42 319 1
319 42 1
42 349 -1
349 42 -1
42 353 1
353 42 1
42 367 1
367 42 1
42 370 -1
370 42 -1
42 372 1
372 42 1
42 373 -1
373 42 -1
42 385 1
385 42 1
42 451 1
451 42 1
42 458 1
458 42 1
42 470 1
470 42 1
42 488 1
488 42 1
42 491 -1
491 42 -1
43 86 -1
86 43 -1
43 103 1
103 43 1
43 159 -1
159 43 -1
43 194 1
194 43 1
43 251 1
251 43 1
43 303 1
303 43 1
43 317 1
317 43 1
43 318 1
318 43 1
43 363 1
363 43 1
43 366 -1
366 43 -1
43 380 1
380 43 1
43 394 1
394 43 1
43 418 -1
418 43 -1
43 434 1
434 43 1
43 436 1
436 43 1
43 437 1
437 43 1
43 457 1
457 43 1
43 495 -1
495 43 -1
44 80 1
80 44 1
44 109 1
109 44 1
44 119 1
119 44 1
44 146 -1
146 44 -1
44 164 -1
164 44 -1
44 171 1
171 44 1
44 201 1
201 44 1
44 211 1
211 44 1
44 217 -1
217 44 -1
44 356 1
356 44 1
44 397 1
397 44 1
44 408 1
408 44 1
44 414 1
414 44 1
44 416 1
416 44 1
44 427 1
427 44 1
44 464 1
464 44 1
44 468 1
468 44 1
44 482 1
482 44 1
45 56 -1
56 45 -1
45 102 1
102 45 1
45 104 1
104 45 1
45 125 1
125 45 1
45 133 1
133 45 1
45 165 1
165 45 1
45 216 1
216 45 1
45 217 1
217 45 1
45 229 1
229 45 1
45 230 1
230 45 1
45 322 -1
322 45 -1
45 336 1
336 45 1
45 386 1
386 45 1
45 412 1
412 45 1
45 438 -1
438 45 -1
45 472 1
472 45 1
45 476 1
476 45 1
46 73 1
73 46 1
46 95 -1
95 46 -1
46 114 1
114 46 1
46 141 1
141 46 1
46 197 1
197 46 1
46 218 -1
218 46 -1
46 223 1
223 46 1
46 225 1
225 46 1
46 243 -1
243 46 -1
46 300 -1
300 46 -1
46 311 1
311 46 1
46 338 1
338 46 1
46 371 1
371 46 1
46 374 1
374 46 1
46 425 -1
425 46 -1
46 439 1
439 46 1
46 442 1
442 46 1
46 448 -1
448 46 -1
46 499 -1
499 46 -1
47 130 1
130 47 1
47 156 1
156 47 1
47 159 1
159 47 1
47 188 1
188 47 1
47 208 1
208 47 1
47 230 -1
230 47 -1
47 235 1
235 47 1
47 249 1
249 47 1
47 268 -1
268 47 -1
47 278 -1
278 47 -1
47 281 1
281 47 1
47 317 -1
317 47 -1
47 388 1
388 47 1
47 443 1
443 47 1
47 444 1
444 47 1
47 465 1
465 47 1
47 481 1
481 47 1
48 81 1
81 48 1
48 92 1
92 48 1
48 126 1
126 48 1
48 148 1
148 48 1
48 154 1
154 48 1
48 203 1
203 48 1
48 233 1
233 48 1
48 265 1
265 48 1
48 296 1
296 48 1
48 309 -1
309 48 -1
48 314 1
314 48 1
48 323 1
323 48 1
48 325 1
325 48 1
48 327 -1
327 48 -1
48 387 1
387 48 1
48 391 -1
391 48 -1
48 430 1
430 48 1
48 435 1
435 48 1
48 485 -1
485 48 -1
49 82 1
82 49 1
49 83 1
83 49 1
49 89 1
89 49 1
49 101 -1
101 49 -1
49 113 1
113 49 1
49 136 -1
136 49 -1
49 182 1
182 49 1
49 195 -1
195 49 -1
49 241 1
241 49 1
49 252 1
252 49 1
49 294 1
294 49 1
49 307 1
307 49 1
49 341 -1
341 49 -1
49 355 1
355 49 1
49 362 1
362 49 1
49 391 -1
391 49 -1
49 431 1
431 49 1
49 490 1
490 49 1
49 498 1
498 49 1
50 87 -1
87 50 -1
50 108 -1
108 50 -1
50 110 1
110 50 1
50 175 1
175 50 1
50 178 1
178 50 1
50 183 1
183 50 1
50 184 1
184 50 1
50 192 -1
192 50 -1
50 226 1
226 50 1
50 255 1
255 50 1
50 282 1
282 50 1
50 324 -1
324 50 -1
50 345 1
345 50 1
50 360 1
360 50 1
50 406 1
406 50 1
50 410 1
410 50 1
50 497 1
497 50 1
51 55 1
55 51 1
51 68 1
68 51 1
51 72 1
72 51 1
51 100 1
100 51 1
51 122 -1
122 51 -1
51 136 1
136 51 1
51 138 1
138 51 1
51 191 1
191 51 1
51 210 1
210 51 1
51 245 -1
245 51 -1
51 254 -1
254 51 -1
51 256 1
256 51 1
51 287 1
287 51 1
51 316 1
316 51 1
51 331 1
331 51 1
51 352 -1
352 51 -1
51 379 1
379 51 1
51 416 1
416 51 1
51 467 1
467 51 1
52 54 1
54 52 1
52 70 1
70 52 1
52 93 -1
93 52 -1
52 96 1
96 52 1
52 128 1
128 52 1
52 131 1
131 52 1
52 155 -1
155 52 -1
52 157 1
157 52 1
52 158 1
158 52 1
52 189 1
189 52 1
52 207 1
207 52 1
52 227 1
227 52 1
52 228 1
228 52 1
52 237 -1
237 52 -1
52 292 -1
292 52 -1
52 348 1
348 52 1
52 369 1
369 52 1
52 417 -1
417 52 -1
52 471 1
471 52 1
53 65 1
65 53 1
53 106 -1
106 53 -1
53 115 -1
115 53 -1
53 123 1
123 53 1
53 137 1
137 53 1
53 151 1
151 53 1
53 212 1
212 53 1
53 215 1
215 53 1
53 236 -1
236 53 -1
53 242 1
242 53 1
53 250 -1
250 53 -1
53 262 1
262 53 1
53 269 1
269 53 1
53 312 1
312 53 1
53 350 1
350 53 1
53 412 -1
412 53 -1
53 442 -1
442 53 -1
53 469 1
469 53 1
54 70 1
70 54 1
54 93 1
93 54 1
54 96 1
96 54 1
54 128 1
128 54 1
54 131 1
131 54 1
54 140 -1
140 54 -1
54 158 1
158 54 1
54 189 1
189 54 1
54 207 1
207 54 1
54 227 1
227 54 1
54 228 -1
228 54 -1
54 292 -1
292 54 -1
54 348 1
348 54 1
54 368 -1
368 54 -1
54 369 1
369 54 1
54 417 1
417 54 1
54 471 1
471 54 1
55 68 1
68 55 1
55 72 1
72 55 1
55 100 1
100 55 1
55 122 1
122 55 1
55 136 1
136 55 1
55 138 1
138 55 1
55 191 1
191 55 1
55 210 1
210 55 1
55 245 1
245 55 1
55 254 -1
254 55 -1
55 256 1
256 55 1
55 257 1
257 55 1
55 287 1
287 55 1
55 316 1
316 55 1
55 331 1
331 55 1
55 379 1
379 55 1
55 393 1
393 55 1
55 467 1
467 55 1
55 498 -1
498 55 -1
56 102 -1
102 56 -1
56 104 1
104 56 1
56 125 1
125 56 1
56 133 1
133 56 1
56 165 1
165 56 1
56 216 1
216 56 1
56 217 1
217 56 1
56 229 1
229 56 1
56 230 1
230 56 1
56 277 1
277 56 1
56 322 1
322 56 1
56 336 1
336 56 1
56 386 1
386 56 1
56 472 -1
472 56 -1
56 476 1
476 56 1
56 479 1
479 56 1
57 61 1
61 57 1
57 91 1
91 57 1
57 116 1
116 57 1
57 121 1
121 57 1
57 280 -1
280 57 -1
57 284 1
284 57 1
57 333 -1
333 57 -1
57 339 1
339 57 1
57 347 1
347 57 1
57 378 1
378 57 1
57 407 1
407 57 1
57 438 1
438 57 1
57 441 1
441 57 1
57 453 1
453 57 1
57 463 1
463 57 1
57 480 1
480 57 1
57 486 1
486 57 1
58 60 1
60 58 1
58 124 -1
124 58 -1
58 127 1
127 58 1
58 153 -1
153 58 -1
58 160 1
160 58 1
58 185 1
185 58 1
58 221 -1
221 58 -1
58 320 1
320 58 1
58 324 1
324 58 1
58 333 -1
333 58 -1
58 361 1
361 58 1
58 367 -1
367 58 -1
58 377 -1
377 58 -1
58 409 1
409 58 1
58 421 1
421 58 1
58 422 1
422 58 1
58 447 1
447 58 1
58 474 1
474 58 1
58 492 1
492 58 1
59 179 1
179 59 1
59 200 -1
200 59 -1
59 239 -1
239 59 -1
59 295 1
295 59 1
59 326 1
326 59 1
59 342 -1
342 59 -1
59 346 1
346 59 1
59 365 1
365 59 1
59 370 1
370 59 1
59 375 1
375 59 1
59 377 -1
377 59 -1
59 405 -1
405 59 -1
59 415 -1
415 59 -1
59 429 1
429 59 1
59 440 1
440 59 1
59 446 1
446 59 1
59 455 1
455 59 1
59 459 1
459 59 1
59 461 1
461 59 1
59 483 -1
483 59 -1
60 85 -1
85 60 -1
60 104 -1
104 60 -1
60 124 -1
124 60 -1
60 127 -1
127 60 -1
60 153 1
153 60 1
60 160 1
160 60 1
60 185 1
185 60 1
60 221 1
221 60 1
60 320 1
320 60 1
60 324 1
324 60 1
60 333 1
333 60 1
60 337 1
337 60 1
60 361 1
361 60 1
60 409 1
409 60 1
60 421 1
421 60 1
60 422 -1
422 60 -1
60 447 -1
447 60 -1
60 492 1
492 60 1
61 91 1
91 61 1
61 121 1
121 61 1
61 280 1
280 61 1
61 284 -1
284 61 -1
61 302 -1
302 61 -1
61 339 1
339 61 1
61 347 1
347 61 1
61 378 1
378 61 1
61 407 1
407 61 1
61 438 1
438 61 1
61 441 -1
441 61 -1
61 453 1
453 61 1
61 463 1
463 61 1
61 480 1
480 61 1
61 484 1
484 61 1
61 486 -1
486 61 -1
62 66 1
66 62 1
62 117 1
117 62 1
62 120 1
120 62 1
62 137 1
137 62 1
62 140 1
140 62 1
62 146 -1
146 62 -1
62 161 -1
161 62 -1
62 167 1
167 62 1
62 193 1
193 62 1
62 219 1
219 62 1
62 240 1
240 62 1
62 271 1
271 62 1
62 276 1
276 62 1
62 299 1
299 62 1
62 302 -1
302 62 -1
62 315 1
315 62 1
62 359 1
359 62 1
62 411 1
411 62 1
62 472 -1
472 62 -1
63 98 1
98 63 1
63 152 1
152 63 1
63 196 1
196 63 1
63 223 -1
223 63 -1
63 261 1
261 63 1
63 270 1
270 63 1
63 298 1
298 63 1
63 306 -1
306 63 -1
63 321 1
321 63 1
63 344 1
344 63 1
63 392 -1
392 63 -1
63 398 1
398 63 1
63 419 1
419 63 1
63 449 1
449 63 1
63 452 -1
452 63 -1
63 462 -1
462 63 -1
63 479 1
479 63 1
63 494 1
494 63 1
64 78 1
78 64 1
64 88 -1
88 64 -1
64 111 -1
111 64 -1
64 135 1
135 64 1
64 136 -1
136 64 -1
64 244 -1
244 64 -1
64 264 1
264 64 1
64 290 1
290 64 1
64 304 1
304 64 1
64 353 1
353 64 1
64 367 1
367 64 1
64 370 -1
370 64 -1
64 372 1
372 64 1
64 373 1
373 64 1
64 385 -1
385 64 -1
64 451 1
451 64 1
64 458 1
458 64 1
64 470 1
470 64 1
64 488 1
488 64 1
65 80 -1
80 65 -1
65 106 1
106 65 1
65 115 1
115 65 1
65 123 1
123 65 1
65 137 1
137 65 1
65 151 1
151 65 1
65 212 -1
212 65 -1
65 215 1
215 65 1
65 236 -1
236 65 -1
65 242 -1
242 65 -1
65 250 1
250 65 1
65 262 -1
262 65 -1
65 269 1
269 65 1
65 312 1
312 65 1
65 350 1
350 65 1
65 398 -1
398 65 -1
65 406 -1
406 65 -1
66 117 1
117 66 1
66 120 1
120 66 1
66 146 1
146 66 1
66 161 1
161 66 1
66 164 -1
164 66 -1
66 167 1
167 66 1
66 193 -1
193 66 -1
66 219 1
219 66 1
66 240 1
240 66 1
66 271 1
271 66 1
66 276 1
276 66 1
66 299 1
299 66 1
66 302 1
302 66 1
66 315 -1
315 66 -1
66 359 1
359 66 1
66 395 -1
395 66 -1
66 411 1
411 66 1
66 454 1
454 66 1
67 75 1
75 67 1
67 109 -1
109 67 -1
67 118 1
118 67 1
67 143 1
143 67 1
67 162 1
162 67 1
67 174 1
174 67 1
67 176 1
176 67 1
67 180 1
180 67 1
67 206 -1
206 67 -1
67 220 1
220 67 1
67 222 -1
222 67 -1
67 234 1
234 67 1
67 285 1
285 67 1
67 308 1
308 67 1
67 332 1
332 67 1
67 402 1
402 67 1
67 403 1
403 67 1
67 404 1
404 67 1
67 450 1
450 67 1
68 72 -1
72 68 -1
68 100 1
100 68 1
68 122 -1
122 68 -1
68 136 -1
136 68 -1
68 138 1
138 68 1
68 191 1
191 68 1
68 198 1
198 68 1
68 245 1
245 68 1
68 248 -1
248 68 -1
68 254 1
254 68 1
68 256 1
256 68 1
68 287 1
287 68 1
68 316 1
316 68 1
68 331 1
331 68 1
68 352 1
352 68 1
68 379 1
379 68 1
68 393 1
393 68 1
68 467 1
467 68 1
69 71 1
71 69 1
69 90 1
90 69 1
69 94 1
94 69 1
69 147 1
147 69 1
69 170 1
170 69 1
69 206 -1
206 69 -1
69 272 1
272 69 1
69 279 1
279 69 1
69 283 1
283 69 1
69 288 1
288 69 1
69 293 -1
293 69 -1
69 342 1
342 69 1
69 390 1
390 69 1
69 399 1
399 69 1
69 401 1
401 69 1
69 408 -1
408 69 -1
69 466 -1
466 69 -1
69 477 -1
477 69 -1
69 478 -1
478 69 -1
69 484 1
484 69 1
70 93 1
93 70 1
70 96 1
96 70 1
70 128 1
128 70 1
70 131 1
131 70 1
70 157 1
157 70 1
70 158 1
158 70 1
70 189 1
189 70 1
70 207 1
207 70 1
70 215 -1
215 70 -1
70 227 1
227 70 1
70 228 1
228 70 1
70 292 1
292 70 1
70 339 -1
339 70 -1
70 348 1
348 70 1
70 369 1
369 70 1
70 471 1
471 70 1
71 90 1
90 71 1
71 94 1
94 71 1
71 147 1
147 71 1
71 170 1
170 71 1
71 206 1
206 71 1
71 218 1
218 71 1
71 269 -1
269 71 -1
71 272 1
272 71 1
71 283 -1
283 71 -1
71 288 1
288 71 1
71 293 1
293 71 1
71 342 1
342 71 1
71 390 1
390 71 1
71 401 1
401 71 1
71 432 -1
432 71 -1
71 466 -1
466 71 -1
71 477 1
477 71 1
71 478 1
478 71 1
71 484 1
484 71 1
72 100 1
100 72 1
72 101 -1
101 72 -1
72 122 1
122 72 1
72 136 1
136 72 1
72 138 1
138 72 1
72 191 1
191 72 1
72 210 -1
210 72 -1
72 254 1
254 72 1
72 256 1
256 72 1
72 287 1
287 72 1
72 316 1
316 72 1
72 331 1
331 72 1
72 352 1
352 72 1
72 379 1
379 72 1
72 393 1
393 72 1
72 420 -1
420 72 -1
72 467 1
467 72 1
73 78 -1
78 73 -1
73 95 -1
95 73 -1
73 114 1
114 73 1
73 141 1
141 73 1
73 197 1
197 73 1
73 218 1
218 73 1
73 225 1
225 73 1
73 300 -1
300 73 -1
73 311 1
311 73 1
73 338 1
338 73 1
73 371 1
371 73 1
73 374 1
374 73 1
73 424 -1
424 73 -1
73 425 -1
425 73 -1
73 439 1
439 73 1
73 442 -1
442 73 -1
73 448 -1
448 73 -1
74 139 1
139 74 1
74 163 1
163 74 1
74 168 1
168 74 1
74 177 1
177 74 1
74 204 1
204 74 1
74 214 1
214 74 1
74 253 1
253 74 1
74 259 1
259 74 1
74 341 1
341 74 1
74 343 -1
343 74 -1
74 357 1
357 74 1
74 366 -1
366 74 -1
74 372 -1
372 74 -1
74 399 1
399 74 1
74 413 1
413 74 1
74 456 -1
456 74 -1
74 496 1
496 74 1
75 118 1
118 75 1
75 143 1
143 75 1
75 162 1
162 75 1
75 174 1
174 75 1
75 176 1
176 75 1
75 220 1
220 75 1
75 222 1
222 75 1
75 234 1
234 75 1
75 285 1
285 75 1
75 308 -1
308 75 -1
75 332 1
332 75 1
75 402 1
402 75 1
75 403 1
403 75 1
75 404 1
404 75 1
75 406 -1
406 75 -1
75 450 1
450 75 1
76 172 1
172 76 1
76 243 -1
243 76 -1
76 257 1
257 76 1
76 277 1
277 76 1
76 289 1
289 76 1
76 328 1
328 76 1
76 335 1
335 76 1
76 354 1
354 76 1
76 364 1
364 76 1
76 376 1
376 76 1
76 389 1
389 76 1
76 439 1
439 76 1
76 445 1
445 76 1
76 491 1
491 76 1
76 496 -1
496 76 -1
76 499 -1
499 76 -1
77 97 -1
97 77 -1
77 99 1
99 77 1
77 105 -1
105 77 -1
77 107 1
107 77 1
77 144 1
144 77 1
77 149 1
149 77 1
77 157 1
157 77 1
77 173 1
173 77 1
77 181 1
181 77 1
77 187 -1
187 77 -1
77 202 1
202 77 1
77 218 -1
218 77 -1
77 224 1
224 77 1
77 231 1
231 77 1
77 273 1
273 77 1
77 358 1
358 77 1
77 423 -1
423 77 -1
77 433 1
433 77 1
77 460 1
460 77 1
78 111 1
111 78 1
78 135 -1
135 78 -1
78 162 1
162 78 1
78 244 -1
244 78 -1
78 264 1
264 78 1
78 290 1
290 78 1
78 304 1
304 78 1
78 319 1
319 78 1
78 353 1
353 78 1
78 367 1
367 78 1
78 370 1
370 78 1
78 373 1
373 78 1
78 385 1
385 78 1
78 451 -1
451 78 -1
78 458 1
458 78 1
78 470 -1
470 78 -1
78 488 1
488 78 1
79 85 -1
85 79 -1
79 99 -1
99 79 -1
79 129 1
129 79 1
79 142 1
142 79 1
79 190 1
190 79 1
79 198 -1
198 79 -1
79 213 1
213 79 1
79 237 1
237 79 1
79 238 1
238 79 1
79 263 1
263 79 1
79 274 1
274 79 1
79 275 -1
275 79 -1
79 286 1
286 79 1
79 291 1
291 79 1
79 330 1
330 79 1
79 351 -1
351 79 -1
79 382 1
382 79 1
79 420 1
420 79 1
79 427 -1
427 79 -1
80 109 1
109 80 1
80 119 1
119 80 1
80 164 1
164 80 1
80 171 1
171 80 1
80 211 1
211 80 1
80 247 1
247 80 1
80 253 1
253 80 1
80 356 1
356 80 1
80 397 1
397 80 1
80 408 1
408 80 1
80 414 1
414 80 1
80 416 -1
416 80 -1
80 427 1
427 80 1
80 464 1
464 80 1
80 468 1
468 80 1
80 482 1
482 80 1
81 92 1
92 81 1
81 106 -1
106 81 -1
81 126 1
126 81 1
81 139 -1
139 81 -1
81 148 1
148 81 1
81 154 1
154 81 1
81 155 1
155 81 1
81 203 1
203 81 1
81 233 1
233 81 1
81 265 1
265 81 1
81 296 1
296 81 1
81 309 1
309 81 1
81 314 1
314 81 1
81 323 1
323 81 1
81 325 1
325 81 1
81 387 1
387 81 1
81 430 1
430 81 1
81 435 1
435 81 1
81 485 1
485 81 1
82 83 -1
83 82 -1
82 89 1
89 82 1
82 101 1
101 82 1
82 112 1
112 82 1
82 113 1
113 82 1
82 195 1
195 82 1
82 241 1
241 82 1
82 252 1
252 82 1
82 294 1
294 82 1
82 307 1
307 82 1
82 349 -1
349 82 -1
82 355 1
355 82 1
82 362 1
362 82 1
82 391 1
391 82 1
82 431 1
431 82 1
82 490 -1
490 82 -1
82 493 -1
493 82 -1
82 498 1
498 82 1
83 89 1
89 83 1
83 101 1
101 83 1
83 112 1
112 83 1
83 113 1
113 83 1
83 157 -1
157 83 -1
83 182 1
182 83 1
83 195 1
195 83 1
83 229 -1
229 83 -1
83 241 -1
241 83 -1
83 294 1
294 83 1
83 307 1
307 83 1
83 355 1
355 83 1
83 362 1
362 83 1
83 391 1
391 83 1
83 431 1
431 83 1
83 490 -1
490 83 -1
83 498 1
498 83 1
84 88 -1
88 84 -1
84 137 1
137 84 1
84 145 1
145 84 1
84 186 -1
186 84 -1
84 205 1
205 84 1
84 209 1
209 84 1
84 246 1
246 84 1
84 258 1
258 84 1
84 260 -1
260 84 -1
84 267 -1
267 84 -1
84 297 1
297 84 1
84 310 1
310 84 1
84 329 -1
329 84 -1
84 349 1
349 84 1
84 384 1
384 84 1
84 395 1
395 84 1
84 396 1
396 84 1
84 425 1
425 84 1
84 456 1
456 84 1
85 129 1
129 85 1
85 142 1
142 85 1
85 190 1
190 85 1
85 198 1
198 85 1
85 213 1
213 85 1
85 237 1
237 85 1
85 238 1
238 85 1
85 263 1
263 85 1
85 264 -1
264 85 -1
85 274 1
274 85 1
85 275 1
275 85 1
85 286 1
286 85 1
85 291 1
291 85 1
85 313 1
313 85 1
85 330 1
330 85 1
85 351 -1
351 85 -1
85 420 1
420 85 1
86 103 -1
103 86 -1
86 191 -1
191 86 -1
86 194 1
194 86 1
86 220 1
220 86 1
86 251 1
251 86 1
86 303 1
303 86 1
86 318 -1
318 86 -1
86 363 1
363 86 1
86 380 1
380 86 1
86 394 1
394 86 1
86 418 1
418 86 1
86 434 1
434 86 1
86 436 1
436 86 1
86 437 1
437 86 1
86 457 1
457 86 1
86 489 1
489 86 1
86 495 -1
495 86 -1
87 89 -1
89 87 -1
87 108 1
108 87 1
87 110 1
110 87 1
87 171 -1
171 87 -1
87 175 1
175 87 1
87 178 -1
178 87 -1
87 183 1
183 87 1
87 184 1
184 87 1
87 192 1
192 87 1
87 226 1
226 87 1
87 282 1
282 87 1
87 301 1
301 87 1
87 345 1
345 87 1
87 360 1
360 87 1
87 406 -1
406 87 -1
87 410 1
410 87 1
87 497 -1
497 87 -1
88 145 1
145 88 1
88 186 1
186 88 1
88 205 1
205 88 1
88 209 1
209 88 1
88 246 1
246 88 1
88 258 1
258 88 1
88 260 1
260 88 1
88 297 1
297 88 1
88 310 1
310 88 1
88 329 1
329 88 1
88 349 1
349 88 1
88 384 1
384 88 1
88 395 1
395 88 1
88 396 1
396 88 1
88 411 1
411 88 1
88 456 1
456 88 1
88 475 1
475 88 1
89 101 1
101 89 1
89 112 1
112 89 1
89 113 1
113 89 1
89 182 1
182 89 1
89 195 1
195 89 1
89 241 -1
241 89 -1
89 252 1
252 89 1
89 294 1
294 89 1
89 307 1
307 89 1
89 355 1
355 89 1
89 362 -1
362 89 -1
89 388 -1
388 89 -1
89 391 -1
391 89 -1
89 431 1
431 89 1
89 490 1
490 89 1
90 94 1
94 90 1
90 147 1
147 90 1
90 170 1
170 90 1
90 206 1
206 90 1
90 272 1
272 90 1
90 279 1
279 90 1
90 288 1
288 90 1
90 293 1
293 90 1
90 294 -1
294 90 -1
90 342 -1
342 90 -1
90 390 1
390 90 1
90 401 1
401 90 1
90 432 1
432 90 1
90 466 -1
466 90 -1
90 477 1
477 90 1
90 478 1
478 90 1
90 484 1
484 90 1
91 116 -1
116 91 -1
91 121 1
121 91 1
91 173 1
173 91 1
91 280 1
280 91 1
91 284 1
284 91 1
91 308 -1
308 91 -1
91 339 1
339 91 1
91 347 1
347 91 1
91 378 -1
378 91 -1
91 407 -1
407 91 -1
91 438 1
438 91 1
91 441 -1
441 91 -1
91 463 1
463 91 1
91 480 1
480 91 1
91 486 1
486 91 1
92 110 -1
110 92 -1
92 126 1
126 92 1
92 148 1
148 92 1
92 155 1
155 92 1
92 203 1
203 92 1
92 233 1
233 92 1
92 265 1
265 92 1
92 271 -1
271 92 -1
92 296 1
296 92 1
92 309 1
309 92 1
92 314 1
314 92 1
92 323 1
323 92 1
92 325 1
325 92 1
92 327 1
327 92 1
92 387 1
387 92 1
92 430 1
430 92 1
92 435 1
435 92 1
92 485 1
485 92 1
93 96 1
96 93 1
93 119 -1
119 93 -1
93 128 1
128 93 1
93 131 1
131 93 1
93 146 -1
146 93 -1
93 157 -1
157 93 -1
93 158 1
158 93 1
93 189 1
189 93 1
93 207 1
207 93 1
93 227 -1
227 93 -1
93 292 1
292 93 1
93 348 1
348 93 1
93 369 1
369 93 1
93 417 1
417 93 1
93 471 1
471 93 1
94 97 -1
97 94 -1
94 147 1
147 94 1
94 170 1
170 94 1
94 206 1
206 94 1
94 245 -1
245 94 -1
94 272 1
272 94 1
94 279 1
279 94 1
94 283 -1
283 94 -1
94 288 1
288 94 1
94 293 -1
293 94 -1
94 342 1
342 94 1
94 401 1
401 94 1
94 432 1
432 94 1
94 466 1
466 94 1
94 477 1
477 94 1
94 478 1
478 94 1
94 484 1
484 94 1
95 114 -1
114 95 -1
95 141 1
141 95 1
95 163 -1
163 95 -1
95 197 1
197 95 1
95 218 1
218 95 1
95 223 1
223 95 1
95 225 1
225 95 1
95 306 -1
306 95 -1
95 311 -1
311 95 -1
95 338 1
338 95 1
95 371 1
371 95 1
95 374 1
374 95 1
95 425 1
425 95 1
95 439 1
439 95 1
95 442 1
442 95 1
95 448 1
448 95 1
96 131 1
131 96 1
96 157 1
157 96 1
96 158 1
158 96 1
96 189 -1
189 96 -1
96 207 -1
207 96 -1
96 227 1
227 96 1
96 228 1
228 96 1
96 269 -1
269 96 -1
96 292 1
292 96 1
96 305 -1
305 96 -1
96 348 1
348 96 1
96 369 1
369 96 1
96 417 1
417 96 1
96 471 1
471 96 1
97 99 1
99 97 1
97 105 -1
105 97 -1
97 107 1
107 97 1
97 128 -1
128 97 -1
97 144 1
144 97 1
97 149 1
149 97 1
97 173 1
173 97 1
97 181 1
181 97 1
97 187 1
187 97 1
97 202 1
202 97 1
97 224 1
224 97 1
97 231 1
231 97 1
97 273 1
273 97 1
97 358 1
358 97 1
97 423 -1
423 97 -1
97 460 1
460 97 1
98 152 1
152 98 1
98 196 1
196 98 1
98 248 1
248 98 1
98 261 1
261 98 1
98 270 1
270 98 1
98 306 1
306 98 1
98 321 1
321 98 1
98 344 -1
344 98 -1
98 392 1
392 98 1
98 396 -1
396 98 -1
98 419 -1
419 98 -1
98 449 1
449 98 1
98 452 1
452 98 1
98 462 1
462 98 1
98 479 1
479 98 1
98 484 1
484 98 1
98 494 1
494 98 1
99 105 1
105 99 1
99 107 -1
107 99 -1
99 144 1
144 99 1
99 173 1
173 99 1
99 181 1
181 99 1
99 187 -1
187 99 -1
99 202 1
202 99 1
99 224 1
224 99 1
99 231 1
231 99 1
99 273 -1
273 99 -1
99 343 -1
343 99 -1
99 358 1
358 99 1
99 423 1
423 99 1
99 433 -1
433 99 -1
99 460 1
460 99 1
100 122 1
122 100 1
100 136 1
136 100 1
100 138 1
138 100 1
100 191 1
191 100 1
100 210 1
210 100 1
100 245 1
245 100 1
100 254 1
254 100 1
100 256 1
256 100 1
100 287 1
287 100 1
100 316 1
316 100 1
100 331 1
331 100 1
100 352 1
352 100 1
100 393 1
393 100 1
100 464 -1
464 100 -1
100 467 1
467 100 1
100 488 -1
488 100 -1
101 112 1
112 101 1
101 113 1
113 101 1
101 182 1
182 101 1
101 241 1
241 101 1
101 252 1
252 101 1
101 294 1
294 101 1
101 307 1
307 101 1
101 355 1
355 101 1
101 362 1
362 101 1
101 391 1
391 101 1
101 431 1
431 101 1
101 445 -1
445 101 -1
101 490 1
490 101 1
101 498 1
498 101 1
102 125 1
125 102 1
102 133 1
133 102 1
102 165 -1
165 102 -1
102 216 1
216 102 1
102 217 1
217 102 1
102 229 1
229 102 1
102 230 1
230 102 1
102 322 1
322 102 1
102 336 1
336 102 1
102 345 -1
345 102 -1
102 386 1
386 102 1
102 412 1
412 102 1
102 472 -1
472 102 -1
102 476 1
476 102 1
103 194 1
194 103 1
103 219 1
219 103 1
103 251 1
251 103 1
103 303 1
303 103 1
103 317 1
317 103 1
103 318 1
318 103 1
103 358 -1
358 103 -1
103 363 -1
363 103 -1
103 380 1
380 103 1
103 418 1
418 103 1
103 434 1
434 103 1
103 436 1
436 103 1
103 437 1
437 103 1
103 457 1
457 103 1
103 489 1
489 103 1
103 495 1
495 103 1
104 125 1
125 104 1
104 133 -1
133 104 -1
104 165 1
165 104 1
104 216 1
216 104 1
104 217 1
217 104 1
104 229 1
229 104 1
104 230 1
230 104 1
104 322 1
322 104 1
104 336 1
336 104 1
104 386 1
386 104 1
104 403 -1
403 104 -1
104 412 1
412 104 1
104 472 1
472 104 1
104 476 -1
476 104 -1
105 107 1
107 105 1
105 149 1
149 105 1
105 173 1
173 105 1
105 181 1
181 105 1
105 187 1
187 105 1
105 202 1
202 105 1
105 224 1
224 105 1
105 231 1
231 105 1
105 273 1
273 105 1
105 342 -1
342 105 -1
105 358 -1
358 105 -1
105 423 1
423 105 1
105 433 1
433 105 1
105 460 1
460 105 1
106 115 1
115 106 1
106 137 1
137 106 1
106 151 1
151 106 1
106 211 -1
211 106 -1
106 212 1
212 106 1
106 215 1
215 106 1
106 236 -1
236 106 -1
106 242 -1
242 106 -1
106 250 1
250 106 1
106 262 -1
262 106 -1
106 269 -1
269 106 -1
106 312 1
312 106 1
106 350 1
350 106 1
106 398 1
398 106 1
106 469 1
469 106 1
107 122 -1
122 107 -1
107 144 -1
144 107 -1
107 149 -1
149 107 -1
107 173 -1
173 107 -1
107 181 1
181 107 1
107 187 -1
187 107 -1
107 196 -1
196 107 -1
107 202 1
202 107 1
107 224 1
224 107 1
107 231 1
231 107 1
107 273 1
273 107 1
107 358 1
358 107 1
107 423 1
423 107 1
107 433 -1
433 107 -1
108 110 1
110 108 1
108 161 -1
161 108 -1
108 175 1
175 108 1
108 178 -1
178 108 -1
108 183 -1
183 108 -1
108 184 1
184 108 1
108 192 1
192 108 1
108 226 -1
226 108 -1
108 255 1
255 108 1
108 282 1
282 108 1
108 301 1
301 108 1
108 304 -1
304 108 -1
108 345 -1
345 108 -1
108 360 -1
360 108 -1
108 406 1
406 108 1
108 497 -1
497 108 -1
109 119 1
119 109 1
109 164 1
164 109 1
109 171 -1
171 109 -1
109 201 1
201 109 1
109 211 1
211 109 1
109 247 1
247 109 1
109 265 1
265 109 1
109 356 1
356 109 1
109 408 1
408 109 1
109 414 1
414 109 1
109 416 -1
416 109 -1
109 427 -1
427 109 -1
109 464 1
464 109 1
109 468 -1
468 109 -1
109 482 1
482 109 1
110 175 1
175 110 1
110 178 1
178 110 1
110 183 1
183 110 1
110 184 1
184 110 1
110 192 -1
192 110 -1
110 255 1
255 110 1
110 282 1
282 110 1
110 301 1
301 110 1
110 345 1
345 110 1
110 360 1
360 110 1
110 406 -1
406 110 -1
110 410 1
410 110 1
110 412 -1
412 110 -1
110 497 1
497 110 1
111 135 1
135 111 1
111 145 1
145 111 1
111 244 1
244 111 1
111 264 1
264 111 1
111 290 1
290 111 1
111 304 1
304 111 1
111 319 1
319 111 1
111 353 -1
353 111 -1
111 367 1
367 111 1
111 370 1
370 111 1
111 372 1
372 111 1
111 373 1
373 111 1
111 385 1
385 111 1
111 451 1
451 111 1
111 458 1
458 111 1
111 488 1
488 111 1
111 498 -1
498 111 -1
112 113 1
113 112 1
112 182 1
182 112 1
112 195 1
195 112 1
112 241 1
241 112 1
112 252 -1
252 112 -1
112 266 1
266 112 1
112 294 1
294 112 1
112 307 -1
307 112 -1
112 355 1
355 112 1
112 362 1
362 112 1
112 391 1
391 112 1
112 431 1
431 112 1
112 490 1
490 112 1
112 498 1
498 112 1
113 152 -1
152 113 -1
113 175 1
175 113 1
113 182 1
182 113 1
113 195 1
195 113 1
113 241 1
241 113 1
113 252 1
252 113 1
113 294 1
294 113 1
113 355 1
355 113 1
113 362 1
362 113 1
113 391 1
391 113 1
113 431 1
431 113 1
113 490 1
490 113 1
113 498 -1
498 113 -1
114 141 1
141 114 1
114 197 1
197 114 1
114 202 -1
202 114 -1
114 218 -1
218 114 -1
114 223 1
223 114 1
114 225 1
225 114 1
114 300 1
300 114 1
114 311 1
311 114 1
114 337 -1
337 114 -1
114 338 1
338 114 1
114 371 1
371 114 1
114 374 1
374 114 1
114 439 -1
439 114 -1
114 442 1
442 114 1
114 448 1
448 114 1
115 123 1
123 115 1
115 137 1
137 115 1
115 151 1
151 115 1
115 212 -1
212 115 -1
115 215 1
215 115 1
115 242 1
242 115 1
115 244 1
244 115 1
115 250 1
250 115 1
115 262 1
262 115 1
115 269 1
269 115 1
115 312 1
312 115 1
115 350 1
350 115 1
115 398 1
398 115 1
115 469 1
469 115 1
115 470 -1
470 115 -1
116 121 1
121 116 1
116 280 -1
280 116 -1
116 284 1
284 116 1
116 317 -1
317 116 -1
116 339 1
339 116 1
116 347 1
347 116 1
116 350 -1
350 116 -1
116 378 1
378 116 1
116 407 1
407 116 1
116 438 1
438 116 1
116 441 1
441 116 1
116 453 1
453 116 1
116 463 1
463 116 1
116 480 1
480 116 1
116 486 1
486 116 1
117 120 1
120 117 1
117 140 1
140 117 1
117 146 -1
146 117 -1
117 161 1
161 117 1
117 167 1
167 117 1
117 193 1
193 117 1
117 205 -1
205 117 -1
117 219 1
219 117 1
117 240 1
240 117 1
117 241 -1
241 117 -1
117 271 1
271 117 1
117 276 1
276 117 1
117 299 -1
299 117 -1
117 302 1
302 117 1
117 315 1
315 117 1
117 359 1
359 117 1
117 454 1
454 117 1
118 143 1
143 118 1
118 155 -1
155 118 -1
118 162 1
162 118 1
118 176 -1
176 118 -1
118 180 1
180 118 1
118 220 1
220 118 1
118 222 1
222 118 1
118 234 1
234 118 1
118 285 -1
285 118 -1
118 308 -1
308 118 -1
118 309 1
309 118 1
118 332 1
332 118 1
118 402 1
402 118 1
118 403 1
403 118 1
118 404 1
404 118 1
118 450 1
450 118 1
119 164 1
164 119 1
119 171 -1
171 119 -1
119 201 1
201 119 1
119 211 1
211 119 1
119 247 1
247 119 1
119 387 -1
387 119 -1
119 397 1
397 119 1
119 408 1
408 119 1
119 414 1
414 119 1
119 416 1
416 119 1
119 427 1
427 119 1
119 464 1
464 119 1
119 468 1
468 119 1
119 482 -1
482 119 -1
120 140 1
140 120 1
120 146 1
146 120 1
120 151 1
151 120 1
120 161 -1
161 120 -1
120 167 1
167 120 1
120 193 1
193 120 1
120 219 1
219 120 1
120 240 1
240 120 1
120 271 1
271 120 1
120 276 1
276 120 1
120 289 -1
289 120 -1
120 299 1
299 120 1
120 302 1
302 120 1
120 359 1
359 120 1
120 411 1
411 120 1
120 454 1
454 120 1
121 214 1
214 121 1
121 280 1
280 121 1
121 284 1
284 121 1
121 339 1
339 121 1
121 347 1
347 121 1
121 364 -1
364 121 -1
121 407 1
407 121 1
121 438 1
438 121 1
121 441 1
441 121 1
121 453 1
453 121 1
121 463 1
463 121 1
121 480 1
480 121 1
121 486 1
486 121 1
122 138 1
138 122 1
122 191 1
191 122 1
122 210 1
210 122 1
122 217 -1
217 122 -1
122 245 1
245 122 1
122 254 1
254 122 1
122 256 1
256 122 1
122 287 1
287 122 1
122 316 1
316 122 1
122 331 -1
331 122 -1
122 352 -1
352 122 -1
122 379 1
379 122 1
122 393 1
393 122 1
122 467 -1
467 122 -1
123 137 1
137 123 1
123 151 -1
151 123 -1
123 193 -1
193 123 -1
123 212 1
212 123 1
123 215 1
215 123 1
123 236 1
236 123 1
123 242 1
242 123 1
123 250 -1
250 123 -1
123 262 -1
262 123 -1
123 269 1
269 123 1
123 312 1
312 123 1
123 337 1
337 123 1
123 350 1
350 123 1
123 398 1
398 123 1
123 469 1
469 123 1
124 127 1
127 124 1
124 153 1
153 124 1
124 160 1
160 124 1
124 185 1
185 124 1
124 208 -1
208 124 -1
124 221 1
221 124 1
124 320 1
320 124 1
124 324 1
324 124 1
124 337 1
337 124 1
124 361 -1
361 124 -1
124 409 1
409 124 1
124 421 -1
421 124 -1
124 422 -1
422 124 -1
124 447 1
447 124 1
124 474 -1
474 124 -1
124 492 1
492 124 1
125 130 -1
130 125 -1
125 133 1
133 125 1
125 165 1
165 125 1
125 216 1
216 125 1
125 217 1
217 125 1
125 229 1
229 125 1
125 230 1
230 125 1
125 322 1
322 125 1
125 323 -1
323 125 -1
125 336 1
336 125 1
125 386 -1
386 125 -1
125 412 1
412 125 1
125 472 1
472 125 1
125 476 1
476 125 1
126 148 -1
148 126 -1
126 154 1
154 126 1
126 155 1
155 126 1
126 203 -1
203 126 -1
126 233 1
233 126 1
126 265 1
265 126 1
126 309 1
309 126 1
126 314 1
314 126 1
126 323 1
323 126 1
126 325 1
325 126 1
126 327 1
327 126 1
126 387 -1
387 126 -1
126 402 -1
402 126 -1
126 430 1
430 126 1
126 435 1
435 126 1
126 485 1
485 126 1
127 153 1
153 127 1
127 160 1
160 127 1
127 185 -1
185 127 -1
127 221 1
221 127 1
127 291 -1
291 127 -1
127 320 1
320 127 1
127 324 1
324 127 1
127 326 -1
326 127 -1
127 333 1
333 127 1
127 337 1
337 127 1
127 361 1
361 127 1
127 409 1
409 127 1
127 421 1
421 127 1
127 422 1
422 127 1
127 447 -1
447 127 -1
127 474 -1
474 127 -1
128 131 1
131 128 1
128 157 1
157 128 1
128 158 1
158 128 1
128 189 1
189 128 1
128 207 1
207 128 1
128 227 1
227 128 1
128 228 1
228 128 1
128 292 1
292 128 1
128 348 -1
348 128 -1
128 369 1
369 128 1
128 417 1
417 128 1
128 462 -1
462 128 -1
128 471 1
471 128 1
129 142 1
142 129 1
129 190 1
190 129 1
129 198 1
198 129 1
129 213 1
213 129 1
129 237 1
237 129 1
129 238 1
238 129 1
129 263 1
263 129 1
129 274 1
274 129 1
129 275 1
275 129 1
129 286 1
286 129 1
129 291 1
291 129 1
129 313 1
313 129 1
129 330 1
330 129 1
129 351 1
351 129 1
129 382 1
382 129 1
129 420 1
420 129 1
129 423 -1
423 129 -1
129 465 1
465 129 1
130 147 -1
147 130 -1
130 156 1
156 130 1
130 159 1
159 130 1
130 166 1
166 130 1
130 188 1
188 130 1
130 235 1
235 130 1
130 249 1
249 130 1
130 268 1
268 130 1
130 278 1
278 130 1
130 281 1
281 130 1
130 388 1
388 130 1
130 443 1
443 130 1
130 444 1
444 130 1
130 465 1
465 130 1
130 481 1
481 130 1
131 157 1
157 131 1
131 158 1
158 131 1
131 159 -1
159 131 -1
131 189 1
189 131 1
131 207 1
207 131 1
131 227 1
227 131 1
131 228 1
228 131 1
131 292 1
292 131 1
131 348 1
348 131 1
131 369 -1
369 131 -1
131 386 -1
386 131 -1
131 417 1
417 131 1
132 134 1
134 132 1
132 169 1
169 132 1
132 194 -1
194 132 -1
132 199 1
199 132 1
132 204 -1
204 132 -1
132 232 1
232 132 1
132 266 -1
266 132 -1
132 305 1
305 132 1
132 334 1
334 132 1
132 340 1
340 132 1
132 368 1
368 132 1
132 381 1
381 132 1
132 383 -1
383 132 -1
132 400 1
400 132 1
132 424 -1
424 132 -1
132 487 1
487 132 1
132 493 1
493 132 1
132 500 1
500 132 1
133 165 1
165 133 1
133 185 -1
185 133 -1
133 216 1
216 133 1
133 217 1
217 133 1
133 229 1
229 133 1
133 322 1
322 133 1
133 336 1
336 133 1
133 386 1
386 133 1
133 390 -1
390 133 -1
133 412 1
412 133 1
133 472 1
472 133 1
133 476 1
476 133 1
134 169 -1
169 134 -1
134 189 -1
189 134 -1
134 199 1
199 134 1
134 232 1
232 134 1
134 305 1
305 134 1
134 334 1
334 134 1
134 340 1
340 134 1
134 368 -1
368 134 -1
134 373 -1
373 134 -1
134 381 1
381 134 1
134 383 1
383 134 1
134 400 -1
400 134 -1
134 424 1
424 134 1
134 428 1
428 134 1
134 487 1
487 134 1
134 493 1
493 134 1
134 500 -1
500 134 -1
135 174 -1
174 135 -1
135 244 1
244 135 1
135 255 -1
255 135 -1
135 264 1
264 135 1
135 290 1
290 135 1
135 304 1
304 135 1
135 319 1
319 135 1
135 353 1
353 135 1
135 370 1
370 135 1
135 372 1
372 135 1
135 373 1
373 135 1
135 385 1
385 135 1
135 451 1
451 135 1
135 458 1
458 135 1
135 470 1
470 135 1
135 488 1
488 135 1
136 138 1
138 136 1
136 191 1
191 136 1
136 210 1
210 136 1
136 245 1
245 136 1
136 254 1
254 136 1
136 256 -1
256 136 -1
136 287 1
287 136 1
136 316 1
316 136 1
136 331 1
331 136 1
136 352 1
352 136 1
136 379 1
379 136 1
136 393 1
393 136 1
136 467 1
467 136 1
137 151 1
151 137 1
137 212 1
212 137 1
137 215 1
215 137 1
137 236 -1
236 137 -1
137 242 1
242 137 1
137 250 1
250 137 1
137 262 1
262 137 1
137 269 1
269 137 1
137 350 1
350 137 1
137 398 1
398 137 1
137 469 1
469 137 1
138 191 1
191 138 1
138 210 1
210 138 1
138 245 1
245 138 1
138 254 1
254 138 1
138 256 1
256 138 1
138 287 -1
287 138 -1
138 316 1
316 138 1
138 352 1
352 138 1
138 379 -1
379 138 -1
138 393 1
393 138 1
138 405 -1
405 138 -1
138 409 -1
409 138 -1
138 467 1
467 138 1
139 163 1
163 139 1
139 168 1
168 139 1
139 177 1
177 139 1
139 204 1
204 139 1
139 214 1
214 139 1
139 253 -1
253 139 -1
139 259 -1
259 139 -1
139 341 1
341 139 1
139 343 -1
343 139 -1
139 357 -1
357 139 -1
139 366 1
366 139 1
139 402 1
402 139 1
139 413 1
413 139 1
139 426 1
426 139 1
139 496 1
496 139 1
140 146 1
146 140 1
140 161 1
161 140 1
140 167 1
167 140 1
140 193 1
193 140 1
140 219 1
219 140 1
140 240 1
240 140 1
140 271 1
271 140 1
140 276 1
276 140 1
140 280 -1
280 140 -1
140 299 1
299 140 1
140 302 1
302 140 1
140 315 1
315 140 1
140 359 1
359 140 1
140 411 1
411 140 1
140 454 1
454 140 1
141 197 1
197 141 1
141 218 1
218 141 1
141 223 1
223 141 1
141 300 1
300 141 1
141 311 1
311 141 1
141 338 1
338 141 1
141 371 1
371 141 1
141 374 1
374 141 1
141 425 1
425 141 1
141 439 1
439 141 1
141 442 1
442 141 1
141 448 1
448 141 1
141 478 1
478 141 1
142 190 1
190 142 1
142 198 1
198 142 1
142 213 1
213 142 1
142 237 1
237 142 1
142 238 1
238 142 1
142 263 1
263 142 1
142 274 1
274 142 1
142 275 1
275 142 1
142 286 1
286 142 1
142 313 1
313 142 1
142 330 1
330 142 1
142 351 1
351 142 1
142 356 -1
356 142 -1
142 357 -1
357 142 -1
142 382 1
382 142 1
142 420 1
420 142 1
143 162 1
162 143 1
143 174 -1
174 143 -1
143 179 -1
179 143 -1
143 180 1
180 143 1
143 220 1
220 143 1
143 222 1
222 143 1
143 234 1
234 143 1
143 285 1
285 143 1
143 308 1
308 143 1
143 332 -1
332 143 -1
143 402 -1
402 143 -1
143 403 1
403 143 1
143 404 1
404 143 1
143 417 -1
417 143 -1
143 450 1
450 143 1
144 149 1
149 144 1
144 173 1
173 144 1
144 181 1
181 144 1
144 187 1
187 144 1
144 202 1
202 144 1
144 224 1
224 144 1
144 231 1
231 144 1
144 256 -1
256 144 -1
144 273 1
273 144 1
144 344 -1
344 144 -1
144 358 1
358 144 1
144 423 1
423 144 1
144 433 1
433 144 1
144 460 1
460 144 1
145 186 1
186 145 1
145 205 1
205 145 1
145 246 1
246 145 1
145 258 1
258 145 1
145 260 1
260 145 1
145 267 1
267 145 1
145 297 1
297 145 1
145 310 1
310 145 1
145 329 1
329 145 1
145 348 -1
348 145 -1
145 349 1
349 145 1
145 384 1
384 145 1
145 395 1
395 145 1
145 396 -1
396 145 -1
145 456 1
456 145 1
145 475 1
475 145 1
146 161 1
161 146 1
146 193 1
193 146 1
146 219 1
219 146 1
146 240 1
240 146 1
146 271 1
271 146 1
146 276 1
276 146 1
146 299 1
299 146 1
146 302 1
302 146 1
146 315 1
315 146 1
146 359 1
359 146 1
146 411 -1
411 146 -1
146 454 1
454 146 1
147 170 -1
170 147 -1
147 206 1
206 147 1
147 272 1
272 147 1
147 279 1
279 147 1
147 283 1
283 147 1
147 288 -1
288 147 -1
147 293 1
293 147 1
147 342 1
342 147 1
147 390 1
390 147 1
147 432 1
432 147 1
147 466 1
466 147 1
147 477 1
477 147 1
147 478 1
478 147 1
147 483 -1
483 147 -1
147 484 1
484 147 1
148 154 -1
154 148 -1
148 155 -1
155 148 -1
148 203 1
203 148 1
148 233 1
233 148 1
148 260 1
260 148 1
148 265 1
265 148 1
148 287 -1
287 148 -1
148 296 -1
296 148 -1
148 309 1
309 148 1
148 323 1
323 148 1
148 325 -1
325 148 -1
148 327 1
327 148 1
148 387 1
387 148 1
148 430 1
430 148 1
148 435 1
435 148 1
148 485 1
485 148 1
149 173 1
173 149 1
149 181 1
181 149 1
149 187 1
187 149 1
149 202 1
202 149 1
149 224 1
224 149 1
149 231 1
231 149 1
149 241 -1
241 149 -1
149 273 -1
273 149 -1
149 358 -1
358 149 -1
149 375 -1
375 149 -1
149 423 1
423 149 1
149 433 1
433 149 1
149 460 1
460 149 1
150 172 1
172 150 1
150 243 1
243 150 1
150 257 -1
257 150 -1
150 277 1
277 150 1
150 289 1
289 150 1
150 328 1
328 150 1
150 335 1
335 150 1
150 354 1
354 150 1
150 364 1
364 150 1
150 376 1
376 150 1
150 389 1
389 150 1
150 435 -1
435 150 -1
150 445 1
445 150 1
150 491 -1
491 150 -1
150 499 1
499 150 1
151 201 1
201 151 1
151 212 1
212 151 1
151 215 1
215 151 1
151 236 1
236 151 1
151 242 1
242 151 1
151 250 1
250 151 1
151 262 1
262 151 1
151 269 1
269 151 1
151 312 1
312 151 1
151 398 1
398 151 1
151 469 1
469 151 1
152 196 1
196 152 1
152 248 1
248 152 1
152 261 1
261 152 1
152 270 1
270 152 1
152 298 -1
298 152 -1
152 306 -1
306 152 -1
152 321 -1
321 152 -1
152 343 -1
343 152 -1
152 344 1
344 152 1
152 392 1
392 152 1
152 419 1
419 152 1
152 449 1
449 152 1
152 452 1
452 152 1
152 462 1
462 152 1
152 479 1
479 152 1
152 494 1
494 152 1
153 160 1
160 153 1
153 185 1
185 153 1
153 221 1
221 153 1
153 252 -1
252 153 -1
153 320 1
320 153 1
153 324 1
324 153 1
153 333 1
333 153 1
153 337 1
337 153 1
153 378 -1
378 153 -1
153 409 1
409 153 1
153 421 -1
421 153 -1
153 422 1
422 153 1
153 447 1
447 153 1
153 474 1
474 153 1
153 492 1
492 153 1
154 155 1
155 154 1
154 203 1
203 154 1
154 233 1
233 154 1
154 265 1
265 154 1
154 296 1
296 154 1
154 301 -1
301 154 -1
154 309 1
309 154 1
154 314 -1
314 154 -1
154 323 1
323 154 1
154 325 1
325 154 1
154 327 1
327 154 1
154 336 1
336 154 1
154 387 1
387 154 1
154 430 1
430 154 1
154 435 1
435 154 1
154 485 -1
485 154 -1
155 203 1
203 155 1
155 233 1
233 155 1
155 265 1
265 155 1
155 296 1
296 155 1
155 309 1
309 155 1
155 314 1
314 155 1
155 323 1
323 155 1
155 325 1
325 155 1
155 327 1
327 155 1
155 387 1
387 155 1
155 430 1
430 155 1
155 435 1
435 155 1
155 485 1
485 155 1
156 159 1
159 156 1
156 166 1
166 156 1
156 188 1
188 156 1
156 204 1
204 156 1
156 208 1
208 156 1
156 224 1
224 156 1
156 235 1
235 156 1
156 249 1
249 156 1
156 268 1
268 156 1
156 278 1
278 156 1
156 281 1
281 156 1
156 388 1
388 156 1
156 443 1
443 156 1
156 444 1
444 156 1
156 465 1
465 156 1
156 481 1
481 156 1
157 158 1
158 157 1
157 189 -1
189 157 -1
157 207 1
207 157 1
157 227 1
227 157 1
157 228 1
228 157 1
157 292 1
292 157 1
157 348 1
348 157 1
157 369 1
369 157 1
157 417 -1
417 157 -1
157 471 1
471 157 1
158 189 1
189 158 1
158 207 1
207 158 1
158 227 1
227 158 1
158 228 1
228 158 1
158 292 1
292 158 1
158 348 1
348 158 1
158 369 1
369 158 1
158 400 -1
400 158 -1
158 404 -1
404 158 -1
158 417 1
417 158 1
158 471 1
471 158 1
159 166 -1
166 159 -1
159 188 1
188 159 1
159 208 1
208 159 1
159 235 1
235 159 1
159 268 1
268 159 1
159 278 1
278 159 1
159 281 1
281 159 1
159 388 -1
388 159 -1
159 443 -1
443 159 -1
159 444 1
444 159 1
159 465 1
465 159 1
159 481 1
481 159 1
160 185 1
185 160 1
160 221 1
221 160 1
160 314 -1
314 160 -1
160 320 1
320 160 1
160 324 1
324 160 1
160 333 -1
333 160 -1
160 337 -1
337 160 -1
160 361 1
361 160 1
160 421 1
421 160 1
160 422 1
422 160 1
160 447 1
447 160 1
160 474 1
474 160 1
160 492 1
492 160 1
161 167 1
167 161 1
161 193 -1
193 161 -1
161 219 1
219 161 1
161 240 1
240 161 1
161 276 1
276 161 1
161 299 1
299 161 1
161 302 1
302 161 1
161 315 1
315 161 1
161 359 -1
359 161 -1
161 393 -1
393 161 -1
161 411 1
411 161 1
161 454 1
454 161 1
162 174 1
174 162 1
162 176 1
176 162 1
162 180 1
180 162 1
162 220 -1
220 162 -1
162 222 1
222 162 1
162 234 1
234 162 1
162 285 -1
285 162 -1
162 308 -1
308 162 -1
162 314 1
314 162 1
162 332 -1
332 162 -1
162 402 1
402 162 1
162 403 1
403 162 1
162 450 1
450 162 1
163 168 1
168 163 1
163 177 1
177 163 1
163 204 1
204 163 1
163 214 1
214 163 1
163 253 1
253 163 1
163 259 1
259 163 1
163 341 1
341 163 1
163 343 1
343 163 1
163 357 1
357 163 1
163 399 1
399 163 1
163 413 1
413 163 1
163 426 -1
426 163 -1
163 469 1
469 163 1
163 496 1
496 163 1
164 171 1
171 164 1
164 201 1
201 164 1
164 208 -1
208 164 -1
164 211 1
211 164 1
164 247 1
247 164 1
164 356 1
356 164 1
164 397 1
397 164 1
164 414 1
414 164 1
164 416 1
416 164 1
164 427 1
427 164 1
164 464 1
464 164 1
164 468 1
468 164 1
164 482 1
482 164 1
165 216 -1
216 165 -1
165 217 1
217 165 1
165 229 1
229 165 1
165 230 1
230 165 1
165 336 1
336 165 1
165 386 1
386 165 1
165 393 1
393 165 1
165 412 1
412 165 1
165 458 -1
458 165 -1
165 472 1
472 165 1
165 476 1
476 165 1
166 188 -1
188 166 -1
166 208 1
208 166 1
166 235 1
235 166 1
166 249 1
249 166 1
166 268 1
268 166 1
166 278 1
278 166 1
166 281 1
281 166 1
166 329 -1
329 166 -1
166 388 1
388 166 1
166 443 1
443 166 1
166 444 -1
444 166 -1
166 465 1
465 166 1
166 481 1
481 166 1
166 499 -1
499 166 -1
167 193 1
193 167 1
167 219 1
219 167 1
167 240 1
240 167 1
167 262 -1
262 167 -1
167 271 1
271 167 1
167 276 1
276 167 1
167 299 1
299 167 1
167 302 1
302 167 1
167 315 1
315 167 1
167 359 1
359 167 1
167 411 1
411 167 1
167 454 -1
454 167 -1
167 485 -1
485 167 -1
168 177 1
177 168 1
168 204 1
204 168 1
168 214 1
214 168 1
168 253 1
253 168 1
168 279 -1
279 168 -1
168 341 1
341 168 1
168 343 1
343 168 1
168 357 1
357 168 1
168 366 1
366 168 1
168 399 -1
399 168 -1
168 413 1
413 168 1
168 426 -1
426 168 -1
168 463 -1
463 168 -1
168 496 1
496 168 1
169 199 1
199 169 1
169 213 -1
213 169 -1
169 232 1
232 169 1
169 266 1
266 169 1
169 305 1
305 169 1
169 327 -1
327 169 -1
169 334 1
334 169 1
169 340 1
340 169 1
169 368 1
368 169 1
169 381 1
381 169 1
169 383 1
383 169 1
169 400 1
400 169 1
169 424 1
424 169 1
169 428 -1
428 169 -1
169 487 -1
487 169 -1
169 500 1
500 169 1
170 206 1
206 170 1
170 254 -1
254 170 -1
170 272 1
272 170 1
170 279 1
279 170 1
170 283 1
283 170 1
170 288 1
288 170 1
170 293 1
293 170 1
170 332 1
332 170 1
170 342 1
342 170 1
170 390 1
390 170 1
170 401 1
401 170 1
170 432 1
432 170 1
170 466 1
466 170 1
170 477 1
477 170 1
170 478 1
478 170 1
171 201 1
201 171 1
171 211 1
211 171 1
171 247 1
247 171 1
171 356 1
356 171 1
171 391 -1
391 171 -1
171 397 1
397 171 1
171 408 1
408 171 1
171 414 1
414 171 1
171 416 1
416 171 1
171 427 1
427 171 1
171 464 1
464 171 1
171 482 1
482 171 1
172 243 1
243 172 1
172 248 -1
248 172 -1
172 257 1
257 172 1
172 277 1
277 172 1
172 289 1
289 172 1
172 328 -1
328 172 -1
172 335 1
335 172 1
172 354 1
354 172 1
172 364 1
364 172 1
172 376 1
376 172 1
172 389 1
389 172 1
172 445 1
445 172 1
172 457 -1
457 172 -1
172 491 1
491 172 1
173 187 1
187 173 1
173 202 1
202 173 1
173 224 -1
224 173 -1
173 231 1
231 173 1
173 273 1
273 173 1
173 358 1
358 173 1
173 423 1
423 173 1
173 433 1
433 173 1
173 460 -1
460 173 -1
174 176 1
176 174 1
174 180 1
180 174 1
174 220 -1
220 174 -1
174 222 1
222 174 1
174 234 1
234 174 1
174 285 -1
285 174 -1
174 308 1
308 174 1
174 332 1
332 174 1
174 402 1
402 174 1
174 403 1
403 174 1
174 404 1
404 174 1
174 416 -1
416 174 -1
174 450 1
450 174 1
175 178 1
178 175 1
175 183 1
183 175 1
175 184 1
184 175 1
175 192 1
192 175 1
175 226 1
226 175 1
175 255 1
255 175 1
175 282 1
282 175 1
175 301 1
301 175 1
175 345 -1
345 175 -1
175 360 1
360 175 1
175 406 1
406 175 1
175 410 1
410 175 1
175 475 1
475 175 1
175 497 -1
497 175 -1
176 180 1
180 176 1
176 220 1
220 176 1
176 222 1
222 176 1
176 234 1
234 176 1
176 285 1
285 176 1
176 308 1
308 176 1
176 312 -1
312 176 -1
176 332 -1
332 176 -1
176 402 1
402 176 1
176 403 1
403 176 1
176 404 -1
404 176 -1
176 437 -1
437 176 -1
176 450 1
450 176 1
177 204 1
204 177 1
177 214 1
214 177 1
177 253 1
253 177 1
177 259 -1
259 177 -1
177 341 1
341 177 1
177 343 -1
343 177 -1
177 357 1
357 177 1
177 366 1
366 177 1
177 376 1
376 177 1
177 399 1
399 177 1
177 413 1
413 177 1
177 426 1
426 177 1
177 450 -1
450 177 -1
177 496 1
496 177 1
178 183 -1
183 178 -1
178 184 1
184 178 1
178 226 1
226 178 1
178 255 1
255 178 1
178 268 -1
268 178 -1
178 282 1
282 178 1
178 301 1
301 178 1
178 345 -1
345 178 -1
178 360 1
360 178 1
178 406 1
406 178 1
178 410 1
410 178 1
178 497 1
497 178 1
179 200 1
200 179 1
179 239 -1
239 179 -1
179 295 -1
295 179 -1
179 326 1
326 179 1
179 329 1
329 179 1
179 346 1
346 179 1
179 365 1
365 179 1
179 375 1
375 179 1
179 377 1
377 179 1
179 405 1
405 179 1
179 415 -1
415 179 -1
179 429 1
429 179 1
179 440 1
440 179 1
179 446 1
446 179 1
179 455 1
455 179 1
179 459 1
459 179 1
179 473 1
473 179 1
179 483 1
483 179 1
180 220 1
220 180 1
180 222 1
222 180 1
180 234 1
234 180 1
180 279 -1
279 180 -1
180 285 1
285 180 1
180 308 1
308 180 1
180 332 1
332 180 1
180 394 -1
394 180 -1
180 402 1
402 180 1
180 403 1
403 180 1
180 404 1
404 180 1
180 450 -1
450 180 -1
181 187 -1
187 181 -1
181 202 1
202 181 1
181 224 1
224 181 1
181 231 1
231 181 1
181 246 -1
246 181 -1
181 273 1
273 181 1
181 358 1
358 181 1
181 423 1
423 181 1
181 433 1
433 181 1
181 460 1
460 181 1
182 195 1
195 182 1
182 211 -1
211 182 -1
182 241 1
241 182 1
182 252 1
252 182 1
182 292 1
292 182 1
182 294 1
294 182 1
182 307 1
307 182 1
182 355 1
355 182 1
182 362 1
362 182 1
182 391 -1
391 182 -1
182 431 1
431 182 1
182 490 1
490 182 1
182 498 1
498 182 1
183 184 1
184 183 1
183 192 -1
192 183 -1
183 226 1
226 183 1
183 255 1
255 183 1
183 282 1
282 183 1
183 301 1
301 183 1
183 345 1
345 183 1
183 360 1
360 183 1
183 390 -1
390 183 -1
183 410 1
410 183 1
183 482 -1
482 183 -1
183 497 1
497 183 1
184 192 -1
192 184 -1
184 226 1
226 184 1
184 255 1
255 184 1
184 282 1
282 184 1
184 301 1
301 184 1
184 332 -1
332 184 -1
184 345 1
345 184 1
184 406 1
406 184 1
184 410 1
410 184 1
184 422 -1
422 184 -1
184 497 1
497 184 1
185 320 1
320 185 1
185 324 1
324 185 1
185 333 1
333 185 1
185 337 1
337 185 1
185 361 1
361 185 1
185 409 1
409 185 1
185 421 -1
421 185 -1
185 422 1
422 185 1
185 447 1
447 185 1
185 452 -1
452 185 -1
185 474 1
474 185 1
185 492 1
492 185 1
186 205 1
205 186 1
186 209 -1
209 186 -1
186 246 1
246 186 1
186 258 1
258 186 1
186 260 -1
260 186 -1
186 267 1
267 186 1
186 297 -1
297 186 -1
186 300 -1
300 186 -1
186 310 1
310 186 1
186 349 1
349 186 1
186 384 -1
384 186 -1
186 395 1
395 186 1
186 396 1
396 186 1
186 436 1
436 186 1
186 456 1
456 186 1
186 475 1
475 186 1
187 202 -1
202 187 -1
187 224 1
224 187 1
187 231 1
231 187 1
187 273 1
273 187 1
187 358 1
358 187 1
187 433 1
433 187 1
187 448 -1
448 187 -1
187 460 1
460 187 1
187 461 -1
461 187 -1
188 208 1
208 188 1
188 235 1
235 188 1
188 249 1
249 188 1
188 268 1
268 188 1
188 278 1
278 188 1
188 281 -1
281 188 -1
188 384 -1
384 188 -1
188 385 -1
385 188 -1
188 388 1
388 188 1
188 443 1
443 188 1
188 444 1
444 188 1
188 465 1
465 188 1
189 207 1
207 189 1
189 228 -1
228 189 -1
189 234 -1
234 189 -1
189 292 -1
292 189 -1
189 348 1
348 189 1
189 369 1
369 189 1
189 417 1
417 189 1
189 471 1
471 189 1
190 198 -1
198 190 -1
190 213 1
213 190 1
190 238 1
238 190 1
190 244 -1
244 190 -1
190 263 1
263 190 1
190 274 -1
274 190 -1
190 275 1
275 190 1
190 286 1
286 190 1
190 291 1
291 190 1
190 313 1
313 190 1
190 330 1
330 190 1
190 351 1
351 190 1
190 382 1
382 190 1
190 420 -1
420 190 -1
190 462 -1
462 190 -1
191 210 1
210 191 1
191 245 1
245 191 1
191 254 1
254 191 1
191 270 -1
270 191 -1
191 287 1
287 191 1
191 316 1
316 191 1
191 331 1
331 191 1
191 352 -1
352 191 -1
191 379 1
379 191 1
191 393 1
393 191 1
191 467 1
467 191 1
192 226 -1
226 192 -1
192 255 1
255 192 1
192 282 1
282 192 1
192 301 1
301 192 1
192 345 1
345 192 1
192 360 1
360 192 1
192 406 1
406 192 1
192 410 1
410 192 1
192 434 1
434 192 1
192 477 -1
477 192 -1
192 497 1
497 192 1
193 219 1
219 193 1
193 240 1
240 193 1
193 271 -1
271 193 -1
193 299 -1
299 193 -1
193 302 1
302 193 1
193 315 1
315 193 1
193 359 1
359 193 1
193 411 1
411 193 1
193 454 1
454 193 1
193 495 -1
495 193 -1
194 251 1
251 194 1
194 303 1
303 194 1
194 317 1
317 194 1
194 318 1
318 194 1
194 363 -1
363 194 -1
194 380 -1
380 194 -1
194 394 1
394 194 1
194 418 1
418 194 1
194 434 1
434 194 1
194 436 1
436 194 1
194 437 1
437 194 1
194 457 1
457 194 1
194 489 -1
489 194 -1
194 495 1
495 194 1
195 241 1
241 195 1
195 252 -1
252 195 -1
195 294 1
294 195 1
195 307 1
307 195 1
195 355 1
355 195 1
195 362 -1
362 195 -1
195 391 1
391 195 1
195 403 -1
403 195 -1
195 413 -1
413 195 -1
195 431 1
431 195 1
195 490 1
490 195 1
195 498 1
498 195 1
196 248 1
248 196 1
196 261 1
261 196 1
196 270 1
270 196 1
196 298 1
298 196 1
196 306 1
306 196 1
196 333 -1
333 196 -1
196 344 -1
344 196 -1
196 392 1
392 196 1
196 419 1
419 196 1
196 449 1
449 196 1
196 452 1
452 196 1
196 462 -1
462 196 -1
196 479 1
479 196 1
196 494 -1
494 196 -1
197 218 1
218 197 1
197 223 1
223 197 1
197 225 1
225 197 1
197 282 -1
282 197 -1
197 300 -1
300 197 -1
197 311 1
311 197 1
197 338 -1
338 197 -1
197 371 1
371 197 1
197 425 -1
425 197 -1
197 439 1
439 197 1
197 442 1
442 197 1
197 448 1
448 197 1
198 213 1
213 198 1
198 237 -1
237 198 -1
198 238 1
238 198 1
198 263 1
263 198 1
198 275 1
275 198 1
198 286 1
286 198 1
198 291 1
291 198 1
198 313 1
313 198 1
198 330 1
330 198 1
198 351 1
351 198 1
198 382 1
382 198 1
198 420 1
420 198 1
198 429 -1
429 198 -1
199 232 1
232 199 1
199 266 1
266 199 1
199 305 1
305 199 1
199 327 -1
327 199 -1
199 334 1
334 199 1
199 340 1
340 199 1
199 368 1
368 199 1
199 381 1
381 199 1
199 383 1
383 199 1
199 400 -1
400 199 -1
199 424 1
424 199 1
199 428 -1
428 199 -1
199 487 1
487 199 1
199 493 1
493 199 1
200 210 -1
210 200 -1
200 239 1
239 200 1
200 289 -1
289 200 -1
200 295 1
295 200 1
200 326 1
326 200 1
200 346 1
346 200 1
200 365 1
365 200 1
200 375 1
375 200 1
200 377 1
377 200 1
200 415 1
415 200 1
200 429 1
429 200 1
200 440 1
440 200 1
200 446 1
446 200 1
200 455 1
455 200 1
200 459 1
459 200 1
200 461 1
461 200 1
200 473 1
473 200 1
200 483 1
483 200 1
201 211 1
211 201 1
201 247 1
247 201 1
201 356 1
356 201 1
201 397 1
397 201 1
201 408 1
408 201 1
201 414 1
414 201 1
201 416 1
416 201 1
201 427 1
427 201 1
201 464 1
464 201 1
201 468 1
468 201 1
201 482 1
482 201 1
201 497 -1
497 201 -1
202 224 1
224 202 1
202 231 1
231 202 1
202 275 1
275 202 1
202 358 1
358 202 1
202 423 1
423 202 1
202 433 1
433 202 1
202 460 1
460 202 1
203 233 1
233 203 1
203 265 -1
265 203 -1
203 296 -1
296 203 -1
203 300 -1
300 203 -1
203 314 1
314 203 1
203 323 1
323 203 1
203 325 1
325 203 1
203 327 1
327 203 1
203 334 -1
334 203 -1
203 387 1
387 203 1
203 430 1
430 203 1
203 435 1
435 203 1
203 485 1
485 203 1
204 214 1
214 204 1
204 253 1
253 204 1
204 259 1
259 204 1
204 341 1
341 204 1
204 343 1
343 204 1
204 357 -1
357 204 -1
204 366 1
366 204 1
204 399 1
399 204 1
204 413 1
413 204 1
204 426 1
426 204 1
204 496 1
496 204 1
205 209 1
209 205 1
205 258 1
258 205 1
205 260 1
260 205 1
205 267 1
267 205 1
205 297 1
297 205 1
205 299 -1
299 205 -1
205 310 1
310 205 1
205 329 1
329 205 1
205 349 1
349 205 1
205 384 -1
384 205 -1
205 395 1
395 205 1
205 396 -1
396 205 -1
205 456 -1
456 205 -1
205 475 1
475 205 1
206 272 1
272 206 1
206 279 1
279 206 1
206 283 -1
283 206 -1
206 288 -1
288 206 -1
206 342 1
342 206 1
206 390 1
390 206 1
206 401 1
401 206 1
206 432 -1
432 206 -1
206 438 -1
438 206 -1
206 466 1
466 206 1
206 477 1
477 206 1
206 478 1
478 206 1
206 484 1
484 206 1
207 227 1
227 207 1
207 228 -1
228 207 -1
207 292 1
292 207 1
207 348 1
348 207 1
207 389 -1
389 207 -1
207 414 -1
414 207 -1
207 417 -1
417 207 -1
207 471 -1
471 207 -1
208 235 1
235 208 1
208 249 -1
249 208 -1
208 268 1
268 208 1
208 278 -1
278 208 -1
208 281 1
281 208 1
208 388 1
388 208 1
208 443 -1
443 208 -1
208 444 1
444 208 1
208 465 1
465 208 1
208 481 1
481 208 1
209 216 -1
216 209 -1
209 246 -1
246 209 -1
209 258 1
258 209 1
209 260 1
260 209 1
209 267 1
267 209 1
209 297 1
297 209 1
209 310 1
310 209 1
209 329 1
329 209 1
209 349 1
349 209 1
209 384 -1
384 209 -1
209 395 1
395 209 1
209 396 1
396 209 1
209 456 1
456 209 1
209 475 1
475 209 1
210 245 1
245 210 1
210 254 1
254 210 1
210 256 1
256 210 1
210 287 -1
287 210 -1
210 295 -1
295 210 -1
210 316 1
316 210 1
210 331 1
331 210 1
210 352 1
352 210 1
210 379 1
379 210 1
210 393 -1
393 210 -1
210 467 1
467 210 1
211 247 1
247 211 1
211 356 1
356 211 1
211 397 1
397 211 1
211 408 1
408 211 1
211 414 1
414 211 1
211 427 1
427 211 1
211 464 1
464 211 1
211 468 -1
468 211 -1
211 482 1
482 211 1
212 236 1
236 212 1
212 242 -1
242 212 -1
212 250 1
250 212 1
212 262 1
262 212 1
212 269 1
269 212 1
212 312 1
312 212 1
212 350 1
350 212 1
212 398 1
398 212 1
212 428 -1
428 212 -1
212 469 1
469 212 1
213 237 1
237 213 1
213 238 1
238 213 1
213 263 1
263 213 1
213 274 1
274 213 1
213 275 1
275 213 1
213 291 -1
291 213 -1
213 313 -1
313 213 -1
213 330 1
330 213 1
213 351 1
351 213 1
213 369 -1
369 213 -1
213 382 -1
382 213 -1
213 420 1
420 213 1
214 253 1
253 214 1
214 255 1
255 214 1
214 259 1
259 214 1
214 341 -1
341 214 -1
214 343 1
343 214 1
214 357 1
357 214 1
214 366 1
366 214 1
214 399 -1
399 214 -1
214 413 1
413 214 1
214 426 1
426 214 1
214 496 -1
496 214 -1
215 236 -1
236 215 -1
215 242 1
242 215 1
215 250 1
250 215 1
215 262 1
262 215 1
215 269 1
269 215 1
215 278 1
278 215 1
215 312 1
312 215 1
215 350 -1
350 215 -1
215 398 1
398 215 1
215 469 1
469 215 1
216 217 1
217 216 1
216 229 1
229 216 1
216 230 -1
230 216 -1
216 322 1
322 216 1
216 356 -1
356 216 -1
216 386 1
386 216 1
216 412 1
412 216 1
216 472 1
472 216 1
216 476 1
476 216 1
217 229 1
229 217 1
217 230 1
230 217 1
217 322 -1
322 217 -1
217 336 1
336 217 1
217 412 1
412 217 1
217 472 1
472 217 1
217 476 1
476 217 1
218 223 -1
223 218 -1
218 225 1
225 218 1
218 300 1
300 218 1
218 311 1
311 218 1
218 338 1
338 218 1
218 374 1
374 218 1
218 425 1
425 218 1
218 439 1
439 218 1
218 442 -1
442 218 -1
218 448 1
448 218 1
219 240 1
240 219 1
219 271 1
271 219 1
219 276 -1
276 219 -1
219 299 1
299 219 1
219 315 1
315 219 1
219 359 1
359 219 1
219 411 1
411 219 1
219 445 -1
445 219 -1
219 454 -1
454 219 -1
220 222 1
222 220 1
220 285 1
285 220 1
220 308 1
308 220 1
220 332 1
332 220 1
220 338 -1
338 220 -1
220 402 -1
402 220 -1
220 403 -1
403 220 -1
220 404 1
404 220 1
220 450 1
450 220 1
221 259 -1
259 221 -1
221 268 -1
268 221 -1
221 320 1
320 221 1
221 324 1
324 221 1
221 333 1
333 221 1
221 337 1
337 221 1
221 361 1
361 221 1
221 409 1
409 221 1
221 421 1
421 221 1
221 422 1
422 221 1
221 447 1
447 221 1
221 474 1
474 221 1
221 492 1
492 221 1
222 234 1
234 222 1
222 285 1
285 222 1
222 308 1
308 222 1
222 332 1
332 222 1
222 402 1
402 222 1
222 404 1
404 222 1
222 450 1
450 222 1
222 453 -1
453 222 -1
222 480 -1
480 222 -1
223 225 1
225 223 1
223 239 -1
239 223 -1
223 300 1
300 223 1
223 311 1
311 223 1
223 338 1
338 223 1
223 371 1
371 223 1
223 374 -1
374 223 -1
223 425 -1
425 223 -1
223 439 1
439 223 1
223 442 1
442 223 1
223 448 -1
448 223 -1
224 231 1
231 224 1
224 273 1
273 224 1
224 313 -1
313 224 -1
224 423 1
423 224 1
224 433 1
433 224 1
224 460 1
460 224 1
225 232 -1
232 225 -1
225 300 1
300 225 1
225 311 -1
311 225 -1
225 338 1
338 225 1
225 371 1
371 225 1
225 374 1
374 225 1
225 425 1
425 225 1
225 439 1
439 225 1
225 442 -1
442 225 -1
225 448 1
448 225 1
225 460 -1
460 225 -1
226 255 1
255 226 1
226 282 1
282 226 1
226 301 1
301 226 1
226 302 -1
302 226 -1
226 338 1
338 226 1
226 345 1
345 226 1
226 360 1
360 226 1
226 406 -1
406 226 -1
226 410 1
410 226 1
226 497 1
497 226 1
227 228 1
228 227 1
227 252 -1
252 227 -1
227 292 1
292 227 1
227 324 -1
324 227 -1
227 348 1
348 227 1
227 369 1
369 227 1
227 417 1
417 227 1
227 471 1
471 227 1
228 292 1
292 228 1
228 348 -1
348 228 -1
228 369 -1
369 228 -1
228 397 -1
397 228 -1
228 417 1
417 228 1
228 471 1
471 228 1
229 230 -1
230 229 -1
229 310 -1
310 229 -1
229 322 1
322 229 1
229 336 1
336 229 1
229 386 -1
386 229 -1
229 412 1
412 229 1
229 472 1
472 229 1
230 281 -1
281 230 -1
230 322 1
322 230 1
230 336 1
336 230 1
230 386 1
386 230 1
230 412 1
412 230 1
230 472 1
472 230 1
230 476 1
476 230 1
231 273 -1
273 231 -1
231 358 1
358 231 1
231 417 1
417 231 1
231 423 1
423 231 1
231 433 1
433 231 1
231 460 1
460 231 1
231 495 -1
495 231 -1
232 266 1
266 232 1
232 305 1
305 232 1
232 334 1
334 232 1
232 340 1
340 232 1
232 368 1
368 232 1
232 383 1
383 232 1
232 400 1
400 232 1
232 424 -1
424 232 -1
232 428 1
428 232 1
232 466 -1
466 232 -1
232 487 1
487 232 1
232 493 1
493 232 1
232 500 1
500 232 1
233 265 1
265 233 1
233 281 -1
281 233 -1
233 296 1
296 233 1
233 309 1
309 233 1
233 314 1
314 233 1
233 323 1
323 233 1
233 325 1
325 233 1
233 327 -1
327 233 -1
233 387 1
387 233 1
233 430 1
430 233 1
233 435 1
435 233 1
234 285 1
285 234 1
234 308 1
308 234 1
234 332 1
332 234 1
234 362 -1
362 234 -1
234 402 -1
402 234 -1
234 403 1
403 234 1
234 404 1
404 234 1
234 450 1
450 234 1
235 242 -1
242 235 -1
235 249 -1
249 235 -1
235 268 1
268 235 1
235 278 1
278 235 1
235 281 1
281 235 1
235 360 -1
360 235 -1
235 388 1
388 235 1
235 443 -1
443 235 -1
235 444 1
444 235 1
235 465 1
465 235 1
235 481 1
481 235 1
236 242 1
242 236 1
236 250 1
250 236 1
236 262 -1
262 236 -1
236 269 1
269 236 1
236 276 1
276 236 1
236 312 1
312 236 1
236 350 1
350 236 1
236 398 -1
398 236 -1
236 429 -1
429 236 -1
236 469 1
469 236 1
237 238 1
238 237 1
237 263 1
263 237 1
237 274 1
274 237 1
237 275 1
275 237 1
237 286 -1
286 237 -1
237 291 1
291 237 1
237 313 1
313 237 1
237 330 -1
330 237 -1
237 351 1
351 237 1
237 374 -1
374 237 -1
237 382 1
382 237 1
237 420 1
420 237 1
238 263 1
263 238 1
238 274 -1
274 238 -1
238 275 -1
275 238 -1
238 286 1
286 238 1
238 291 1
291 238 1
238 311 -1
311 238 -1
238 313 1
313 238 1
238 330 1
330 238 1
238 351 -1
351 238 -1
238 373 -1
373 238 -1
238 382 -1
382 238 -1
239 288 -1
288 239 -1
239 295 -1
295 239 -1
239 346 1
346 239 1
239 365 1
365 239 1
239 375 1
375 239 1
239 377 1
377 239 1
239 405 -1
405 239 -1
239 415 1
415 239 1
239 429 1
429 239 1
239 440 -1
440 239 -1
239 446 -1
446 239 -1
239 455 1
455 239 1
239 459 1
459 239 1
239 461 1
461 239 1
239 473 1
473 239 1
239 483 1
483 239 1
240 271 1
271 240 1
240 276 1
276 240 1
240 302 -1
302 240 -1
240 315 1
315 240 1
240 359 1
359 240 1
240 411 1
411 240 1
240 434 -1
434 240 -1
240 454 1
454 240 1
241 252 -1
252 241 -1
241 294 1
294 241 1
241 307 -1
307 241 -1
241 362 1
362 241 1
241 391 1
391 241 1
241 431 -1
431 241 -1
241 490 1
490 241 1
241 498 1
498 241 1
242 250 1
250 242 1
242 262 1
262 242 1
242 269 1
269 242 1
242 312 1
312 242 1
242 322 -1
322 242 -1
242 350 1
350 242 1
242 398 1
398 242 1
242 469 -1
469 242 -1
243 253 -1
253 243 -1
243 257 1
257 243 1
243 277 1
277 243 1
243 289 1
289 243 1
243 328 1
328 243 1
243 335 -1
335 243 -1
243 354 1
354 243 1
243 364 1
364 243 1
243 376 -1
376 243 -1
243 445 -1
445 243 -1
243 491 -1
491 243 -1
243 499 -1
499 243 -1
244 264 1
264 244 1
244 290 1
290 244 1
244 304 1
304 244 1
244 319 1
319 244 1
244 353 1
353 244 1
244 367 1
367 244 1
244 370 -1
370 244 -1
244 372 1
372 244 1
244 373 1
373 244 1
244 385 1
385 244 1
244 451 1
451 244 1
244 458 1
458 244 1
244 470 1
470 244 1
244 488 -1
488 244 -1
245 254 1
254 245 1
245 256 1
256 245 1
245 287 1
287 245 1
245 299 -1
299 245 -1
245 316 -1
316 245 -1
245 331 1
331 245 1
245 352 1
352 245 1
245 379 -1
379 245 -1
245 393 1
393 245 1
245 467 1
467 245 1
246 258 -1
258 246 -1
246 260 1
260 246 1
246 267 1
267 246 1
246 297 1
297 246 1
246 310 1
310 246 1
246 329 1
329 246 1
246 349 1
349 246 1
246 384 1
384 246 1
246 395 -1
395 246 -1
246 396 1
396 246 1
246 456 1
456 246 1
246 464 -1
464 246 -1
246 475 -1
475 246 -1
247 347 -1
347 247 -1
247 356 1
356 247 1
247 397 1
397 247 1
247 408 1
408 247 1
247 414 1
414 247 1
247 416 1
416 247 1
247 419 1
419 247 1
247 427 1
427 247 1
247 464 1
464 247 1
247 468 -1
468 247 -1
247 482 1
482 247 1
248 261 -1
261 248 -1
248 270 1
270 248 1
248 298 1
298 248 1
248 306 1
306 248 1
248 321 1
321 248 1
248 344 1
344 248 1
248 392 -1
392 248 -1
248 419 1
419 248 1
248 449 1
449 248 1
248 452 1
452 248 1
248 462 1
462 248 1
248 479 1
479 248 1
248 494 1
494 248 1
249 268 1
268 249 1
249 278 1
278 249 1
249 281 1
281 249 1
249 388 1
388 249 1
249 392 -1
392 249 -1
249 443 1
443 249 1
249 444 1
444 249 1
249 459 -1
459 249 -1
249 465 1
465 249 1
249 481 1
481 249 1
250 262 1
262 250 1
250 312 1
312 250 1
250 320 -1
320 250 -1
250 350 -1
350 250 -1
250 398 1
398 250 1
250 469 1
469 250 1
251 263 -1
263 251 -1
251 317 1
317 251 1
251 318 1
318 251 1
251 336 -1
336 251 -1
251 363 1
363 251 1
251 380 1
380 251 1
251 394 1
394 251 1
251 418 1
418 251 1
251 434 1
434 251 1
251 436 1
436 251 1
251 437 1
437 251 1
251 457 1
457 251 1
251 489 1
489 251 1
251 495 1
495 251 1
252 294 1
294 252 1
252 307 1
307 252 1
252 355 1
355 252 1
252 362 1
362 252 1
252 391 1
391 252 1
252 431 1
431 252 1
252 490 1
490 252 1
252 498 1
498 252 1
253 259 1
259 253 1
253 343 1
343 253 1
253 357 1
357 253 1
253 366 1
366 253 1
253 399 1
399 253 1
253 413 1
413 253 1
253 426 1
426 253 1
253 496 1
496 253 1
254 256 -1
256 254 -1
254 287 1
287 254 1
254 316 1
316 254 1
254 331 1
331 254 1
254 352 1
352 254 1
254 361 -1
361 254 -1
254 379 1
379 254 1
254 393 1
393 254 1
255 282 -1
282 255 -1
255 301 -1
301 255 -1
255 345 -1
345 255 -1
255 360 -1
360 255 -1
255 406 1
406 255 1
255 410 1
410 255 1
255 497 -1
497 255 -1
256 287 1
287 256 1
256 316 -1
316 256 -1
256 331 1
331 256 1
256 352 1
352 256 1
256 379 1
379 256 1
256 382 -1
382 256 -1
256 393 -1
393 256 -1
256 467 1
467 256 1
257 277 1
277 257 1
257 289 -1
289 257 -1
257 328 1
328 257 1
257 335 1
335 257 1
257 354 -1
354 257 -1
257 364 1
364 257 1
257 376 1
376 257 1
257 389 -1
389 257 -1
257 445 1
445 257 1
257 491 1
491 257 1
257 492 -1
492 257 -1
257 499 1
499 257 1
258 260 1
260 258 1
258 267 1
267 258 1
258 274 -1
274 258 -1
258 297 -1
297 258 -1
258 305 -1
305 258 -1
258 310 1
310 258 1
258 329 1
329 258 1
258 349 1
349 258 1
258 395 1
395 258 1
258 396 1
396 258 1
258 456 1
456 258 1
258 475 1
475 258 1
259 280 -1
280 259 -1
259 341 1
341 259 1
259 343 1
343 259 1
259 357 1
357 259 1
259 366 1
366 259 1
259 399 1
399 259 1
259 413 1
413 259 1
259 426 1
426 259 1
259 496 1
496 259 1
260 267 1
267 260 1
260 297 1
297 260 1
260 329 1
329 260 1
260 349 1
349 260 1
260 384 1
384 260 1
260 395 1
395 260 1
260 396 -1
396 260 -1
260 456 -1
456 260 -1
260 468 -1
468 260 -1
260 475 1
475 260 1
261 270 1
270 261 1
261 298 1
298 261 1
261 306 -1
306 261 -1
261 321 1
321 261 1
261 344 1
344 261 1
261 419 1
419 261 1
261 446 -1
446 261 -1
261 449 -1
449 261 -1
261 452 1
452 261 1
261 462 1
462 261 1
261 476 -1
476 261 -1
261 479 1
479 261 1
261 494 1
494 261 1
262 269 1
269 262 1
262 312 1
312 262 1
262 325 -1
325 262 -1
262 350 1
350 262 1
262 398 1
398 262 1
262 469 -1
469 262 -1
263 274 -1
274 263 -1
263 286 1
286 263 1
263 291 -1
291 263 -1
263 313 -1
313 263 -1
263 330 1
330 263 1
263 351 1
351 263 1
263 382 1
382 263 1
263 420 1
420 263 1
263 451 -1
451 263 -1
264 290 1
290 264 1
264 304 1
304 264 1
264 319 1
319 264 1
264 351 1
351 264 1
264 353 1
353 264 1
264 367 1
367 264 1
264 370 1
370 264 1
264 372 1
372 264 1
264 385 1
385 264 1
264 451 1
451 264 1
264 458 -1
458 264 -1
264 470 -1
470 264 -1
264 488 1
488 264 1
265 296 -1
296 265 -1
265 309 1
309 265 1
265 314 1
314 265 1
265 323 1
323 265 1
265 325 1
325 265 1
265 327 1
327 265 1
265 379 -1
379 265 -1
265 387 1
387 265 1
265 430 1
430 265 1
265 485 1
485 265 1
266 293 -1
293 266 -1
266 305 -1
305 266 -1
266 334 1
334 266 1
266 340 1
340 266 1
266 368 -1
368 266 -1
266 381 1
381 266 1
266 383 1
383 266 1
266 400 1
400 266 1
266 424 1
424 266 1
266 428 1
428 266 1
266 487 -1
487 266 -1
266 493 1
493 266 1
266 500 1
500 266 1
267 297 1
297 267 1
267 310 1
310 267 1
267 326 1
326 267 1
267 329 1
329 267 1
267 349 1
349 267 1
267 384 1
384 267 1
267 395 1
395 267 1
267 396 1
396 267 1
267 456 1
456 267 1
267 475 1
475 267 1
268 278 1
278 268 1
268 281 1
281 268 1
268 388 1
388 268 1
268 443 1
443 268 1
268 465 1
465 268 1
268 481 -1
481 268 -1
269 312 1
312 269 1
269 350 1
350 269 1
269 398 1
398 269 1
269 469 1
469 269 1
270 298 1
298 270 1
270 306 1
306 270 1
270 321 1
321 270 1
270 344 -1
344 270 -1
270 392 1
392 270 1
270 419 1
419 270 1
270 430 -1
430 270 -1
270 452 1
452 270 1
270 462 1
462 270 1
270 479 1
479 270 1
270 494 1
494 270 1
271 276 1
276 271 1
271 299 1
299 271 1
271 302 1
302 271 1
271 315 1
315 271 1
271 359 1
359 271 1
271 411 1
411 271 1
271 454 1
454 271 1
272 279 1
279 272 1
272 283 1
283 272 1
272 288 1
288 272 1
272 293 1
293 272 1
272 311 -1
311 272 -1
272 388 -1
388 272 -1
272 390 1
390 272 1
272 401 1
401 272 1
272 432 1
432 272 1
272 466 1
466 272 1
272 477 1
477 272 1
272 478 1
478 272 1
272 484 1
484 272 1
273 358 1
358 273 1
273 423 1
423 273 1
273 433 1
433 273 1
273 460 1
460 273 1
273 465 -1
465 273 -1
274 275 1
275 274 1
274 286 -1
286 274 -1
274 291 1
291 274 1
274 313 -1
313 274 -1
274 330 1
330 274 1
274 351 1
351 274 1
274 382 1
382 274 1
274 420 1
420 274 1
275 286 1
286 275 1
275 291 -1
291 275 -1
275 313 1
313 275 1
275 330 1
330 275 1
275 351 1
351 275 1
275 363 -1
363 275 -1
275 382 1
382 275 1
275 420 1
420 275 1
276 299 1
299 276 1
276 302 1
302 276 1
276 315 1
315 276 1
276 359 1
359 276 1
276 389 -1
389 276 -1
276 411 1
411 276 1
276 454 1
454 276 1
277 289 1
289 277 1
277 328 1
328 277 1
277 330 -1
330 277 -1
277 335 1
335 277 1
277 354 1
354 277 1
277 364 1
364 277 1
277 376 1
376 277 1
277 389 1
389 277 1
277 445 1
445 277 1
277 499 1
499 277 1
278 281 1
281 278 1
278 286 -1
286 278 -1
278 388 1
388 278 1
278 443 1
443 278 1
278 444 1
444 278 1
278 481 -1
481 278 -1
279 283 1
283 279 1
279 288 1
288 279 1
279 293 1
293 279 1
279 342 1
342 279 1
279 390 -1
390 279 -1
279 401 1
401 279 1
279 432 1
432 279 1
279 466 1
466 279 1
279 477 1
477 279 1
279 478 -1
478 279 -1
279 484 -1
484 279 -1
280 284 1
284 280 1
280 339 1
339 280 1
280 347 -1
347 280 -1
280 378 1
378 280 1
280 407 1
407 280 1
280 441 1
441 280 1
280 453 1
453 280 1
280 463 1
463 280 1
280 480 1
480 280 1
280 486 1
486 280 1
281 388 1
388 281 1
281 443 1
443 281 1
281 444 1
444 281 1
281 465 1
465 281 1
281 481 -1
481 281 -1
282 301 1
301 282 1
282 345 1
345 282 1
282 360 -1
360 282 -1
282 406 1
406 282 1
282 410 1
410 282 1
282 433 -1
433 282 -1
283 288 1
288 283 1
283 293 1
293 283 1
283 321 1
321 283 1
283 342 1
342 283 1
283 390 1
390 283 1
283 397 -1
397 283 -1
283 401 -1
401 283 -1
283 432 1
432 283 1
283 466 1
466 283 1
283 477 1
477 283 1
283 478 1
478 283 1
283 484 1
484 283 1
284 339 1
339 284 1
284 347 1
347 284 1
284 378 -1
378 284 -1
284 400 -1
400 284 -1
284 438 1
438 284 1
284 441 1
441 284 1
284 453 1
453 284 1
284 463 1
463 284 1
284 480 1
480 284 1
284 486 1
486 284 1
284 497 -1
497 284 -1
285 291 -1
291 285 -1
285 308 1
308 285 1
285 332 1
332 285 1
285 365 1
365 285 1
285 403 1
403 285 1
285 404 1
404 285 1
285 450 1
450 285 1
286 291 1
291 286 1
286 313 1
313 286 1
286 330 1
330 286 1
286 351 1
351 286 1
286 382 1
382 286 1
286 413 1
413 286 1
286 420 1
420 286 1
287 292 1
292 287 1
287 331 1
331 287 1
287 352 1
352 287 1
287 379 1
379 287 1
287 393 1
393 287 1
287 467 1
467 287 1
288 293 1
293 288 1
288 342 1
342 288 1
288 361 -1
361 288 -1
288 390 1
390 288 1
288 401 1
401 288 1
288 432 1
432 288 1
288 477 1
477 288 1
288 478 1
478 288 1
288 484 1
484 288 1
289 328 1
328 289 1
289 335 1
335 289 1
289 354 1
354 289 1
289 364 1
364 289 1
289 376 1
376 289 1
289 389 1
389 289 1
289 445 -1
445 289 -1
289 491 1
491 289 1
289 499 1
499 289 1
290 304 1
304 290 1
290 319 1
319 290 1
290 353 1
353 290 1
290 367 1
367 290 1
290 370 1
370 290 1
290 372 1
372 290 1
290 373 1
373 290 1
290 433 1
433 290 1
290 451 1
451 290 1
290 458 -1
458 290 -1
290 470 1
470 290 1
290 473 -1
473 290 -1
290 488 1
488 290 1
291 313 1
313 291 1
291 330 1
330 291 1
291 351 1
351 291 1
291 382 1
382 291 1
291 420 1
420 291 1
292 369 1
369 292 1
292 417 1
417 292 1
292 471 1
471 292 1
293 342 1
342 293 1
293 390 -1
390 293 -1
293 401 -1
401 293 -1
293 405 -1
405 293 -1
293 432 1
432 293 1
293 466 1
466 293 1
293 477 1
477 293 1
293 478 1
478 293 1
293 484 1
484 293 1
294 307 -1
307 294 -1
294 355 1
355 294 1
294 362 1
362 294 1
294 371 -1
371 294 -1
294 391 1
391 294 1
294 490 1
490 294 1
294 498 1
498 294 1
295 323 1
323 295 1
295 326 1
326 295 1
295 346 1
346 295 1
295 365 1
365 295 1
295 375 1
375 295 1
295 377 1
377 295 1
295 405 -1
405 295 -1
295 415 1
415 295 1
295 429 1
429 295 1
295 440 1
440 295 1
295 446 1
446 295 1
295 459 1
459 295 1
295 461 1
461 295 1
295 473 -1
473 295 -1
295 483 1
483 295 1
296 309 1
309 296 1
296 314 1
314 296 1
296 323 1
323 296 1
296 325 1
325 296 1
296 327 1
327 296 1
296 387 1
387 296 1
296 430 1
430 296 1
296 435 1
435 296 1
296 440 -1
440 296 -1
296 481 -1
481 296 -1
296 485 1
485 296 1
297 310 1
310 297 1
297 329 1
329 297 1
297 349 1
349 297 1
297 384 1
384 297 1
297 395 1
395 297 1
297 396 1
396 297 1
297 456 1
456 297 1
297 475 1
475 297 1
297 478 -1
478 297 -1
298 306 1
306 298 1
298 321 -1
321 298 -1
298 344 1
344 298 1
298 362 -1
362 298 -1
298 392 1
392 298 1
298 419 1
419 298 1
298 449 1
449 298 1
298 452 1
452 298 1
298 462 1
462 298 1
298 467 -1
467 298 -1
298 479 1
479 298 1
298 494 1
494 298 1
299 302 1
302 299 1
299 315 -1
315 299 -1
299 359 1
359 299 1
299 411 1
411 299 1
299 454 1
454 299 1
300 311 1
311 300 1
300 338 1
338 300 1
300 371 -1
371 300 -1
300 374 -1
374 300 -1
300 425 1
425 300 1
300 439 1
439 300 1
300 442 1
442 300 1
300 448 1
448 300 1
301 345 1
345 301 1
301 360 1
360 301 1
301 406 1
406 301 1
301 408 1
408 301 1
301 410 1
410 301 1
301 497 1
497 301 1
302 315 1
315 302 1
302 359 1
359 302 1
302 411 1
411 302 1
302 454 -1
454 302 -1
303 317 1
317 303 1
303 318 1
318 303 1
303 363 1
363 303 1
303 370 -1
370 303 -1
303 380 1
380 303 1
303 394 1
394 303 1
303 418 1
418 303 1
303 434 1
434 303 1
303 436 1
436 303 1
303 437 1
437 303 1
303 447 -1
447 303 -1
303 457 -1
457 303 -1
303 489 1
489 303 1
303 495 1
495 303 1
304 319 1
319 304 1
304 353 1
353 304 1
304 367 1
367 304 1
304 370 1
370 304 1
304 372 1
372 304 1
304 373 1
373 304 1
304 385 1
385 304 1
304 451 -1
451 304 -1
304 470 1
470 304 1
304 488 1
488 304 1
304 494 -1
494 304 -1
305 334 1
334 305 1
305 340 -1
340 305 -1
305 368 1
368 305 1
305 381 1
381 305 1
305 383 1
383 305 1
305 424 1
424 305 1
305 428 1
428 305 1
305 487 1
487 305 1
305 493 1
493 305 1
305 500 1
500 305 1
306 312 -1
312 306 -1
306 321 1
321 306 1
306 344 -1
344 306 -1
306 392 -1
392 306 -1
306 419 1
419 306 1
306 449 -1
449 306 -1
306 452 1
452 306 1
306 479 -1
479 306 -1
306 494 1
494 306 1
307 355 1
355 307 1
307 362 -1
362 307 -1
307 382 -1
382 307 -1
307 391 1
391 307 1
307 399 -1
399 307 -1
307 431 1
431 307 1
307 490 1
490 307 1
307 498 -1
498 307 -1
308 332 1
332 308 1
308 402 1
402 308 1
308 403 1
403 308 1
308 404 1
404 308 1
308 450 1
450 308 1
308 481 -1
481 308 -1
309 314 -1
314 309 -1
309 323 1
323 309 1
309 325 -1
325 309 -1
309 327 1
327 309 1
309 387 1
387 309 1
309 394 1
394 309 1
309 430 1
430 309 1
309 435 1
435 309 1
309 485 1
485 309 1
310 329 1
329 310 1
310 349 1
349 310 1
310 384 1
384 310 1
310 395 1
395 310 1
310 396 1
396 310 1
310 456 1
456 310 1
310 475 1
475 310 1
311 338 1
338 311 1
311 371 1
371 311 1
311 374 1
374 311 1
311 425 1
425 311 1
311 439 -1
439 311 -1
311 442 1
442 311 1
311 448 1
448 311 1
312 350 -1
350 312 -1
312 398 1
398 312 1
312 469 1
469 312 1
313 330 1
330 313 1
313 351 1
351 313 1
313 382 1
382 313 1
313 420 1
420 313 1
313 436 -1
436 313 -1
314 323 1
323 314 1
314 325 1
325 314 1
314 327 1
327 314 1
314 387 1
387 314 1
314 430 1
430 314 1
314 435 1
435 314 1
314 485 1
485 314 1
315 319 -1
319 315 -1
315 359 1
359 315 1
315 411 1
411 315 1
315 426 -1
426 315 -1
315 454 -1
454 315 -1
316 331 1
331 316 1
316 352 1
352 316 1
316 379 -1
379 316 -1
316 384 1
384 316 1
316 393 -1
393 316 -1
316 467 1
467 316 1
316 486 -1
486 316 -1
317 318 1
318 317 1
317 363 1
363 317 1
317 380 1
380 317 1
317 394 1
394 317 1
317 418 1
418 317 1
317 434 1
434 317 1
317 436 1
436 317 1
317 437 1
437 317 1
317 457 1
457 317 1
317 489 1
489 317 1
317 495 1
495 317 1
318 339 -1
339 318 -1
318 363 -1
363 318 -1
318 380 1
380 318 1
318 394 1
394 318 1
318 418 1
418 318 1
318 434 1
434 318 1
318 436 1
436 318 1
318 437 1
437 318 1
318 489 1
489 318 1
318 495 1
495 318 1
318 500 -1
500 318 -1
319 353 -1
353 319 -1
319 367 1
367 319 1
319 370 1
370 319 1
319 372 1
372 319 1
319 373 1
373 319 1
319 385 1
385 319 1
319 451 1
451 319 1
319 458 1
458 319 1
319 470 -1
470 319 -1
319 488 1
488 319 1
319 489 -1
489 319 -1
320 324 1
324 320 1
320 333 1
333 320 1
320 337 1
337 320 1
320 352 -1
352 320 -1
320 361 1
361 320 1
320 409 1
409 320 1
320 422 1
422 320 1
320 447 1
447 320 1
320 474 1
474 320 1
320 492 1
492 320 1
321 344 1
344 321 1
321 392 1
392 321 1
321 410 -1
410 321 -1
321 419 1
419 321 1
321 449 1
449 321 1
321 452 1
452 321 1
321 462 1
462 321 1
321 479 1
479 321 1
321 494 1
494 321 1
322 336 1
336 322 1
322 386 1
386 322 1
322 412 1
412 322 1
322 472 1
472 322 1
322 476 -1
476 322 -1
323 327 1
327 323 1
323 387 1
387 323 1
323 430 -1
430 323 -1
323 435 1
435 323 1
323 485 1
485 323 1
324 333 1
333 324 1
324 337 1
337 324 1
324 361 1
361 324 1
324 409 1
409 324 1
324 421 1
421 324 1
324 447 1
447 324 1
324 474 1
474 324 1
324 492 1
492 324 1
325 327 1
327 325 1
325 387 1
387 325 1
325 430 1
430 325 1
325 435 -1
435 325 -1
325 485 -1
485 325 -1
326 346 1
346 326 1
326 365 1
365 326 1
326 375 1
375 326 1
326 377 1
377 326 1
326 405 1
405 326 1
326 415 1
415 326 1
326 429 1
429 326 1
326 440 1
440 326 1
326 446 1
446 326 1
326 455 -1
455 326 -1
326 459 -1
459 326 -1
326 461 -1
461 326 -1
326 473 1
473 326 1
326 483 1
483 326 1
327 387 1
387 327 1
327 430 1
430 327 1
327 435 1
435 327 1
327 485 1
485 327 1
328 335 1
335 328 1
328 354 1
354 328 1
328 364 1
364 328 1
328 376 1
376 328 1
328 389 1
389 328 1
328 420 -1
420 328 -1
328 445 -1
445 328 -1
328 457 1
457 328 1
328 491 -1
491 328 -1
328 499 1
499 328 1
329 349 1
349 329 1
329 384 1
384 329 1
329 395 1
395 329 1
329 396 -1
396 329 -1
329 456 1
456 329 1
329 475 1
475 329 1
330 351 1
351 330 1
330 382 -1
382 330 -1
330 420 1
420 330 1
331 352 1
352 331 1
331 379 1
379 331 1
331 393 1
393 331 1
331 422 -1
422 331 -1
331 467 1
467 331 1
331 477 -1
477 331 -1
332 402 1
402 332 1
332 403 1
403 332 1
332 404 -1
404 332 -1
333 337 -1
337 333 -1
333 361 1
361 333 1
333 409 1
409 333 1
333 421 -1
421 333 -1
333 422 1
422 333 1
333 447 1
447 333 1
333 474 1
474 333 1
333 492 1
492 333 1
334 340 1
340 334 1
334 355 -1
355 334 -1
334 368 1
368 334 1
334 381 1
381 334 1
334 383 1
383 334 1
334 400 1
400 334 1
334 424 1
424 334 1
334 428 -1
428 334 -1
334 487 1
487 334 1
334 493 1
493 334 1
334 500 -1
500 334 -1
335 344 -1
344 335 -1
335 354 1
354 335 1
335 364 1
364 335 1
335 376 1
376 335 1
335 389 1
389 335 1
335 444 -1
444 335 -1
335 445 1
445 335 1
335 491 1
491 335 1
335 499 1
499 335 1
336 386 1
386 336 1
336 412 -1
412 336 -1
336 472 1
472 336 1
336 476 1
476 336 1
337 361 1
361 337 1
337 409 -1
409 337 -1
337 421 1
421 337 1
337 422 1
422 337 1
337 447 1
447 337 1
337 474 1
474 337 1
337 492 1
492 337 1
338 371 1
371 338 1
338 374 -1
374 338 -1
338 425 1
425 338 1
338 439 1
439 338 1
338 442 1
442 338 1
339 347 1
347 339 1
339 378 1
378 339 1
339 407 1
407 339 1
339 438 -1
438 339 -1
339 453 -1
453 339 -1
339 463 1
463 339 1
339 480 -1
480 339 -1
339 486 1
486 339 1
340 381 -1
381 340 -1
340 383 1
383 340 1
340 400 -1
400 340 -1
340 424 1
424 340 1
340 428 1
428 340 1
340 487 1
487 340 1
340 493 1
493 340 1
340 500 -1
500 340 -1
341 343 1
343 341 1
341 357 1
357 341 1
341 366 1
366 341 1
341 399 1
399 341 1
341 413 1
413 341 1
341 426 1
426 341 1
341 456 -1
456 341 -1
341 496 1
496 341 1
342 390 1
390 342 1
342 401 1
401 342 1
342 432 1
432 342 1
342 466 1
466 342 1
342 477 1
477 342 1
342 478 1
478 342 1
342 484 1
484 342 1
343 366 1
366 343 1
343 399 1
399 343 1
343 413 1
413 343 1
343 426 1
426 343 1
343 496 1
496 343 1
344 392 1
392 344 1
344 449 1
449 344 1
344 452 -1
452 344 -1
344 462 1
462 344 1
344 479 -1
479 344 -1
344 494 1
494 344 1
345 360 -1
360 345 -1
345 406 1
406 345 1
345 410 1
410 345 1
345 497 -1
497 345 -1
345 500 -1
500 345 -1
346 365 1
365 346 1
346 369 -1
369 346 -1
346 375 -1
375 346 -1
346 377 1
377 346 1
346 405 1
405 346 1
346 415 1
415 346 1
346 429 1
429 346 1
346 446 1
446 346 1
346 455 1
455 346 1
346 459 1
459 346 1
346 461 1
461 346 1
346 473 1
473 346 1
346 483 1
483 346 1
347 367 -1
367 347 -1
347 378 1
378 347 1
347 407 1
407 347 1
347 438 1
438 347 1
347 441 1
441 347 1
347 453 1
453 347 1
347 480 1
480 347 1
347 486 1
486 347 1
348 369 1
369 348 1
348 417 -1
417 348 -1
348 425 -1
425 348 -1
348 471 1
471 348 1
349 384 1
384 349 1
349 396 1
396 349 1
349 456 1
456 349 1
349 475 1
475 349 1
350 398 -1
398 350 -1
350 469 1
469 350 1
350 490 -1
490 350 -1
351 382 1
382 351 1
351 420 1
420 351 1
352 379 1
379 352 1
352 393 1
393 352 1
352 467 1
467 352 1
352 480 -1
480 352 -1
353 358 1
358 353 1
353 367 1
367 353 1
353 370 1
370 353 1
353 372 1
372 353 1
353 373 1
373 353 1
353 385 -1
385 353 -1
353 451 1
451 353 1
353 458 1
458 353 1
353 470 1
470 353 1
354 364 -1
364 354 -1
354 389 1
389 354 1
354 421 -1
421 354 -1
354 445 1
445 354 1
354 491 1
491 354 1
354 499 1
499 354 1
355 362 1
362 355 1
355 391 1
391 355 1
355 410 -1
410 355 -1
355 431 1
431 355 1
355 490 1
490 355 1
355 498 -1
498 355 -1
356 397 1
397 356 1
356 408 -1
408 356 -1
356 414 1
414 356 1
356 416 1
416 356 1
356 427 1
427 356 1
356 464 1
464 356 1
356 468 1
468 356 1
356 482 1
482 356 1
357 366 1
366 357 1
357 399 1
399 357 1
357 413 1
413 357 1
357 424 -1
424 357 -1
357 426 1
426 357 1
357 496 1
496 357 1
358 423 1
423 358 1
358 433 -1
433 358 -1
358 460 1
460 358 1
359 411 1
411 359 1
359 442 -1
442 359 -1
359 454 1
454 359 1
360 406 1
406 360 1
360 410 1
410 360 1
360 474 -1
474 360 -1
360 497 1
497 360 1
361 409 1
409 361 1
361 421 1
421 361 1
361 422 1
422 361 1
361 447 1
447 361 1
361 474 1
474 361 1
361 492 -1
492 361 -1
362 391 1
391 362 1
362 431 1
431 362 1
362 490 1
490 362 1
362 498 1
498 362 1
363 380 1
380 363 1
363 394 1
394 363 1
363 418 1
418 363 1
363 434 1
434 363 1
363 436 1
436 363 1
363 437 1
437 363 1
363 457 1
457 363 1
363 489 1
489 363 1
363 495 1
495 363 1
364 376 1
376 364 1
364 389 1
389 364 1
364 467 -1
467 364 -1
364 491 1
491 364 1
364 499 -1
499 364 -1
365 375 1
375 365 1
365 405 1
405 365 1
365 415 1
415 365 1
365 429 1
429 365 1
365 440 1
440 365 1
365 446 1
446 365 1
365 455 1
455 365 1
365 459 1
459 365 1
365 461 1
461 365 1
365 473 1
473 365 1
365 483 1
483 365 1
366 383 -1
383 366 -1
366 399 -1
399 366 -1
366 413 1
413 366 1
366 426 1
426 366 1
366 496 1
496 366 1
367 370 1
370 367 1
367 372 1
372 367 1
367 373 1
373 367 1
367 385 -1
385 367 -1
367 451 1
451 367 1
367 458 1
458 367 1
367 470 1
470 367 1
367 488 1
488 367 1
368 381 1
381 368 1
368 383 1
383 368 1
368 400 1
400 368 1
368 424 1
424 368 1
368 428 1
428 368 1
368 487 1
487 368 1
368 491 -1
491 368 -1
368 493 1
493 368 1
368 500 1
500 368 1
369 417 1
417 369 1
369 471 1
471 369 1
370 372 -1
372 370 -1
370 373 1
373 370 1
370 385 1
385 370 1
370 458 1
458 370 1
370 470 1
470 370 1
370 488 1
488 370 1
371 374 1
374 371 1
371 425 1
425 371 1
371 439 1
439 371 1
371 442 1
442 371 1
371 448 1
448 371 1
371 489 -1
489 371 -1
372 373 1
373 372 1
372 385 1
385 372 1
372 432 -1
432 372 -1
372 451 1
451 372 1
372 458 1
458 372 1
372 470 1
470 372 1
372 488 1
488 372 1
373 385 1
385 373 1
373 451 1
451 373 1
373 458 1
458 373 1
373 470 1
470 373 1
373 488 -1
488 373 -1
374 425 1
425 374 1
374 439 1
439 374 1
374 442 -1
442 374 -1
374 448 -1
448 374 -1
375 377 1
377 375 1
375 381 1
381 375 1
375 405 1
405 375 1
375 415 1
415 375 1
375 429 1
429 375 1
375 440 1
440 375 1
375 446 1
446 375 1
375 455 1
455 375 1
375 459 -1
459 375 -1
375 461 -1
461 375 -1
375 473 1
473 375 1
376 389 -1
389 376 -1
376 445 1
445 376 1
376 469 -1
469 376 -1
376 491 1
491 376 1
376 499 1
499 376 1
377 386 -1
386 377 -1
377 405 1
405 377 1
377 415 1
415 377 1
377 429 1
429 377 1
377 440 1
440 377 1
377 446 1
446 377 1
377 455 1
455 377 1
377 459 1
459 377 1
377 461 1
461 377 1
377 473 1
473 377 1
377 483 1
483 377 1
378 407 1
407 378 1
378 438 1
438 378 1
378 441 -1
441 378 -1
378 453 1
453 378 1
378 454 -1
454 378 -1
378 463 1
463 378 1
378 480 1
480 378 1
378 486 1
486 378 1
379 393 1
393 379 1
379 427 1
427 379 1
379 467 1
467 379 1
380 394 -1
394 380 -1
380 434 1
434 380 1
380 436 1
436 380 1
380 437 1
437 380 1
380 447 -1
447 380 -1
380 457 1
457 380 1
380 474 -1
474 380 -1
380 489 1
489 380 1
380 495 -1
495 380 -1
381 383 -1
383 381 -1
381 400 1
400 381 1
381 424 1
424 381 1
381 428 1
428 381 1
381 487 1
487 381 1
381 493 1
493 381 1
381 500 1
500 381 1
382 420 1
420 382 1
383 387 1
387 383 1
383 400 -1
400 383 -1
383 428 1
428 383 1
383 487 1
487 383 1
383 493 1
493 383 1
383 500 1
500 383 1
384 395 1
395 384 1
384 396 1
396 384 1
384 456 1
456 384 1
384 475 1
475 384 1
385 426 -1
426 385 -1
385 451 1
451 385 1
385 458 1
458 385 1
385 470 1
470 385 1
385 488 1
488 385 1
386 412 -1
412 386 -1
386 472 1
472 386 1
386 476 -1
476 386 -1
387 435 1
435 387 1
387 485 1
485 387 1
388 444 1
444 388 1
388 465 1
465 388 1
388 481 -1
481 388 -1
389 445 1
445 389 1
389 491 1
491 389 1
389 499 1
499 389 1
390 401 1
401 390 1
390 432 1
432 390 1
390 466 1
466 390 1
390 477 1
477 390 1
390 478 1
478 390 1
390 484 1
484 390 1
391 431 -1
431 391 -1
391 498 1
498 391 1
392 419 1
419 392 1
392 449 1
449 392 1
392 452 1
452 392 1
392 462 1
462 392 1
392 479 1
479 392 1
392 494 1
494 392 1
393 467 1
467 393 1
394 418 -1
418 394 -1
394 434 1
434 394 1
394 436 1
436 394 1
394 437 1
437 394 1
394 457 1
457 394 1
394 489 1
489 394 1
394 495 -1
495 394 -1
395 396 -1
396 395 -1
395 456 1
456 395 1
395 475 1
475 395 1
396 475 1
475 396 1
397 408 1
408 397 1
397 414 1
414 397 1
397 416 -1
416 397 -1
397 427 1
427 397 1
397 464 1
464 397 1
397 468 1
468 397 1
397 482 1
482 397 1
398 469 1
469 398 1
398 483 -1
483 398 -1
399 413 1
413 399 1
399 426 1
426 399 1
399 496 1
496 399 1
400 424 1
424 400 1
400 428 1
428 400 1
400 487 1
487 400 1
400 493 1
493 400 1
400 500 1
500 400 1
401 432 -1
432 401 -1
401 443 -1
443 401 -1
401 451 -1
451 401 -1
401 466 1
466 401 1
401 477 1
477 401 1
401 478 1
478 401 1
401 484 1
484 401 1
402 403 1
403 402 1
402 404 1
404 402 1
402 450 -1
450 402 -1
403 404 -1
404 403 -1
403 450 1
450 403 1
404 450 1
450 404 1
405 415 1
415 405 1
405 429 1
429 405 1
405 440 1
440 405 1
405 446 1
446 405 1
405 455 1
455 405 1
405 459 1
459 405 1
405 461 1
461 405 1
405 473 1
473 405 1
405 483 1
483 405 1
406 410 1
410 406 1
406 497 1
497 406 1
407 414 1
414 407 1
407 438 1
438 407 1
407 441 -1
441 407 -1
407 453 1
453 407 1
407 463 1
463 407 1
407 480 1
480 407 1
407 486 1
486 407 1
407 493 -1
493 407 -1
408 414 1
414 408 1
408 416 1
416 408 1
408 427 1
427 408 1
408 464 1
464 408 1
408 468 1
468 408 1
408 482 1
482 408 1
409 421 1
421 409 1
409 422 1
422 409 1
409 447 -1
447 409 -1
409 474 -1
474 409 -1
409 492 1
492 409 1
409 496 -1
496 409 -1
410 497 1
497 410 1
411 421 -1
421 411 -1
411 454 1
454 411 1
412 472 1
472 412 1
412 476 1
476 412 1
413 426 1
426 413 1
414 416 1
416 414 1
414 427 1
427 414 1
414 468 1
468 414 1
414 482 1
482 414 1
415 429 1
429 415 1
415 440 -1
440 415 -1
415 441 -1
441 415 -1
415 455 1
455 415 1
415 459 -1
459 415 -1
415 461 1
461 415 1
415 468 -1
468 415 -1
415 473 1
473 415 1
415 483 1
483 415 1
416 427 1
427 416 1
416 464 -1
464 416 -1
416 468 1
468 416 1
416 482 1
482 416 1
417 471 1
471 417 1
418 434 1
434 418 1
418 436 1
436 418 1
418 437 1
437 418 1
418 443 -1
443 418 -1
418 457 1
457 418 1
418 489 1
489 418 1
418 495 1
495 418 1
419 449 1
449 419 1
419 452 1
452 419 1
419 462 -1
462 419 -1
419 479 1
479 419 1
419 494 -1
494 419 -1
421 422 1
422 421 1
421 447 1
447 421 1
421 474 1
474 421 1
421 492 -1
492 421 -1
422 447 1
447 422 1
422 474 -1
474 422 -1
422 492 -1
492 422 -1
423 433 1
433 423 1
423 460 1
460 423 1
423 487 -1
487 423 -1
424 428 -1
428 424 -1
424 487 -1
487 424 -1
424 493 1
493 424 1
424 500 1
500 424 1
425 439 1
439 425 1
425 442 1
442 425 1
425 448 1
448 425 1
426 496 1
496 426 1
427 464 1
464 427 1
427 468 1
468 427 1
427 482 1
482 427 1
428 487 -1
487 428 -1
428 493 -1
493 428 -1
428 500 1
500 428 1
429 440 -1
440 429 -1
429 446 1
446 429 1
429 455 1
455 429 1
429 461 1
461 429 1
429 473 1
473 429 1
429 483 1
483 429 1
430 435 1
435 430 1
430 485 -1
485 430 -1
430 490 -1
490 430 -1
431 439 -1
439 431 -1
431 475 1
475 431 1
431 490 1
490 431 1
431 498 1
498 431 1
432 466 -1
466 432 -1
432 477 1
477 432 1
432 478 1
478 432 1
432 484 1
484 432 1
433 460 1
460 433 1
434 436 1
436 434 1
434 457 1
457 434 1
434 489 1
489 434 1
434 495 -1
495 434 -1
435 466 -1
466 435 -1
435 485 1
485 435 1
436 437 1
437 436 1
436 457 1
457 436 1
436 489 -1
489 436 -1
437 457 1
457 437 1
437 489 1
489 437 1
437 495 1
495 437 1
438 441 1
441 438 1
438 453 1
453 438 1
438 463 1
463 438 1
438 480 -1
480 438 -1
438 486 1
486 438 1
439 448 -1
448 439 -1
440 446 -1
446 440 -1
440 450 -1
450 440 -1
440 455 1
455 440 1
440 459 -1
459 440 -1
440 461 -1
461 440 -1
440 473 -1
473 440 -1
440 483 1
483 440 1
441 453 1
453 441 1
441 463 1
463 441 1
441 480 1
480 441 1
441 486 1
486 441 1
442 448 1
448 442 1
443 444 1
444 443 1
443 465 1
465 443 1
443 481 1
481 443 1
444 455 -1
455 444 -1
444 465 1
465 444 1
444 481 1
481 444 1
445 491 1
491 445 1
445 499 -1
499 445 -1
446 455 1
455 446 1
446 459 1
459 446 1
446 461 1
461 446 1
446 473 1
473 446 1
446 483 1
483 446 1
447 474 1
474 447 1
447 492 1
492 447 1
449 452 1
452 449 1
449 462 -1
462 449 -1
449 463 -1
463 449 -1
449 479 1
479 449 1
449 487 1
487 449 1
449 494 1
494 449 1
451 458 1
458 451 1
451 470 -1
470 451 -1
451 488 1
488 451 1
452 461 -1
461 452 -1
452 462 1
462 452 1
452 479 1
479 452 1
452 494 1
494 452 1
453 463 1
463 453 1
453 480 1
480 453 1
453 486 1
486 453 1
453 492 -1
492 453 -1
455 459 1
459 455 1
455 461 1
461 455 1
455 473 1
473 455 1
455 483 1
483 455 1
456 475 -1
475 456 -1
457 489 1
489 457 1
457 495 1
495 457 1
458 470 1
470 458 1
458 473 -1
473 458 -1
458 488 1
488 458 1
459 461 1
461 459 1
459 473 -1
473 459 -1
459 483 1
483 459 1
461 473 -1
473 461 -1
461 483 1
483 461 1
462 479 1
479 462 1
462 494 1
494 462 1
463 480 -1
480 463 -1
463 486 1
486 463 1
464 468 1
468 464 1
464 482 1
482 464 1
465 481 1
481 465 1
466 477 1
477 466 1
466 478 -1
478 466 -1
466 484 1
484 466 1
468 482 1
482 468 1
470 488 -1
488 470 -1
472 476 -1
476 472 -1
473 483 1
483 473 1
474 492 -1
492 474 -1
477 484 1
484 477 1
478 484 1
484 478 1
487 493 1
493 487 1
487 500 -1
500 487 -1
489 495 -1
495 489 -1
490 498 1
498 490 1
491 499 1
499 491 1
493 500 1
500 493 1
