1 17 1
17 1 1
1 29 1
29 1 1
1 62 1
62 1 1
1 67 -1
67 1 -1
1 89 -1
89 1 -1
1 106 1
106 1 1
1 135 1
135 1 1
1 139 1
139 1 1
1 148 -1
148 1 -1
1 160 1
160 1 1
1 166 -1
166 1 -1
1 171 1
171 1 1
1 193 1
193 1 1
1 198 1
198 1 1
1 200 1
200 1 1
1 203 -1
203 1 -1
1 266 1
266 1 1
1 270 -1
270 1 -1
1 287 1
287 1 1
1 302 1
302 1 1
2 16 1
16 2 1
2 27 1
27 2 1
2 60 -1
60 2 -1
2 80 1
80 2 1
2 91 1
91 2 1
2 108 1
108 2 1
2 126 1
126 2 1
2 138 1
138 2 1
2 158 1
158 2 1
2 180 -1
180 2 -1
2 202 1
202 2 1
2 223 1
223 2 1
2 259 1
259 2 1
2 383 1
383 2 1
2 402 -1
402 2 -1
2 419 1
419 2 1
2 432 1
432 2 1
2 439 1
439 2 1
2 452 1
452 2 1
2 473 1
473 2 1
3 4 1
4 3 1
3 46 -1
46 3 -1
3 50 1
50 3 1
3 57 1
57 3 1
3 65 1
65 3 1
3 95 1
95 3 1
3 152 1
152 3 1
3 157 1
157 3 1
3 182 -1
182 3 -1
3 209 1
209 3 1
3 232 -1
232 3 -1
3 306 1
306 3 1
3 307 1
307 3 1
3 312 -1
312 3 -1
3 313 1
313 3 1
3 372 1
372 3 1
3 459 1
459 3 1
3 461 1
461 3 1
3 468 1
468 3 1
3 493 1
493 3 1
4 24 -1
24 4 -1
4 46 1
46 4 1
4 50 1
50 4 1
4 57 1
57 4 1
4 65 1
65 4 1
4 95 -1
95 4 -1
4 126 -1
126 4 -1
4 152 1
152 4 1
4 157 -1
157 4 -1
4 209 1
209 4 1
4 232 1
232 4 1
4 306 1
306 4 1
4 307 1
307 4 1
4 313 1
313 4 1
4 372 1
372 4 1
4 461 1
461 4 1
4 468 1
468 4 1
4 487 1
487 4 1
4 493 -1
493 4 -1
5 31 1
31 5 1
5 75 1
75 5 1
5 87 1
87 5 1
5 97 1
97 5 1
5 100 1
100 5 1
5 187 1
187 5 1
5 192 1
192 5 1
5 211 -1
211 5 -1
5 273 1
273 5 1
5 277 1
277 5 1
5 334 1
334 5 1
5 343 1
343 5 1
5 352 1
352 5 1
5 362 1
362 5 1
5 364 1
364 5 1
5 390 -1
390 5 -1
5 441 -1
441 5 -1
5 471 1
471 5 1
5 485 1
485 5 1
5 492 -1
492 5 -1
6 56 1
56 6 1
6 145 1
145 6 1
6 215 1
215 6 1
6 246 -1
246 6 -1
6 257 1
257 6 1
6 275 1
275 6 1
6 276 1
276 6 1
6 290 -1
290 6 -1
6 308 1
308 6 1
6 382 1
382 6 1
6 429 1
429 6 1
6 434 -1
434 6 -1
6 437 1
437 6 1
6 441 1
441 6 1
6 451 -1
451 6 -1
6 454 1
454 6 1
6 461 1
461 6 1
6 465 -1
465 6 -1
6 474 1
474 6 1
6 475 1
475 6 1
7 25 1
25 7 1
7 32 1
32 7 1
7 54 1
54 7 1
7 64 1
64 7 1
7 116 1
116 7 1
7 132 1
132 7 1
7 169 1
169 7 1
7 189 -1
189 7 -1
7 229 1
229 7 1
7 250 1
250 7 1
7 270 -1
270 7 -1
7 299 -1
299 7 -1
7 315 1
315 7 1
7 340 1
340 7 1
7 370 1
370 7 1
7 403 1
403 7 1
7 405 1
405 7 1
7 414 1
414 7 1
7 431 1
431 7 1
7 448 1
448 7 1
8 186 1
186 8 1
8 196 1
196 8 1
8 197 1
197 8 1
8 253 -1
253 8 -1
8 267 1
267 8 1
8 271 1
271 8 1
8 276 -1
276 8 -1
8 282 1
282 8 1
8 301 -1
301 8 -1
8 303 1
303 8 1
8 353 1
353 8 1
8 368 -1
368 8 -1
8 376 1
376 8 1
8 378 -1
378 8 -1
8 396 1
396 8 1
8 401 1
401 8 1
8 404 -1
404 8 -1
8 440 1
440 8 1
8 455 1
455 8 1
8 479 -1
479 8 -1
9 38 -1
38 9 -1
9 74 1
74 9 1
9 82 1
82 9 1
9 125 1
125 9 1
9 160 -1
160 9 -1
9 226 1
226 9 1
9 236 1
236 9 1
9 260 1
260 9 1
9 270 1
270 9 1
9 285 1
285 9 1
9 295 1
295 9 1
9 297 1
297 9 1
9 304 1
304 9 1
9 309 -1
309 9 -1
9 329 1
329 9 1
9 331 1
331 9 1
9 335 1
335 9 1
9 357 -1
357 9 -1
9 366 1
366 9 1
9 460 1
460 9 1
10 14 1
14 10 1
10 59 1
59 10 1
10 86 1
86 10 1
10 90 -1
90 10 -1
10 101 1
101 10 1
10 122 -1
122 10 -1
10 167 1
167 10 1
10 189 1
189 10 1
10 190 1
190 10 1
10 235 1
235 10 1
10 238 -1
238 10 -1
10 251 1
251 10 1
10 293 1
293 10 1
10 324 1
324 10 1
10 327 1
327 10 1
10 328 1
328 10 1
10 338 1
338 10 1
10 357 1
357 10 1
10 422 1
422 10 1
10 462 1
462 10 1
11 19 -1
19 11 -1
11 21 1
21 11 1
11 34 1
34 11 1
11 47 1
47 11 1
11 112 1
112 11 1
11 142 -1
142 11 -1
11 149 -1
149 11 -1
11 161 1
161 11 1
11 174 1
174 11 1
11 206 1
206 11 1
11 210 1
210 11 1
11 227 1
227 11 1
11 256 1
256 11 1
11 261 1
261 11 1
11 316 1
316 11 1
11 320 -1
320 11 -1
11 333 1
333 11 1
11 416 1
416 11 1
11 453 1
453 11 1
11 467 1
467 11 1
12 39 1
39 12 1
12 41 1
41 12 1
12 105 1
105 12 1
12 107 1
107 12 1
12 119 1
119 12 1
12 128 -1
128 12 -1
12 134 1
134 12 1
12 136 1
136 12 1
12 154 1
154 12 1
12 168 1
168 12 1
12 172 1
172 12 1
12 184 1
184 12 1
12 188 1
188 12 1
12 233 1
233 12 1
12 263 1
263 12 1
12 314 1
314 12 1
12 343 -1
343 12 -1
12 379 1
379 12 1
12 426 1
426 12 1
12 469 -1
469 12 -1
13 58 -1
58 13 -1
13 109 1
109 13 1
13 124 -1
124 13 -1
13 155 1
155 13 1
13 163 -1
163 13 -1
13 173 -1
173 13 -1
13 176 -1
176 13 -1
13 178 -1
178 13 -1
13 182 -1
182 13 -1
13 241 -1
241 13 -1
13 249 1
249 13 1
13 255 1
255 13 1
13 264 1
264 13 1
13 350 1
350 13 1
13 411 1
411 13 1
13 438 1
438 13 1
13 444 1
444 13 1
13 477 1
477 13 1
13 488 1
488 13 1
13 497 -1
497 13 -1
14 59 1
59 14 1
14 63 1
63 14 1
14 86 1
86 14 1
14 122 1
122 14 1
14 167 -1
167 14 -1
14 189 1
189 14 1
14 190 1
190 14 1
14 234 -1
234 14 -1
14 235 1
235 14 1
14 251 1
251 14 1
14 293 1
293 14 1
14 324 1
324 14 1
14 327 1
327 14 1
14 328 1
328 14 1
14 338 1
338 14 1
14 357 -1
357 14 -1
14 422 1
422 14 1
14 462 -1
462 14 -1
14 476 -1
476 14 -1
15 70 1
70 15 1
15 85 1
85 15 1
15 111 1
111 15 1
15 113 1
113 15 1
15 120 1
120 15 1
15 127 1
127 15 1
15 140 1
140 15 1
15 156 1
156 15 1
15 189 -1
189 15 -1
15 194 1
194 15 1
15 221 -1
221 15 -1
15 271 1
271 15 1
15 325 -1
325 15 -1
15 349 1
349 15 1
15 354 1
354 15 1
15 384 1
384 15 1
15 389 1
389 15 1
15 421 -1
421 15 -1
15 494 1
494 15 1
15 498 1
498 15 1
16 27 -1
27 16 -1
16 80 1
80 16 1
16 91 1
91 16 1
16 108 1
108 16 1
16 126 1
126 16 1
16 129 -1
129 16 -1
16 138 1
138 16 1
16 143 -1
143 16 -1
16 158 1
158 16 1
16 202 -1
202 16 -1
16 223 -1
223 16 -1
16 259 -1
259 16 -1
16 357 -1
357 16 -1
16 402 1
402 16 1
16 419 1
419 16 1
16 432 1
432 16 1
16 439 -1
439 16 -1
16 452 1
452 16 1
16 473 -1
473 16 -1
17 29 1
29 17 1
17 62 1
62 17 1
17 67 1
67 17 1
17 89 1
89 17 1
17 106 1
106 17 1
17 135 1
135 17 1
17 139 1
139 17 1
17 160 1
160 17 1
17 171 1
171 17 1
17 193 -1
193 17 -1
17 198 1
198 17 1
17 200 1
200 17 1
17 203 1
203 17 1
17 234 -1
234 17 -1
17 266 1
266 17 1
17 287 1
287 17 1
17 302 -1
302 17 -1
17 361 1
361 17 1
17 407 -1
407 17 -1
18 22 1
22 18 1
18 26 1
26 18 1
18 30 1
30 18 1
18 32 -1
32 18 -1
18 33 1
33 18 1
18 98 1
98 18 1
18 142 1
142 18 1
18 175 1
175 18 1
18 180 1
180 18 1
18 214 1
214 18 1
18 240 1
240 18 1
18 369 -1
369 18 -1
18 386 1
386 18 1
18 418 -1
418 18 -1
18 420 1
420 18 1
18 464 1
464 18 1
18 466 1
466 18 1
18 483 1
483 18 1
18 496 1
496 18 1
18 500 1
500 18 1
19 21 -1
21 19 -1
19 24 -1
24 19 -1
19 34 1
34 19 1
19 112 1
112 19 1
19 161 1
161 19 1
19 174 1
174 19 1
19 176 1
176 19 1
19 206 1
206 19 1
19 210 -1
210 19 -1
19 227 1
227 19 1
19 256 1
256 19 1
19 261 1
261 19 1
19 295 1
295 19 1
19 316 1
316 19 1
19 320 1
320 19 1
19 333 1
333 19 1
19 416 1
416 19 1
19 453 1
453 19 1
19 467 1
467 19 1
20 24 1
24 20 1
20 52 1
52 20 1
20 60 1
60 20 1
20 73 1
73 20 1
20 99 1
99 20 1
20 118 1
118 20 1
20 143 1
143 20 1
20 162 -1
162 20 -1
20 185 -1
185 20 -1
20 318 1
318 20 1
20 322 1
322 20 1
20 344 -1
344 20 -1
20 345 -1
345 20 -1
20 359 1
359 20 1
20 385 1
385 20 1
20 409 -1
409 20 -1
20 410 1
410 20 1
20 458 1
458 20 1
20 464 -1
464 20 -1
20 482 1
482 20 1
21 34 1
34 21 1
21 47 1
47 21 1
21 112 1
112 21 1
21 161 1
161 21 1
21 174 1
174 21 1
21 175 -1
175 21 -1
21 176 1
176 21 1
21 206 1
206 21 1
21 210 1
210 21 1
21 227 1
227 21 1
21 256 1
256 21 1
21 261 1
261 21 1
21 316 1
316 21 1
21 320 1
320 21 1
21 333 -1
333 21 -1
21 371 -1
371 21 -1
21 416 1
416 21 1
21 467 -1
467 21 -1
22 26 1
26 22 1
22 30 -1
30 22 -1
22 33 1
33 22 1
22 83 1
83 22 1
22 98 1
98 22 1
22 142 1
142 22 1
22 180 1
180 22 1
22 214 1
214 22 1
22 240 1
240 22 1
22 372 -1
372 22 -1
22 375 -1
375 22 -1
22 386 1
386 22 1
22 418 -1
418 22 -1
22 420 1
420 22 1
22 464 -1
464 22 -1
22 466 1
466 22 1
22 483 1
483 22 1
22 496 1
496 22 1
22 500 1
500 22 1
23 55 -1
55 23 -1
23 90 1
90 23 1
23 205 1
205 23 1
23 224 1
224 23 1
23 228 1
228 23 1
23 248 -1
248 23 -1
23 258 1
258 23 1
23 267 -1
267 23 -1
23 341 1
341 23 1
23 369 1
369 23 1
23 374 1
374 23 1
23 387 1
387 23 1
23 407 1
407 23 1
23 408 -1
408 23 -1
23 413 1
413 23 1
23 424 -1
424 23 -1
23 425 1
425 23 1
23 428 1
428 23 1
23 436 1
436 23 1
23 476 -1
476 23 -1
24 52 1
52 24 1
24 60 1
60 24 1
24 99 -1
99 24 -1
24 118 1
118 24 1
24 143 1
143 24 1
24 162 1
162 24 1
24 185 1
185 24 1
24 318 -1
318 24 -1
24 322 1
322 24 1
24 344 1
344 24 1
24 359 -1
359 24 -1
24 385 1
385 24 1
24 394 1
394 24 1
24 409 1
409 24 1
24 410 1
410 24 1
24 458 1
458 24 1
24 482 1
482 24 1
25 32 1
32 25 1
25 54 1
54 25 1
25 64 1
64 25 1
25 85 -1
85 25 -1
25 116 1
116 25 1
25 132 1
132 25 1
25 153 1
153 25 1
25 169 1
169 25 1
25 229 1
229 25 1
25 239 1
239 25 1
25 250 1
250 25 1
25 299 1
299 25 1
25 340 1
340 25 1
25 370 1
370 25 1
25 403 1
403 25 1
25 405 1
405 25 1
25 414 1
414 25 1
25 431 1
431 25 1
25 448 1
448 25 1
26 30 1
30 26 1
26 33 1
33 26 1
26 83 -1
83 26 -1
26 98 1
98 26 1
26 142 1
142 26 1
26 175 1
175 26 1
26 180 -1
180 26 -1
26 214 1
214 26 1
26 240 -1
240 26 -1
26 329 -1
329 26 -1
26 386 1
386 26 1
26 418 1
418 26 1
26 464 1
464 26 1
26 466 1
466 26 1
26 471 -1
471 26 -1
26 483 1
483 26 1
26 496 1
496 26 1
26 500 1
500 26 1
27 80 1
80 27 1
27 91 1
91 27 1
27 108 -1
108 27 -1
27 126 1
126 27 1
27 129 1
129 27 1
27 138 1
138 27 1
27 158 1
158 27 1
27 202 -1
202 27 -1
27 223 1
223 27 1
27 243 -1
243 27 -1
27 250 -1
250 27 -1
27 383 1
383 27 1
27 402 -1
402 27 -1
27 419 1
419 27 1
27 432 1
432 27 1
27 439 1
439 27 1
27 452 -1
452 27 -1
27 473 1
473 27 1
28 68 1
68 28 1
28 79 1
79 28 1
28 93 1
93 28 1
28 208 1
208 28 1
28 242 1
242 28 1
28 243 1
243 28 1
28 245 1
245 28 1
28 286 1
286 28 1
28 291 1
291 28 1
28 306 -1
306 28 -1
28 310 1
310 28 1
28 363 1
363 28 1
28 380 -1
380 28 -1
28 397 1
397 28 1
28 398 1
398 28 1
28 412 1
412 28 1
28 450 1
450 28 1
28 463 -1
463 28 -1
28 480 -1
480 28 -1
28 495 1
495 28 1
29 62 1
62 29 1
29 67 1
67 29 1
29 89 1
89 29 1
29 106 1
106 29 1
29 135 1
135 29 1
29 139 1
139 29 1
29 160 1
160 29 1
29 166 1
166 29 1
29 171 1
171 29 1
29 193 1
193 29 1
29 198 1
198 29 1
29 200 -1
200 29 -1
29 203 1
203 29 1
29 241 -1
241 29 -1
29 287 1
287 29 1
29 302 1
302 29 1
29 361 1
361 29 1
29 385 -1
385 29 -1
30 33 1
33 30 1
30 83 1
83 30 1
30 98 1
98 30 1
30 175 1
175 30 1
30 180 1
180 30 1
30 214 1
214 30 1
30 240 1
240 30 1
30 282 -1
282 30 -1
30 353 -1
353 30 -1
30 386 1
386 30 1
30 418 1
418 30 1
30 420 1
420 30 1
30 464 1
464 30 1
30 466 1
466 30 1
30 483 1
483 30 1
30 496 1
496 30 1
30 500 1
500 30 1
31 75 -1
75 31 -1
31 87 -1
87 31 -1
31 97 1
97 31 1
31 100 1
100 31 1
31 187 1
187 31 1
31 192 1
192 31 1
31 273 1
273 31 1
31 277 1
277 31 1
31 317 1
317 31 1
31 334 1
334 31 1
31 343 1
343 31 1
31 352 1
352 31 1
31 362 1
362 31 1
31 364 1
364 31 1
31 365 -1
365 31 -1
31 390 1
390 31 1
31 399 -1
399 31 -1
31 485 1
485 31 1
31 492 1
492 31 1
32 54 1
54 32 1
32 64 1
64 32 1
32 116 1
116 32 1
32 132 -1
132 32 -1
32 153 1
153 32 1
32 169 1
169 32 1
32 229 1
229 32 1
32 250 1
250 32 1
32 299 1
299 32 1
32 315 1
315 32 1
32 362 -1
362 32 -1
32 370 1
370 32 1
32 403 1
403 32 1
32 405 -1
405 32 -1
32 414 1
414 32 1
32 431 1
431 32 1
32 448 1
448 32 1
33 83 1
83 33 1
33 98 1
98 33 1
33 142 1
142 33 1
33 175 1
175 33 1
33 180 1
180 33 1
33 214 1
214 33 1
33 240 1
240 33 1
33 368 -1
368 33 -1
33 386 -1
386 33 -1
33 418 1
418 33 1
33 420 -1
420 33 -1
33 464 1
464 33 1
33 483 1
483 33 1
33 496 1
496 33 1
33 499 -1
499 33 -1
33 500 1
500 33 1
34 47 1
47 34 1
34 58 1
58 34 1
34 161 1
161 34 1
34 174 1
174 34 1
34 176 1
176 34 1
34 206 1
206 34 1
34 210 1
210 34 1
34 227 1
227 34 1
34 256 1
256 34 1
34 261 1
261 34 1
34 316 1
316 34 1
34 320 1
320 34 1
34 333 1
333 34 1
34 416 1
416 34 1
34 424 -1
424 34 -1
34 453 1
453 34 1
34 467 1
467 34 1
35 42 1
42 35 1
35 45 1
45 35 1
35 92 -1
92 35 -1
35 146 1
146 35 1
35 148 1
148 35 1
35 150 1
150 35 1
35 164 1
164 35 1
35 191 1
191 35 1
35 237 -1
237 35 -1
35 326 1
326 35 1
35 336 1
336 35 1
35 339 -1
339 35 -1
35 358 1
358 35 1
35 360 1
360 35 1
35 367 1
367 35 1
35 423 -1
423 35 -1
35 429 -1
429 35 -1
35 463 1
463 35 1
35 472 1
472 35 1
35 479 1
479 35 1
36 37 1
37 36 1
36 40 1
40 36 1
36 48 1
48 36 1
36 69 1
69 36 1
36 78 1
78 36 1
36 81 1
81 36 1
36 84 1
84 36 1
36 114 -1
114 36 -1
36 117 1
117 36 1
36 133 1
133 36 1
36 159 1
159 36 1
36 231 1
231 36 1
36 239 1
239 36 1
36 244 1
244 36 1
36 247 1
247 36 1
36 303 -1
303 36 -1
36 330 1
330 36 1
36 433 1
433 36 1
36 442 1
442 36 1
36 465 -1
465 36 -1
37 40 1
40 37 1
37 48 1
48 37 1
37 69 -1
69 37 -1
37 78 1
78 37 1
37 84 1
84 37 1
37 114 1
114 37 1
37 117 1
117 37 1
37 133 -1
133 37 -1
37 159 1
159 37 1
37 211 -1
211 37 -1
37 231 1
231 37 1
37 239 -1
239 37 -1
37 244 -1
244 37 -1
37 247 1
247 37 1
37 319 1
319 37 1
37 324 -1
324 37 -1
37 330 1
330 37 1
37 433 1
433 37 1
37 442 1
442 37 1
38 74 -1
74 38 -1
38 82 -1
82 38 -1
38 125 1
125 38 1
38 128 -1
128 38 -1
38 209 -1
209 38 -1
38 218 1
218 38 1
38 226 -1
226 38 -1
38 236 1
236 38 1
38 260 1
260 38 1
38 270 1
270 38 1
38 285 1
285 38 1
38 295 1
295 38 1
38 297 -1
297 38 -1
38 304 1
304 38 1
38 309 1
309 38 1
38 329 1
329 38 1
38 335 1
335 38 1
38 366 1
366 38 1
38 460 1
460 38 1
39 41 1
41 39 1
39 102 1
102 39 1
39 105 1
105 39 1
39 107 1
107 39 1
39 119 1
119 39 1
39 128 1
128 39 1
39 134 1
134 39 1
39 136 -1
136 39 -1
39 154 1
154 39 1
39 168 1
168 39 1
39 172 1
172 39 1
39 188 1
188 39 1
39 233 1
233 39 1
39 263 1
263 39 1
39 267 -1
267 39 -1
39 314 1
314 39 1
39 379 1
379 39 1
39 426 1
426 39 1
39 473 -1
473 39 -1
40 48 1
48 40 1
40 69 1
69 40 1
40 81 1
81 40 1
40 84 1
84 40 1
40 114 1
114 40 1
40 117 1
117 40 1
40 133 1
133 40 1
40 159 1
159 40 1
40 180 1
180 40 1
40 231 1
231 40 1
40 239 1
239 40 1
40 244 -1
244 40 -1
40 247 1
247 40 1
40 319 1
319 40 1
40 320 -1
320 40 -1
40 330 -1
330 40 -1
40 433 1
433 40 1
40 442 1
442 40 1
41 102 1
102 41 1
41 105 -1
105 41 -1
41 107 1
107 41 1
41 119 1
119 41 1
41 128 1
128 41 1
41 136 1
136 41 1
41 154 1
154 41 1
41 168 1
168 41 1
41 172 1
172 41 1
41 184 1
184 41 1
41 188 1
188 41 1
41 233 1
233 41 1
41 249 -1
249 41 -1
41 263 1
263 41 1
41 314 1
314 41 1
41 343 -1
343 41 -1
41 379 1
379 41 1
41 426 1
426 41 1
42 45 -1
45 42 -1
42 92 1
92 42 1
42 144 -1
144 42 -1
42 146 1
146 42 1
42 148 1
148 42 1
42 150 -1
150 42 -1
42 151 1
151 42 1
42 191 1
191 42 1
42 237 1
237 42 1
42 326 -1
326 42 -1
42 336 1
336 42 1
42 339 -1
339 42 -1
42 358 1
358 42 1
42 360 1
360 42 1
42 367 1
367 42 1
42 419 1
419 42 1
42 423 1
423 42 1
42 463 -1
463 42 -1
42 472 1
472 42 1
43 62 -1
62 43 -1
43 207 1
207 43 1
43 210 1
210 43 1
43 217 -1
217 43 -1
43 219 -1
219 43 -1
43 220 1
220 43 1
43 230 1
230 43 1
43 265 1
265 43 1
43 292 -1
292 43 -1
43 296 -1
296 43 -1
43 300 1
300 43 1
43 317 1
317 43 1
43 323 1
323 43 1
43 348 1
348 43 1
43 377 1
377 43 1
43 381 1
381 43 1
43 435 1
435 43 1
43 478 1
478 43 1
43 481 1
481 43 1
43 484 1
484 43 1
44 51 1
51 44 1
44 76 1
76 44 1
44 101 1
101 44 1
44 104 1
104 44 1
44 165 -1
165 44 -1
44 255 1
255 44 1
44 289 1
289 44 1
44 298 1
298 44 1
44 305 -1
305 44 -1
44 356 1
356 44 1
44 415 1
415 44 1
44 428 -1
428 44 -1
44 446 -1
446 44 -1
44 451 1
451 44 1
44 456 1
456 44 1
44 460 -1
460 44 -1
44 469 1
469 44 1
44 470 1
470 44 1
44 486 1
486 44 1
44 499 1
499 44 1
45 92 1
92 45 1
45 114 -1
114 45 -1
45 146 1
146 45 1
45 148 1
148 45 1
45 150 1
150 45 1
45 151 1
151 45 1
45 164 1
164 45 1
45 237 1
237 45 1
45 326 1
326 45 1
45 336 1
336 45 1
45 339 1
339 45 1
45 358 1
358 45 1
45 360 1
360 45 1
45 367 -1
367 45 -1
45 397 -1
397 45 -1
45 423 -1
423 45 -1
45 463 1
463 45 1
45 472 1
472 45 1
46 50 1
50 46 1
46 65 1
65 46 1
46 95 1
95 46 1
46 152 1
152 46 1
46 157 1
157 46 1
46 209 1
209 46 1
46 232 1
232 46 1
46 306 1
306 46 1
46 307 -1
307 46 -1
46 313 1
313 46 1
46 372 1
372 46 1
46 376 1
376 46 1
46 457 -1
457 46 -1
46 459 -1
459 46 -1
46 461 1
461 46 1
46 468 1
468 46 1
46 487 1
487 46 1
46 493 1
493 46 1
47 112 1
112 47 1
47 161 1
161 47 1
47 174 1
174 47 1
47 176 1
176 47 1
47 178 -1
178 47 -1
47 206 1
206 47 1
47 210 1
210 47 1
47 227 1
227 47 1
47 256 1
256 47 1
47 261 1
261 47 1
47 316 1
316 47 1
47 320 1
320 47 1
47 333 -1
333 47 -1
47 358 -1
358 47 -1
47 416 1
416 47 1
47 453 1
453 47 1
47 467 1
467 47 1
48 69 -1
69 48 -1
48 78 1
78 48 1
48 81 1
81 48 1
48 84 1
84 48 1
48 114 1
114 48 1
48 125 -1
125 48 -1
48 133 1
133 48 1
48 159 1
159 48 1
48 231 1
231 48 1
48 239 1
239 48 1
48 244 1
244 48 1
48 247 1
247 48 1
48 319 1
319 48 1
48 330 1
330 48 1
48 433 1
433 48 1
48 442 1
442 48 1
48 487 1
487 48 1
49 55 1
55 49 1
49 94 1
94 49 1
49 100 -1
100 49 -1
49 115 1
115 49 1
49 121 1
121 49 1
49 123 1
123 49 1
49 149 1
149 49 1
49 170 1
170 49 1
49 195 1
195 49 1
49 200 -1
200 49 -1
49 204 1
204 49 1
49 216 1
216 49 1
49 269 1
269 49 1
49 278 -1
278 49 -1
49 283 1
283 49 1
49 321 1
321 49 1
49 346 -1
346 49 -1
49 347 -1
347 49 -1
49 395 1
395 49 1
49 430 -1
430 49 -1
50 57 1
57 50 1
50 65 1
65 50 1
50 85 -1
85 50 -1
50 95 1
95 50 1
50 152 1
152 50 1
50 157 -1
157 50 -1
50 209 1
209 50 1
50 232 -1
232 50 -1
50 306 1
306 50 1
50 307 1
307 50 1
50 312 -1
312 50 -1
50 313 1
313 50 1
50 372 1
372 50 1
50 459 1
459 50 1
50 461 -1
461 50 -1
50 468 1
468 50 1
50 487 1
487 50 1
51 76 1
76 51 1
51 101 1
101 51 1
51 165 1
165 51 1
51 222 -1
222 51 -1
51 255 -1
255 51 -1
51 277 -1
277 51 -1
51 289 1
289 51 1
51 298 1
298 51 1
51 305 1
305 51 1
51 351 -1
351 51 -1
51 356 1
356 51 1
51 415 1
415 51 1
51 446 1
446 51 1
51 451 1
451 51 1
51 456 1
456 51 1
51 469 1
469 51 1
51 470 1
470 51 1
51 486 1
486 51 1
51 499 1
499 51 1
52 60 1
60 52 1
52 73 1
73 52 1
52 92 -1
92 52 -1
52 99 1
99 52 1
52 143 1
143 52 1
52 162 1
162 52 1
52 185 1
185 52 1
52 294 -1
294 52 -1
52 318 1
318 52 1
52 322 1
322 52 1
52 344 1
344 52 1
52 359 -1
359 52 -1
52 385 1
385 52 1
52 394 -1
394 52 -1
52 409 1
409 52 1
52 410 -1
410 52 -1
52 458 1
458 52 1
52 482 1
482 52 1
53 77 -1
77 53 -1
53 90 1
90 53 1
53 205 1
205 53 1
53 224 1
224 53 1
53 228 1
228 53 1
53 248 1
248 53 1
53 258 1
258 53 1
53 341 1
341 53 1
53 369 1
369 53 1
53 374 1
374 53 1
53 387 -1
387 53 -1
53 407 1
407 53 1
53 408 1
408 53 1
53 413 1
413 53 1
53 424 1
424 53 1
53 425 1
425 53 1
53 428 1
428 53 1
53 436 1
436 53 1
53 439 -1
439 53 -1
53 476 1
476 53 1
54 116 1
116 54 1
54 132 1
132 54 1
54 153 1
153 54 1
54 169 1
169 54 1
54 229 1
229 54 1
54 250 1
250 54 1
54 299 1
299 54 1
54 315 1
315 54 1
54 333 -1
333 54 -1
54 340 -1
340 54 -1
54 370 1
370 54 1
54 403 1
403 54 1
54 405 1
405 54 1
54 414 1
414 54 1
54 431 -1
431 54 -1
54 433 -1
433 54 -1
54 448 1
448 54 1
55 94 1
94 55 1
55 115 1
115 55 1
55 121 1
121 55 1
55 123 1
123 55 1
55 149 1
149 55 1
55 170 1
170 55 1
55 195 1
195 55 1
55 204 1
204 55 1
55 211 -1
211 55 -1
55 221 -1
221 55 -1
55 269 -1
269 55 -1
55 278 -1
278 55 -1
55 283 1
283 55 1
55 321 1
321 55 1
55 346 1
346 55 1
55 347 1
347 55 1
55 395 1
395 55 1
55 430 -1
430 55 -1
56 145 1
145 56 1
56 158 -1
158 56 -1
56 206 -1
206 56 -1
56 215 -1
215 56 -1
56 246 1
246 56 1
56 257 1
257 56 1
56 275 1
275 56 1
56 276 1
276 56 1
56 279 1
279 56 1
56 290 1
290 56 1
56 308 1
308 56 1
56 382 1
382 56 1
56 429 1
429 56 1
56 437 1
437 56 1
56 441 1
441 56 1
56 454 1
454 56 1
56 465 1
465 56 1
56 474 1
474 56 1
56 475 1
475 56 1
57 65 1
65 57 1
57 95 1
95 57 1
57 152 1
152 57 1
57 157 1
157 57 1
57 208 -1
208 57 -1
57 209 1
209 57 1
57 232 1
232 57 1
57 306 1
306 57 1
57 307 1
307 57 1
57 313 1
313 57 1
57 372 1
372 57 1
57 449 -1
449 57 -1
57 459 1
459 57 1
57 461 -1
461 57 -1
57 468 1
468 57 1
57 487 1
487 57 1
57 493 1
493 57 1
58 109 1
109 58 1
58 124 1
124 58 1
58 155 1
155 58 1
58 163 1
163 58 1
58 173 1
173 58 1
58 178 1
178 58 1
58 182 1
182 58 1
58 228 -1
228 58 -1
58 241 1
241 58 1
58 249 1
249 58 1
58 264 -1
264 58 -1
58 350 1
350 58 1
58 411 1
411 58 1
58 417 1
417 58 1
58 444 1
444 58 1
58 477 1
477 58 1
58 488 1
488 58 1
58 497 1
497 58 1
59 63 1
63 59 1
59 86 -1
86 59 -1
59 122 1
122 59 1
59 153 -1
153 59 -1
59 189 1
189 59 1
59 190 1
190 59 1
59 191 -1
191 59 -1
59 235 1
235 59 1
59 238 1
238 59 1
59 251 1
251 59 1
59 293 1
293 59 1
59 324 1
324 59 1
59 327 1
327 59 1
59 328 1
328 59 1
59 338 1
338 59 1
59 357 1
357 59 1
59 422 -1
422 59 -1
59 462 -1
462 59 -1
60 73 1
73 60 1
60 99 1
99 60 1
60 118 1
118 60 1
60 162 1
162 60 1
60 168 -1
168 60 -1
60 185 1
185 60 1
60 318 1
318 60 1
60 322 -1
322 60 -1
60 344 1
344 60 1
60 359 1
359 60 1
60 385 1
385 60 1
60 394 1
394 60 1
60 409 1
409 60 1
60 410 1
410 60 1
60 458 1
458 60 1
60 482 1
482 60 1
61 78 -1
78 61 -1
61 88 1
88 61 1
61 130 1
130 61 1
61 141 1
141 61 1
61 177 1
177 61 1
61 179 1
179 61 1
61 213 -1
213 61 -1
61 234 -1
234 61 -1
61 254 1
254 61 1
61 262 1
262 61 1
61 272 1
272 61 1
61 332 1
332 61 1
61 355 1
355 61 1
61 375 -1
375 61 -1
61 400 1
400 61 1
61 447 1
447 61 1
61 449 1
449 61 1
61 479 1
479 61 1
61 490 1
490 61 1
61 491 1
491 61 1
62 67 1
67 62 1
62 89 1
89 62 1
62 106 -1
106 62 -1
62 139 1
139 62 1
62 160 1
160 62 1
62 166 1
166 62 1
62 171 -1
171 62 -1
62 193 1
193 62 1
62 198 1
198 62 1
62 200 1
200 62 1
62 203 1
203 62 1
62 266 1
266 62 1
62 287 1
287 62 1
62 302 1
302 62 1
62 361 1
361 62 1
62 474 1
474 62 1
63 86 1
86 63 1
63 122 1
122 63 1
63 167 1
167 63 1
63 189 1
189 63 1
63 190 1
190 63 1
63 235 -1
235 63 -1
63 238 -1
238 63 -1
63 251 1
251 63 1
63 293 1
293 63 1
63 324 1
324 63 1
63 327 -1
327 63 -1
63 328 1
328 63 1
63 338 1
338 63 1
63 344 -1
344 63 -1
63 357 1
357 63 1
63 422 1
422 63 1
63 451 -1
451 63 -1
63 462 1
462 63 1
64 116 1
116 64 1
64 132 -1
132 64 -1
64 153 1
153 64 1
64 169 1
169 64 1
64 229 1
229 64 1
64 250 1
250 64 1
64 299 1
299 64 1
64 315 -1
315 64 -1
64 340 1
340 64 1
64 367 -1
367 64 -1
64 370 1
370 64 1
64 403 -1
403 64 -1
64 405 1
405 64 1
64 414 1
414 64 1
64 431 1
431 64 1
64 448 1
448 64 1
64 471 -1
471 64 -1
65 87 -1
87 65 -1
65 95 1
95 65 1
65 152 1
152 65 1
65 157 1
157 65 1
65 204 -1
204 65 -1
65 209 1
209 65 1
65 232 -1
232 65 -1
65 306 1
306 65 1
65 307 1
307 65 1
65 313 -1
313 65 -1
65 459 -1
459 65 -1
65 461 1
461 65 1
65 468 1
468 65 1
65 487 -1
487 65 -1
65 493 1
493 65 1
66 88 1
88 66 1
66 130 -1
130 66 -1
66 141 1
141 66 1
66 177 1
177 66 1
66 179 1
179 66 1
66 234 1
234 66 1
66 254 1
254 66 1
66 262 1
262 66 1
66 272 1
272 66 1
66 318 -1
318 66 -1
66 332 1
332 66 1
66 355 -1
355 66 -1
66 375 1
375 66 1
66 381 1
381 66 1
66 400 1
400 66 1
66 447 1
447 66 1
66 449 -1
449 66 -1
66 479 1
479 66 1
66 490 1
490 66 1
66 491 1
491 66 1
67 88 -1
88 67 -1
67 89 -1
89 67 -1
67 106 -1
106 67 -1
67 135 -1
135 67 -1
67 160 -1
160 67 -1
67 166 1
166 67 1
67 171 1
171 67 1
67 193 1
193 67 1
67 194 -1
194 67 -1
67 198 -1
198 67 -1
67 200 -1
200 67 -1
67 203 1
203 67 1
67 266 1
266 67 1
67 287 1
287 67 1
67 302 1
302 67 1
67 361 1
361 67 1
68 79 1
79 68 1
68 93 1
93 68 1
68 122 -1
122 68 -1
68 141 -1
141 68 -1
68 208 1
208 68 1
68 242 1
242 68 1
68 243 1
243 68 1
68 245 1
245 68 1
68 286 1
286 68 1
68 291 -1
291 68 -1
68 310 1
310 68 1
68 342 -1
342 68 -1
68 363 1
363 68 1
68 380 1
380 68 1
68 397 1
397 68 1
68 398 1
398 68 1
68 412 -1
412 68 -1
68 450 1
450 68 1
68 495 1
495 68 1
69 78 1
78 69 1
69 81 1
81 69 1
69 84 1
84 69 1
69 114 1
114 69 1
69 117 1
117 69 1
69 133 1
133 69 1
69 136 -1
136 69 -1
69 159 -1
159 69 -1
69 203 -1
203 69 -1
69 231 1
231 69 1
69 244 1
244 69 1
69 247 1
247 69 1
69 319 1
319 69 1
69 330 1
330 69 1
69 433 1
433 69 1
69 442 1
442 69 1
70 72 1
72 70 1
70 85 1
85 70 1
70 111 1
111 70 1
70 113 1
113 70 1
70 120 1
120 70 1
70 127 1
127 70 1
70 156 1
156 70 1
70 194 1
194 70 1
70 221 -1
221 70 -1
70 257 -1
257 70 -1
70 322 -1
322 70 -1
70 325 1
325 70 1
70 349 1
349 70 1
70 354 -1
354 70 -1
70 384 1
384 70 1
70 389 1
389 70 1
70 421 1
421 70 1
70 494 1
494 70 1
70 498 -1
498 70 -1
71 103 -1
103 71 -1
71 137 1
137 71 1
71 144 1
144 71 1
71 171 -1
171 71 -1
71 199 1
199 71 1
71 212 1
212 71 1
71 213 -1
213 71 -1
71 222 1
222 71 1
71 225 1
225 71 1
71 235 -1
235 71 -1
71 252 1
252 71 1
71 268 1
268 71 1
71 281 1
281 71 1
71 284 1
284 71 1
71 288 -1
288 71 -1
71 371 1
371 71 1
71 391 1
391 71 1
71 392 -1
392 71 -1
71 445 1
445 71 1
71 457 1
457 71 1
72 85 1
85 72 1
72 111 1
111 72 1
72 113 1
113 72 1
72 120 1
120 72 1
72 127 1
127 72 1
72 140 1
140 72 1
72 145 1
145 72 1
72 156 1
156 72 1
72 194 1
194 72 1
72 221 1
221 72 1
72 325 1
325 72 1
72 349 1
349 72 1
72 354 1
354 72 1
72 384 1
384 72 1
72 389 1
389 72 1
72 401 -1
401 72 -1
72 421 1
421 72 1
72 494 1
494 72 1
72 498 1
498 72 1
73 99 1
99 73 1
73 118 1
118 73 1
73 143 1
143 73 1
73 162 1
162 73 1
73 185 1
185 73 1
73 200 -1
200 73 -1
73 278 1
278 73 1
73 318 1
318 73 1
73 322 1
322 73 1
73 344 1
344 73 1
73 359 1
359 73 1
73 385 1
385 73 1
73 394 1
394 73 1
73 409 1
409 73 1
73 410 1
410 73 1
73 458 -1
458 73 -1
73 482 -1
482 73 -1
74 125 1
125 74 1
74 152 -1
152 74 -1
74 218 1
218 74 1
74 226 1
226 74 1
74 236 -1
236 74 -1
74 260 1
260 74 1
74 270 1
270 74 1
74 285 1
285 74 1
74 295 1
295 74 1
74 297 -1
297 74 -1
74 304 1
304 74 1
74 309 1
309 74 1
74 329 1
329 74 1
74 331 1
331 74 1
74 335 -1
335 74 -1
74 366 -1
366 74 -1
74 460 1
460 74 1
74 480 -1
480 74 -1
75 87 1
87 75 1
75 100 1
100 75 1
75 104 -1
104 75 -1
75 187 1
187 75 1
75 192 1
192 75 1
75 273 1
273 75 1
75 277 1
277 75 1
75 334 1
334 75 1
75 343 1
343 75 1
75 348 -1
348 75 -1
75 352 -1
352 75 -1
75 362 -1
362 75 -1
75 364 1
364 75 1
75 390 1
390 75 1
75 399 1
399 75 1
75 471 -1
471 75 -1
75 485 -1
485 75 -1
75 492 -1
492 75 -1
76 101 1
101 76 1
76 104 1
104 76 1
76 117 -1
117 76 -1
76 165 1
165 76 1
76 255 1
255 76 1
76 289 1
289 76 1
76 298 1
298 76 1
76 305 1
305 76 1
76 351 1
351 76 1
76 415 1
415 76 1
76 445 -1
445 76 -1
76 446 1
446 76 1
76 451 1
451 76 1
76 456 1
456 76 1
76 469 1
469 76 1
76 470 -1
470 76 -1
76 486 1
486 76 1
76 499 1
499 76 1
77 96 -1
96 77 -1
77 110 1
110 77 1
77 147 1
147 77 1
77 181 1
181 77 1
77 201 1
201 77 1
77 262 -1
262 77 -1
77 274 -1
274 77 -1
77 280 1
280 77 1
77 294 -1
294 77 -1
77 311 -1
311 77 -1
77 312 1
312 77 1
77 337 1
337 77 1
77 345 1
345 77 1
77 373 1
373 77 1
77 388 1
388 77 1
77 393 1
393 77 1
77 406 1
406 77 1
77 427 1
427 77 1
77 443 1
443 77 1
78 81 1
81 78 1
78 84 1
84 78 1
78 114 1
114 78 1
78 117 1
117 78 1
78 133 1
133 78 1
78 159 1
159 78 1
78 187 -1
187 78 -1
78 231 1
231 78 1
78 239 1
239 78 1
78 244 1
244 78 1
78 247 -1
247 78 -1
78 319 1
319 78 1
78 330 1
330 78 1
78 433 1
433 78 1
78 442 1
442 78 1
79 93 1
93 79 1
79 208 1
208 79 1
79 242 1
242 79 1
79 243 1
243 79 1
79 245 1
245 79 1
79 246 -1
246 79 -1
79 286 1
286 79 1
79 291 1
291 79 1
79 296 -1
296 79 -1
79 310 1
310 79 1
79 342 1
342 79 1
79 380 1
380 79 1
79 397 1
397 79 1
79 398 1
398 79 1
79 412 1
412 79 1
79 450 -1
450 79 -1
79 480 1
480 79 1
79 495 1
495 79 1
80 91 1
91 80 1
80 98 -1
98 80 -1
80 108 1
108 80 1
80 126 -1
126 80 -1
80 129 1
129 80 1
80 138 1
138 80 1
80 158 1
158 80 1
80 201 -1
201 80 -1
80 223 -1
223 80 -1
80 259 1
259 80 1
80 383 -1
383 80 -1
80 402 1
402 80 1
80 419 1
419 80 1
80 432 1
432 80 1
80 439 1
439 80 1
80 452 -1
452 80 -1
80 473 1
473 80 1
81 84 1
84 81 1
81 114 1
114 81 1
81 117 1
117 81 1
81 133 -1
133 81 -1
81 159 1
159 81 1
81 168 -1
168 81 -1
81 173 -1
173 81 -1
81 231 1
231 81 1
81 239 1
239 81 1
81 244 1
244 81 1
81 247 1
247 81 1
81 319 1
319 81 1
81 330 1
330 81 1
81 433 1
433 81 1
81 442 1
442 81 1
82 125 1
125 82 1
82 218 1
218 82 1
82 226 1
226 82 1
82 236 1
236 82 1
82 260 1
260 82 1
82 270 1
270 82 1
82 280 -1
280 82 -1
82 285 1
285 82 1
82 295 1
295 82 1
82 297 1
297 82 1
82 304 -1
304 82 -1
82 309 1
309 82 1
82 329 1
329 82 1
82 331 1
331 82 1
82 335 1
335 82 1
82 366 1
366 82 1
82 378 -1
378 82 -1
82 460 1
460 82 1
83 98 1
98 83 1
83 142 1
142 83 1
83 171 -1
171 83 -1
83 175 1
175 83 1
83 180 1
180 83 1
83 214 1
214 83 1
83 240 1
240 83 1
83 319 -1
319 83 -1
83 386 1
386 83 1
83 418 1
418 83 1
83 420 1
420 83 1
83 464 1
464 83 1
83 466 1
466 83 1
83 483 1
483 83 1
83 496 -1
496 83 -1
83 500 -1
500 83 -1
84 114 1
114 84 1
84 117 1
117 84 1
84 133 -1
133 84 -1
84 231 1
231 84 1
84 239 1
239 84 1
84 244 1
244 84 1
84 247 1
247 84 1
84 319 1
319 84 1
84 330 -1
330 84 -1
84 433 1
433 84 1
84 442 -1
442 84 -1
84 464 -1
464 84 -1
84 468 -1
468 84 -1
85 111 1
111 85 1
85 113 1
113 85 1
85 120 1
120 85 1
85 140 1
140 85 1
85 156 1
156 85 1
85 194 1
194 85 1
85 221 1
221 85 1
85 325 -1
325 85 -1
85 349 -1
349 85 -1
85 354 1
354 85 1
85 384 -1
384 85 -1
85 389 1
389 85 1
85 421 1
421 85 1
85 494 1
494 85 1
85 498 1
498 85 1
86 122 -1
122 86 -1
86 167 1
167 86 1
86 189 1
189 86 1
86 190 1
190 86 1
86 235 1
235 86 1
86 238 1
238 86 1
86 251 1
251 86 1
86 293 1
293 86 1
86 324 1
324 86 1
86 327 1
327 86 1
86 328 1
328 86 1
86 338 1
338 86 1
86 357 1
357 86 1
86 403 -1
403 86 -1
86 422 1
422 86 1
86 428 1
428 86 1
87 97 1
97 87 1
87 100 1
100 87 1
87 187 1
187 87 1
87 192 1
192 87 1
87 273 1
273 87 1
87 277 1
277 87 1
87 334 1
334 87 1
87 352 1
352 87 1
87 362 1
362 87 1
87 364 1
364 87 1
87 390 1
390 87 1
87 399 1
399 87 1
87 471 1
471 87 1
87 485 -1
485 87 -1
87 492 1
492 87 1
87 495 -1
495 87 -1
88 130 1
130 88 1
88 141 1
141 88 1
88 177 1
177 88 1
88 179 1
179 88 1
88 234 1
234 88 1
88 254 1
254 88 1
88 262 1
262 88 1
88 272 1
272 88 1
88 355 1
355 88 1
88 375 1
375 88 1
88 387 -1
387 88 -1
88 400 1
400 88 1
88 447 1
447 88 1
88 449 1
449 88 1
88 479 1
479 88 1
88 490 1
490 88 1
88 491 1
491 88 1
89 106 1
106 89 1
89 135 1
135 89 1
89 139 1
139 89 1
89 156 1
156 89 1
89 166 1
166 89 1
89 171 1
171 89 1
89 193 1
193 89 1
89 198 1
198 89 1
89 200 1
200 89 1
89 203 1
203 89 1
89 266 1
266 89 1
89 287 1
287 89 1
89 302 1
302 89 1
89 361 1
361 89 1
89 417 -1
417 89 -1
90 205 1
205 90 1
90 224 1
224 90 1
90 228 1
228 90 1
90 248 1
248 90 1
90 258 1
258 90 1
90 264 1
264 90 1
90 369 1
369 90 1
90 374 1
374 90 1
90 387 -1
387 90 -1
90 407 1
407 90 1
90 408 1
408 90 1
90 413 1
413 90 1
90 424 1
424 90 1
90 425 1
425 90 1
90 428 1
428 90 1
90 436 1
436 90 1
90 476 1
476 90 1
91 106 -1
106 91 -1
91 108 1
108 91 1
91 126 1
126 91 1
91 129 1
129 91 1
91 138 1
138 91 1
91 158 1
158 91 1
91 165 -1
165 91 -1
91 202 1
202 91 1
91 223 1
223 91 1
91 259 1
259 91 1
91 383 1
383 91 1
91 402 1
402 91 1
91 419 1
419 91 1
91 432 1
432 91 1
91 439 1
439 91 1
91 452 -1
452 91 -1
92 146 1
146 92 1
92 148 1
148 92 1
92 150 1
150 92 1
92 151 1
151 92 1
92 164 -1
164 92 -1
92 191 1
191 92 1
92 237 1
237 92 1
92 326 1
326 92 1
92 336 1
336 92 1
92 339 1
339 92 1
92 358 1
358 92 1
92 367 1
367 92 1
92 423 1
423 92 1
92 461 -1
461 92 -1
92 463 1
463 92 1
92 472 1
472 92 1
93 208 1
208 93 1
93 242 1
242 93 1
93 243 1
243 93 1
93 245 1
245 93 1
93 286 1
286 93 1
93 291 1
291 93 1
93 310 -1
310 93 -1
93 315 -1
315 93 -1
93 342 1
342 93 1
93 363 1
363 93 1
93 380 -1
380 93 -1
93 397 1
397 93 1
93 398 1
398 93 1
93 412 -1
412 93 -1
93 450 1
450 93 1
93 480 -1
480 93 -1
93 498 -1
498 93 -1
94 121 -1
121 94 -1
94 123 -1
123 94 -1
94 149 1
149 94 1
94 170 1
170 94 1
94 195 -1
195 94 -1
94 204 -1
204 94 -1
94 211 1
211 94 1
94 216 1
216 94 1
94 269 1
269 94 1
94 278 1
278 94 1
94 283 1
283 94 1
94 293 -1
293 94 -1
94 321 1
321 94 1
94 325 -1
325 94 -1
94 346 1
346 94 1
94 347 1
347 94 1
94 395 1
395 94 1
94 430 1
430 94 1
95 147 -1
147 95 -1
95 152 1
152 95 1
95 157 -1
157 95 -1
95 194 -1
194 95 -1
95 232 1
232 95 1
95 306 1
306 95 1
95 307 1
307 95 1
95 313 1
313 95 1
95 372 1
372 95 1
95 459 1
459 95 1
95 461 1
461 95 1
95 468 1
468 95 1
95 487 1
487 95 1
95 493 -1
493 95 -1
96 110 1
110 96 1
96 147 1
147 96 1
96 181 1
181 96 1
96 183 1
183 96 1
96 201 -1
201 96 -1
96 280 -1
280 96 -1
96 294 1
294 96 1
96 311 1
311 96 1
96 312 1
312 96 1
96 337 1
337 96 1
96 345 1
345 96 1
96 373 1
373 96 1
96 388 1
388 96 1
96 393 1
393 96 1
96 406 -1
406 96 -1
96 427 -1
427 96 -1
96 436 -1
436 96 -1
96 443 1
443 96 1
96 481 -1
481 96 -1
97 100 1
100 97 1
97 187 1
187 97 1
97 192 -1
192 97 -1
97 265 1
265 97 1
97 273 1
273 97 1
97 277 1
277 97 1
97 334 1
334 97 1
97 343 1
343 97 1
97 344 -1
344 97 -1
97 352 -1
352 97 -1
97 362 1
362 97 1
97 364 1
364 97 1
97 390 -1
390 97 -1
97 399 1
399 97 1
97 471 1
471 97 1
97 485 1
485 97 1
97 492 1
492 97 1
98 142 1
142 98 1
98 175 1
175 98 1
98 180 -1
180 98 -1
98 214 1
214 98 1
98 240 1
240 98 1
98 253 -1
253 98 -1
98 386 1
386 98 1
98 418 1
418 98 1
98 420 1
420 98 1
98 464 1
464 98 1
98 466 1
466 98 1
98 483 -1
483 98 -1
98 496 1
496 98 1
99 118 1
118 99 1
99 132 -1
132 99 -1
99 143 1
143 99 1
99 162 1
162 99 1
99 185 1
185 99 1
99 318 1
318 99 1
99 322 1
322 99 1
99 341 -1
341 99 -1
99 344 1
344 99 1
99 359 1
359 99 1
99 385 1
385 99 1
99 394 1
394 99 1
99 410 1
410 99 1
99 458 1
458 99 1
99 482 1
482 99 1
100 192 1
192 100 1
100 273 1
273 100 1
100 277 1
277 100 1
100 334 1
334 100 1
100 343 1
343 100 1
100 352 1
352 100 1
100 362 1
362 100 1
100 364 -1
364 100 -1
100 390 -1
390 100 -1
100 399 1
399 100 1
100 414 -1
414 100 -1
100 471 1
471 100 1
100 485 1
485 100 1
100 492 1
492 100 1
101 104 1
104 101 1
101 165 1
165 101 1
101 192 -1
192 101 -1
101 255 -1
255 101 -1
101 289 1
289 101 1
101 298 1
298 101 1
101 305 1
305 101 1
101 351 -1
351 101 -1
101 356 1
356 101 1
101 446 1
446 101 1
101 451 1
451 101 1
101 456 1
456 101 1
101 469 1
469 101 1
101 470 1
470 101 1
101 486 1
486 101 1
101 499 1
499 101 1
102 105 1
105 102 1
102 107 -1
107 102 -1
102 119 1
119 102 1
102 128 1
128 102 1
102 134 1
134 102 1
102 136 1
136 102 1
102 154 1
154 102 1
102 168 1
168 102 1
102 172 1
172 102 1
102 184 -1
184 102 -1
102 188 1
188 102 1
102 233 1
233 102 1
102 263 1
263 102 1
102 314 1
314 102 1
102 330 -1
330 102 -1
102 379 1
379 102 1
102 426 1
426 102 1
102 484 -1
484 102 -1
103 131 1
131 103 1
103 137 1
137 103 1
103 144 1
144 103 1
103 199 -1
199 103 -1
103 212 1
212 103 1
103 213 1
213 103 1
103 225 1
225 103 1
103 252 -1
252 103 -1
103 268 1
268 103 1
103 281 1
281 103 1
103 284 1
284 103 1
103 288 1
288 103 1
103 371 1
371 103 1
103 391 1
391 103 1
103 392 1
392 103 1
103 402 -1
402 103 -1
103 424 -1
424 103 -1
103 445 -1
445 103 -1
103 457 -1
457 103 -1
104 146 -1
146 104 -1
104 165 1
165 104 1
104 255 -1
255 104 -1
104 289 1
289 104 1
104 298 1
298 104 1
104 305 -1
305 104 -1
104 351 1
351 104 1
104 356 1
356 104 1
104 415 1
415 104 1
104 446 -1
446 104 -1
104 451 1
451 104 1
104 456 1
456 104 1
104 469 1
469 104 1
104 470 1
470 104 1
104 486 1
486 104 1
104 499 1
499 104 1
105 107 1
107 105 1
105 119 1
119 105 1
105 128 1
128 105 1
105 134 1
134 105 1
105 154 1
154 105 1
105 168 -1
168 105 -1
105 172 1
172 105 1
105 184 -1
184 105 -1
105 188 1
188 105 1
105 233 1
233 105 1
105 263 1
263 105 1
105 314 1
314 105 1
105 379 1
379 105 1
105 395 -1
395 105 -1
105 399 1
399 105 1
105 426 1
426 105 1
106 135 -1
135 106 -1
106 139 1
139 106 1
106 146 -1
146 106 -1
106 160 1
160 106 1
106 166 1
166 106 1
106 171 1
171 106 1
106 198 1
198 106 1
106 200 1
200 106 1
106 203 1
203 106 1
106 266 1
266 106 1
106 287 1
287 106 1
106 302 1
302 106 1
106 361 1
361 106 1
107 119 1
119 107 1
107 128 1
128 107 1
107 134 -1
134 107 -1
107 136 1
136 107 1
107 154 -1
154 107 -1
107 168 -1
168 107 -1
107 172 1
172 107 1
107 184 1
184 107 1
107 233 1
233 107 1
107 263 1
263 107 1
107 314 1
314 107 1
107 326 -1
326 107 -1
107 345 -1
345 107 -1
107 379 -1
379 107 -1
107 426 1
426 107 1
108 126 1
126 108 1
108 129 -1
129 108 -1
108 138 1
138 108 1
108 202 -1
202 108 -1
108 223 1
223 108 1
108 259 1
259 108 1
108 383 1
383 108 1
108 402 1
402 108 1
108 419 1
419 108 1
108 425 -1
425 108 -1
108 432 1
432 108 1
108 439 -1
439 108 -1
108 452 1
452 108 1
108 473 1
473 108 1
108 490 -1
490 108 -1
109 124 1
124 109 1
109 155 1
155 109 1
109 163 1
163 109 1
109 173 1
173 109 1
109 178 1
178 109 1
109 182 1
182 109 1
109 184 -1
184 109 -1
109 241 1
241 109 1
109 249 1
249 109 1
109 350 1
350 109 1
109 411 1
411 109 1
109 417 1
417 109 1
109 438 1
438 109 1
109 444 1
444 109 1
109 472 -1
472 109 -1
109 477 1
477 109 1
109 488 1
488 109 1
109 497 1
497 109 1
110 147 1
147 110 1
110 177 -1
177 110 -1
110 181 1
181 110 1
110 183 1
183 110 1
110 201 1
201 110 1
110 274 1
274 110 1
110 280 1
280 110 1
110 294 1
294 110 1
110 311 -1
311 110 -1
110 312 1
312 110 1
110 337 1
337 110 1
110 345 1
345 110 1
110 373 1
373 110 1
110 388 1
388 110 1
110 393 1
393 110 1
110 406 1
406 110 1
110 443 1
443 110 1
110 480 -1
480 110 -1
111 120 1
120 111 1
111 127 -1
127 111 -1
111 140 1
140 111 1
111 156 1
156 111 1
111 177 -1
177 111 -1
111 194 1
194 111 1
111 221 1
221 111 1
111 279 1
279 111 1
111 325 1
325 111 1
111 349 1
349 111 1
111 354 1
354 111 1
111 384 1
384 111 1
111 389 1
389 111 1
111 421 1
421 111 1
111 494 1
494 111 1
111 498 1
498 111 1
112 161 -1
161 112 -1
112 174 1
174 112 1
112 176 1
176 112 1
112 206 1
206 112 1
112 210 1
210 112 1
112 227 1
227 112 1
112 252 -1
252 112 -1
112 256 1
256 112 1
112 259 1
259 112 1
112 261 1
261 112 1
112 316 1
316 112 1
112 320 -1
320 112 -1
112 333 1
333 112 1
112 416 -1
416 112 -1
112 453 1
453 112 1
112 467 1
467 112 1
113 120 1
120 113 1
113 127 1
127 113 1
113 140 1
140 113 1
113 156 1
156 113 1
113 194 -1
194 113 -1
113 221 1
221 113 1
113 313 -1
313 113 -1
113 316 1
316 113 1
113 325 1
325 113 1
113 349 1
349 113 1
113 354 1
354 113 1
113 384 1
384 113 1
113 389 1
389 113 1
113 421 1
421 113 1
113 494 1
494 113 1
113 498 1
498 113 1
114 117 1
117 114 1
114 133 1
133 114 1
114 159 1
159 114 1
114 231 -1
231 114 -1
114 239 1
239 114 1
114 244 1
244 114 1
114 319 1
319 114 1
114 330 1
330 114 1
114 332 -1
332 114 -1
114 433 1
433 114 1
114 442 -1
442 114 -1
115 121 1
121 115 1
115 123 1
123 115 1
115 149 1
149 115 1
115 151 -1
151 115 -1
115 170 -1
170 115 -1
115 195 1
195 115 1
115 197 -1
197 115 -1
115 204 -1
204 115 -1
115 211 -1
211 115 -1
115 216 -1
216 115 -1
115 269 1
269 115 1
115 278 1
278 115 1
115 283 1
283 115 1
115 321 1
321 115 1
115 346 1
346 115 1
115 347 1
347 115 1
115 395 -1
395 115 -1
115 430 1
430 115 1
116 132 1
132 116 1
116 153 1
153 116 1
116 202 -1
202 116 -1
116 229 1
229 116 1
116 250 1
250 116 1
116 299 1
299 116 1
116 315 1
315 116 1
116 340 1
340 116 1
116 370 -1
370 116 -1
116 403 1
403 116 1
116 405 -1
405 116 -1
116 414 1
414 116 1
116 431 1
431 116 1
116 448 1
448 116 1
116 453 -1
453 116 -1
117 133 1
133 117 1
117 159 1
159 117 1
117 231 -1
231 117 -1
117 239 1
239 117 1
117 244 1
244 117 1
117 247 1
247 117 1
117 319 1
319 117 1
117 330 1
330 117 1
117 433 1
433 117 1
117 442 1
442 117 1
117 455 -1
455 117 -1
118 143 1
143 118 1
118 162 1
162 118 1
118 185 1
185 118 1
118 318 1
318 118 1
118 322 1
322 118 1
118 341 -1
341 118 -1
118 344 1
344 118 1
118 359 1
359 118 1
118 385 -1
385 118 -1
118 394 1
394 118 1
118 409 1
409 118 1
118 410 1
410 118 1
118 458 1
458 118 1
118 482 -1
482 118 -1
118 498 -1
498 118 -1
119 128 1
128 119 1
119 134 -1
134 119 -1
119 136 1
136 119 1
119 154 1
154 119 1
119 168 -1
168 119 -1
119 172 1
172 119 1
119 184 1
184 119 1
119 188 1
188 119 1
119 263 -1
263 119 -1
119 273 -1
273 119 -1
119 314 1
314 119 1
119 338 1
338 119 1
119 379 1
379 119 1
119 426 1
426 119 1
120 127 1
127 120 1
120 140 1
140 120 1
120 156 1
156 120 1
120 194 1
194 120 1
120 221 1
221 120 1
120 302 -1
302 120 -1
120 313 -1
313 120 -1
120 325 1
325 120 1
120 349 1
349 120 1
120 354 -1
354 120 -1
120 389 1
389 120 1
120 421 1
421 120 1
120 494 1
494 120 1
120 498 1
498 120 1
121 123 1
123 121 1
121 149 -1
149 121 -1
121 170 1
170 121 1
121 173 -1
173 121 -1
121 195 1
195 121 1
121 204 1
204 121 1
121 211 1
211 121 1
121 216 1
216 121 1
121 269 1
269 121 1
121 278 1
278 121 1
121 283 1
283 121 1
121 304 -1
304 121 -1
121 321 1
321 121 1
121 346 1
346 121 1
121 395 1
395 121 1
121 430 1
430 121 1
122 167 1
167 122 1
122 189 1
189 122 1
122 190 -1
190 122 -1
122 235 1
235 122 1
122 238 1
238 122 1
122 251 -1
251 122 -1
122 324 -1
324 122 -1
122 327 1
327 122 1
122 328 1
328 122 1
122 338 -1
338 122 -1
122 357 1
357 122 1
122 422 1
422 122 1
122 442 -1
442 122 -1
122 462 1
462 122 1
123 149 1
149 123 1
123 170 1
170 123 1
123 195 1
195 123 1
123 204 1
204 123 1
123 211 1
211 123 1
123 216 1
216 123 1
123 278 1
278 123 1
123 283 1
283 123 1
123 286 -1
286 123 -1
123 298 -1
298 123 -1
123 321 1
321 123 1
123 346 1
346 123 1
123 347 1
347 123 1
123 395 1
395 123 1
123 430 1
430 123 1
124 155 1
155 124 1
124 161 -1
161 124 -1
124 163 1
163 124 1
124 173 1
173 124 1
124 182 1
182 124 1
124 241 1
241 124 1
124 249 1
249 124 1
124 264 -1
264 124 -1
124 350 -1
350 124 -1
124 356 -1
356 124 -1
124 411 1
411 124 1
124 417 -1
417 124 -1
124 438 1
438 124 1
124 444 1
444 124 1
124 477 1
477 124 1
124 488 1
488 124 1
124 497 -1
497 124 -1
125 218 1
218 125 1
125 226 1
226 125 1
125 236 1
236 125 1
125 260 1
260 125 1
125 270 1
270 125 1
125 285 1
285 125 1
125 295 1
295 125 1
125 297 1
297 125 1
125 304 -1
304 125 -1
125 309 1
309 125 1
125 329 1
329 125 1
125 331 1
331 125 1
125 335 1
335 125 1
125 366 1
366 125 1
125 488 1
488 125 1
126 129 1
129 126 1
126 138 -1
138 126 -1
126 158 -1
158 126 -1
126 191 -1
191 126 -1
126 202 1
202 126 1
126 223 1
223 126 1
126 259 -1
259 126 -1
126 383 1
383 126 1
126 402 1
402 126 1
126 419 1
419 126 1
126 439 1
439 126 1
126 452 1
452 126 1
126 473 1
473 126 1
127 140 1
140 127 1
127 156 1
156 127 1
127 194 1
194 127 1
127 221 1
221 127 1
127 241 1
241 127 1
127 325 1
325 127 1
127 349 1
349 127 1
127 354 1
354 127 1
127 361 -1
361 127 -1
127 384 1
384 127 1
127 389 1
389 127 1
127 421 1
421 127 1
127 494 1
494 127 1
127 498 1
498 127 1
128 134 1
134 128 1
128 136 1
136 128 1
128 154 1
154 128 1
128 172 1
172 128 1
128 184 1
184 128 1
128 188 1
188 128 1
128 233 1
233 128 1
128 263 -1
263 128 -1
128 314 1
314 128 1
128 342 -1
342 128 -1
128 379 1
379 128 1
128 426 -1
426 128 -1
129 138 1
138 129 1
129 158 -1
158 129 -1
129 182 -1
182 129 -1
129 202 -1
202 129 -1
129 223 1
223 129 1
129 246 -1
246 129 -1
129 259 1
259 129 1
129 383 1
383 129 1
129 402 1
402 129 1
129 419 1
419 129 1
129 432 1
432 129 1
129 439 -1
439 129 -1
129 452 1
452 129 1
129 473 -1
473 129 -1
130 141 1
141 130 1
130 177 1
177 130 1
130 234 1
234 130 1
130 254 1
254 130 1
130 262 1
262 130 1
130 272 1
272 130 1
130 332 -1
332 130 -1
130 355 1
355 130 1
130 375 1
375 130 1
130 380 -1
380 130 -1
130 400 1
400 130 1
130 433 -1
433 130 -1
130 447 1
447 130 1
130 449 -1
449 130 -1
130 479 -1
479 130 -1
130 490 1
490 130 1
130 491 1
491 130 1
131 137 1
137 131 1
131 144 1
144 131 1
131 199 1
199 131 1
131 212 -1
212 131 -1
131 213 1
213 131 1
131 222 1
222 131 1
131 225 -1
225 131 -1
131 252 1
252 131 1
131 268 1
268 131 1
131 281 1
281 131 1
131 284 1
284 131 1
131 288 1
288 131 1
131 323 -1
323 131 -1
131 363 -1
363 131 -1
131 371 1
371 131 1
131 391 1
391 131 1
131 392 1
392 131 1
131 445 1
445 131 1
131 457 1
457 131 1
132 153 1
153 132 1
132 169 1
169 132 1
132 217 -1
217 132 -1
132 229 1
229 132 1
132 250 1
250 132 1
132 299 1
299 132 1
132 315 1
315 132 1
132 340 1
340 132 1
132 370 1
370 132 1
132 403 1
403 132 1
132 405 -1
405 132 -1
132 431 -1
431 132 -1
132 448 1
448 132 1
133 159 1
159 133 1
133 187 -1
187 133 -1
133 239 1
239 133 1
133 244 1
244 133 1
133 247 1
247 133 1
133 319 1
319 133 1
133 330 1
330 133 1
133 400 -1
400 133 -1
133 433 1
433 133 1
133 442 1
442 133 1
134 136 1
136 134 1
134 154 1
154 134 1
134 168 1
168 134 1
134 172 -1
172 134 -1
134 184 1
184 134 1
134 188 1
188 134 1
134 233 1
233 134 1
134 263 1
263 134 1
134 314 -1
314 134 -1
134 370 1
370 134 1
134 379 1
379 134 1
134 426 1
426 134 1
134 491 -1
491 134 -1
135 139 1
139 135 1
135 160 -1
160 135 -1
135 166 1
166 135 1
135 171 1
171 135 1
135 193 1
193 135 1
135 198 -1
198 135 -1
135 200 -1
200 135 -1
135 203 -1
203 135 -1
135 266 -1
266 135 -1
135 287 -1
287 135 -1
135 297 -1
297 135 -1
135 302 -1
302 135 -1
135 324 -1
324 135 -1
135 361 1
361 135 1
136 154 1
154 136 1
136 168 1
168 136 1
136 172 1
172 136 1
136 184 -1
184 136 -1
136 188 1
188 136 1
136 233 1
233 136 1
136 263 1
263 136 1
136 314 1
314 136 1
136 379 1
379 136 1
136 426 1
426 136 1
136 437 -1
437 136 -1
137 144 1
144 137 1
137 185 -1
185 137 -1
137 199 1
199 137 1
137 212 1
212 137 1
137 213 -1
213 137 -1
137 222 1
222 137 1
137 225 1
225 137 1
137 252 1
252 137 1
137 268 1
268 137 1
137 281 -1
281 137 -1
137 284 1
284 137 1
137 288 -1
288 137 -1
137 371 -1
371 137 -1
137 391 1
391 137 1
137 392 1
392 137 1
137 414 1
414 137 1
137 445 1
445 137 1
138 158 1
158 138 1
138 202 1
202 138 1
138 223 1
223 138 1
138 259 1
259 138 1
138 355 -1
355 138 -1
138 383 1
383 138 1
138 402 1
402 138 1
138 404 1
404 138 1
138 419 1
419 138 1
138 432 1
432 138 1
138 439 1
439 138 1
138 473 1
473 138 1
139 156 -1
156 139 -1
139 158 -1
158 139 -1
139 160 1
160 139 1
139 166 1
166 139 1
139 171 1
171 139 1
139 193 1
193 139 1
139 198 1
198 139 1
139 200 1
200 139 1
139 203 1
203 139 1
139 266 1
266 139 1
139 287 1
287 139 1
139 302 1
302 139 1
139 361 1
361 139 1
140 156 1
156 140 1
140 194 1
194 140 1
140 221 1
221 140 1
140 250 -1
250 140 -1
140 325 1
325 140 1
140 339 -1
339 140 -1
140 349 -1
349 140 -1
140 354 1
354 140 1
140 384 1
384 140 1
140 389 1
389 140 1
140 421 1
421 140 1
140 494 1
494 140 1
140 498 1
498 140 1
141 177 -1
177 141 -1
141 179 1
179 141 1
141 234 -1
234 141 -1
141 254 1
254 141 1
141 262 1
262 141 1
141 272 1
272 141 1
141 332 1
332 141 1
141 355 -1
355 141 -1
141 375 1
375 141 1
141 400 1
400 141 1
141 417 -1
417 141 -1
141 447 1
447 141 1
141 479 -1
479 141 -1
141 490 -1
490 141 -1
141 491 1
491 141 1
142 175 1
175 142 1
142 180 1
180 142 1
142 214 1
214 142 1
142 240 1
240 142 1
142 273 -1
273 142 -1
142 386 -1
386 142 -1
142 418 1
418 142 1
142 420 1
420 142 1
142 464 1
464 142 1
142 466 1
466 142 1
142 483 1
483 142 1
142 496 -1
496 142 -1
142 500 1
500 142 1
143 162 1
162 143 1
143 185 1
185 143 1
143 318 1
318 143 1
143 322 1
322 143 1
143 344 1
344 143 1
143 359 1
359 143 1
143 385 1
385 143 1
143 394 1
394 143 1
143 409 1
409 143 1
143 410 1
410 143 1
143 431 -1
431 143 -1
143 458 1
458 143 1
143 482 1
482 143 1
144 199 1
199 144 1
144 213 1
213 144 1
144 222 1
222 144 1
144 225 1
225 144 1
144 252 -1
252 144 -1
144 268 1
268 144 1
144 281 1
281 144 1
144 284 1
284 144 1
144 288 1
288 144 1
144 292 -1
292 144 -1
144 371 1
371 144 1
144 391 1
391 144 1
144 392 1
392 144 1
144 445 1
445 144 1
144 457 1
457 144 1
145 215 1
215 145 1
145 223 -1
223 145 -1
145 246 1
246 145 1
145 257 1
257 145 1
145 275 1
275 145 1
145 276 1
276 145 1
145 279 1
279 145 1
145 290 1
290 145 1
145 308 1
308 145 1
145 382 1
382 145 1
145 429 1
429 145 1
145 434 1
434 145 1
145 437 1
437 145 1
145 441 1
441 145 1
145 465 -1
465 145 -1
145 474 1
474 145 1
145 475 1
475 145 1
146 148 1
148 146 1
146 150 -1
150 146 -1
146 151 1
151 146 1
146 164 1
164 146 1
146 191 1
191 146 1
146 237 1
237 146 1
146 326 -1
326 146 -1
146 339 1
339 146 1
146 358 1
358 146 1
146 360 1
360 146 1
146 367 1
367 146 1
146 423 1
423 146 1
146 463 -1
463 146 -1
146 472 1
472 146 1
147 181 1
181 147 1
147 183 1
183 147 1
147 274 1
274 147 1
147 280 1
280 147 1
147 294 1
294 147 1
147 297 -1
297 147 -1
147 311 1
311 147 1
147 312 1
312 147 1
147 337 1
337 147 1
147 345 1
345 147 1
147 373 1
373 147 1
147 388 1
388 147 1
147 393 1
393 147 1
147 406 1
406 147 1
147 427 -1
427 147 -1
147 443 1
443 147 1
148 150 -1
150 148 -1
148 151 1
151 148 1
148 164 -1
164 148 -1
148 191 -1
191 148 -1
148 237 1
237 148 1
148 326 1
326 148 1
148 336 1
336 148 1
148 339 1
339 148 1
148 358 1
358 148 1
148 360 1
360 148 1
148 367 -1
367 148 -1
148 423 1
423 148 1
148 436 -1
436 148 -1
148 463 -1
463 148 -1
149 181 -1
181 149 -1
149 195 1
195 149 1
149 204 1
204 149 1
149 211 1
211 149 1
149 216 1
216 149 1
149 269 1
269 149 1
149 278 1
278 149 1
149 283 1
283 149 1
149 321 1
321 149 1
149 346 1
346 149 1
149 347 1
347 149 1
149 395 -1
395 149 -1
149 430 1
430 149 1
150 151 1
151 150 1
150 164 1
164 150 1
150 191 1
191 150 1
150 196 -1
196 150 -1
150 237 -1
237 150 -1
150 326 1
326 150 1
150 336 1
336 150 1
150 339 1
339 150 1
150 360 1
360 150 1
150 367 1
367 150 1
150 384 -1
384 150 -1
150 423 1
423 150 1
150 463 1
463 150 1
150 472 1
472 150 1
151 164 1
164 151 1
151 191 1
191 151 1
151 237 -1
237 151 -1
151 284 1
284 151 1
151 326 1
326 151 1
151 336 1
336 151 1
151 339 1
339 151 1
151 358 1
358 151 1
151 360 1
360 151 1
151 367 1
367 151 1
151 423 1
423 151 1
151 463 1
463 151 1
151 472 1
472 151 1
152 157 1
157 152 1
152 209 1
209 152 1
152 232 1
232 152 1
152 307 1
307 152 1
152 313 1
313 152 1
152 347 -1
347 152 -1
152 372 1
372 152 1
152 459 -1
459 152 -1
152 461 1
461 152 1
152 468 1
468 152 1
152 487 1
487 152 1
152 493 1
493 152 1
153 169 1
169 153 1
153 170 -1
170 153 -1
153 229 -1
229 153 -1
153 250 1
250 153 1
153 299 1
299 153 1
153 315 1
315 153 1
153 340 1
340 153 1
153 370 1
370 153 1
153 403 1
403 153 1
153 405 -1
405 153 -1
153 414 1
414 153 1
153 431 1
431 153 1
153 448 1
448 153 1
154 168 1
168 154 1
154 184 1
184 154 1
154 188 1
188 154 1
154 233 1
233 154 1
154 263 1
263 154 1
154 314 1
314 154 1
154 379 -1
379 154 -1
154 392 -1
392 154 -1
154 422 -1
422 154 -1
154 426 1
426 154 1
155 163 1
163 155 1
155 173 1
173 155 1
155 178 1
178 155 1
155 182 1
182 155 1
155 241 -1
241 155 -1
155 264 1
264 155 1
155 290 -1
290 155 -1
155 325 -1
325 155 -1
155 350 -1
350 155 -1
155 411 -1
411 155 -1
155 417 1
417 155 1
155 438 1
438 155 1
155 444 1
444 155 1
155 477 1
477 155 1
155 488 1
488 155 1
155 497 1
497 155 1
156 194 -1
194 156 -1
156 221 1
221 156 1
156 349 1
349 156 1
156 354 1
354 156 1
156 384 1
384 156 1
156 389 -1
389 156 -1
156 421 1
421 156 1
156 494 1
494 156 1
156 498 1
498 156 1
157 209 1
209 157 1
157 217 -1
217 157 -1
157 232 1
232 157 1
157 306 1
306 157 1
157 307 -1
307 157 -1
157 313 1
313 157 1
157 372 1
372 157 1
157 446 -1
446 157 -1
157 459 1
459 157 1
157 468 1
468 157 1
157 487 1
487 157 1
157 493 1
493 157 1
158 202 1
202 158 1
158 223 1
223 158 1
158 259 1
259 158 1
158 383 1
383 158 1
158 402 1
402 158 1
158 419 1
419 158 1
158 432 1
432 158 1
158 439 1
439 158 1
158 452 1
452 158 1
158 473 1
473 158 1
159 209 -1
209 159 -1
159 231 1
231 159 1
159 239 1
239 159 1
159 244 1
244 159 1
159 247 -1
247 159 -1
159 285 -1
285 159 -1
159 319 1
319 159 1
159 330 1
330 159 1
159 433 1
433 159 1
159 442 1
442 159 1
160 166 1
166 160 1
160 171 1
171 160 1
160 193 1
193 160 1
160 198 1
198 160 1
160 200 1
200 160 1
160 203 1
203 160 1
160 266 -1
266 160 -1
160 287 1
287 160 1
160 302 1
302 160 1
160 361 1
361 160 1
160 416 -1
416 160 -1
161 174 1
174 161 1
161 176 1
176 161 1
161 206 -1
206 161 -1
161 210 1
210 161 1
161 227 1
227 161 1
161 256 1
256 161 1
161 261 1
261 161 1
161 316 1
316 161 1
161 320 1
320 161 1
161 371 -1
371 161 -1
161 416 1
416 161 1
161 453 1
453 161 1
161 467 -1
467 161 -1
162 185 1
185 162 1
162 249 -1
249 162 -1
162 318 1
318 162 1
162 322 1
322 162 1
162 344 -1
344 162 -1
162 359 1
359 162 1
162 394 1
394 162 1
162 409 1
409 162 1
162 410 1
410 162 1
162 444 -1
444 162 -1
162 458 1
458 162 1
162 482 -1
482 162 -1
163 173 1
173 163 1
163 178 1
178 163 1
163 182 1
182 163 1
163 183 -1
183 163 -1
163 241 1
241 163 1
163 249 1
249 163 1
163 264 1
264 163 1
163 350 1
350 163 1
163 417 1
417 163 1
163 438 1
438 163 1
163 440 -1
440 163 -1
163 444 1
444 163 1
163 477 1
477 163 1
163 488 1
488 163 1
163 497 1
497 163 1
164 191 -1
191 164 -1
164 224 -1
224 164 -1
164 237 -1
237 164 -1
164 258 -1
258 164 -1
164 326 1
326 164 1
164 336 1
336 164 1
164 339 1
339 164 1
164 358 1
358 164 1
164 360 1
360 164 1
164 367 -1
367 164 -1
164 423 1
423 164 1
164 463 1
463 164 1
164 472 1
472 164 1
165 255 -1
255 165 -1
165 289 -1
289 165 -1
165 298 1
298 165 1
165 351 1
351 165 1
165 356 1
356 165 1
165 369 -1
369 165 -1
165 415 1
415 165 1
165 446 1
446 165 1
165 451 1
451 165 1
165 456 -1
456 165 -1
165 469 1
469 165 1
165 470 1
470 165 1
165 486 1
486 165 1
165 499 1
499 165 1
166 171 1
171 166 1
166 193 1
193 166 1
166 198 1
198 166 1
166 200 1
200 166 1
166 203 1
203 166 1
166 266 1
266 166 1
166 287 1
287 166 1
166 302 1
302 166 1
166 361 1
361 166 1
166 410 -1
410 166 -1
166 487 -1
487 166 -1
167 189 1
189 167 1
167 190 1
190 167 1
167 235 1
235 167 1
167 238 1
238 167 1
167 251 1
251 167 1
167 293 1
293 167 1
167 324 1
324 167 1
167 327 1
327 167 1
167 328 1
328 167 1
167 338 1
338 167 1
167 357 1
357 167 1
167 386 -1
386 167 -1
167 422 1
422 167 1
167 429 -1
429 167 -1
167 462 1
462 167 1
168 172 1
172 168 1
168 184 1
184 168 1
168 188 1
188 168 1
168 233 1
233 168 1
168 263 1
263 168 1
168 314 1
314 168 1
168 379 1
379 168 1
168 426 1
426 168 1
169 229 1
229 169 1
169 250 1
250 169 1
169 272 -1
272 169 -1
169 299 1
299 169 1
169 315 1
315 169 1
169 340 1
340 169 1
169 370 1
370 169 1
169 403 1
403 169 1
169 405 1
405 169 1
169 414 1
414 169 1
169 431 1
431 169 1
169 448 1
448 169 1
169 452 -1
452 169 -1
170 195 1
195 170 1
170 204 1
204 170 1
170 211 1
211 170 1
170 216 1
216 170 1
170 269 -1
269 170 -1
170 278 1
278 170 1
170 283 1
283 170 1
170 321 1
321 170 1
170 346 1
346 170 1
170 347 1
347 170 1
170 395 1
395 170 1
170 430 1
430 170 1
170 449 -1
449 170 -1
171 193 1
193 171 1
171 198 1
198 171 1
171 200 1
200 171 1
171 266 1
266 171 1
171 287 1
287 171 1
171 302 1
302 171 1
171 361 1
361 171 1
172 184 1
184 172 1
172 188 1
188 172 1
172 207 1
207 172 1
172 233 1
233 172 1
172 263 1
263 172 1
172 314 1
314 172 1
172 379 1
379 172 1
172 390 -1
390 172 -1
172 426 1
426 172 1
173 178 1
178 173 1
173 182 1
182 173 1
173 241 1
241 173 1
173 249 1
249 173 1
173 264 1
264 173 1
173 350 1
350 173 1
173 411 1
411 173 1
173 417 1
417 173 1
173 438 1
438 173 1
173 477 1
477 173 1
173 488 1
488 173 1
173 497 1
497 173 1
174 176 1
176 174 1
174 206 1
206 174 1
174 210 1
210 174 1
174 227 1
227 174 1
174 256 -1
256 174 -1
174 261 1
261 174 1
174 316 1
316 174 1
174 320 1
320 174 1
174 333 1
333 174 1
174 337 -1
337 174 -1
174 356 -1
356 174 -1
174 416 1
416 174 1
174 453 1
453 174 1
175 180 1
180 175 1
175 214 1
214 175 1
175 240 1
240 175 1
175 320 -1
320 175 -1
175 386 1
386 175 1
175 418 -1
418 175 -1
175 420 1
420 175 1
175 464 1
464 175 1
175 466 1
466 175 1
175 483 1
483 175 1
175 496 1
496 175 1
175 500 1
500 175 1
176 188 -1
188 176 -1
176 206 1
206 176 1
176 210 1
210 176 1
176 227 -1
227 176 -1
176 256 1
256 176 1
176 261 1
261 176 1
176 316 1
316 176 1
176 320 1
320 176 1
176 333 1
333 176 1
176 416 1
416 176 1
176 453 1
453 176 1
176 467 -1
467 176 -1
177 179 1
179 177 1
177 234 1
234 177 1
177 254 1
254 177 1
177 262 1
262 177 1
177 272 -1
272 177 -1
177 332 1
332 177 1
177 355 1
355 177 1
177 375 1
375 177 1
177 400 1
400 177 1
177 447 1
447 177 1
177 449 1
449 177 1
177 479 1
479 177 1
177 491 1
491 177 1
178 182 1
182 178 1
178 241 -1
241 178 -1
178 249 1
249 178 1
178 264 1
264 178 1
178 311 -1
311 178 -1
178 350 1
350 178 1
178 411 1
411 178 1
178 417 1
417 178 1
178 438 1
438 178 1
178 444 -1
444 178 -1
178 477 1
477 178 1
178 488 1
488 178 1
178 497 -1
497 178 -1
179 234 1
234 179 1
179 254 1
254 179 1
179 262 1
262 179 1
179 272 1
272 179 1
179 281 1
281 179 1
179 332 1
332 179 1
179 355 -1
355 179 -1
179 375 1
375 179 1
179 400 1
400 179 1
179 447 1
447 179 1
179 449 1
449 179 1
179 456 -1
456 179 -1
179 479 1
479 179 1
179 490 1
490 179 1
179 491 -1
491 179 -1
180 214 1
214 180 1
180 240 1
240 180 1
180 386 1
386 180 1
180 418 1
418 180 1
180 420 1
420 180 1
180 464 1
464 180 1
180 466 1
466 180 1
180 483 1
483 180 1
180 500 1
500 180 1
181 183 1
183 181 1
181 201 1
201 181 1
181 274 1
274 181 1
181 294 1
294 181 1
181 301 -1
301 181 -1
181 311 1
311 181 1
181 312 1
312 181 1
181 337 -1
337 181 -1
181 345 -1
345 181 -1
181 373 1
373 181 1
181 388 -1
388 181 -1
181 393 1
393 181 1
181 406 1
406 181 1
181 427 1
427 181 1
181 443 1
443 181 1
182 241 1
241 182 1
182 249 1
249 182 1
182 264 1
264 182 1
182 350 -1
350 182 -1
182 411 1
411 182 1
182 417 1
417 182 1
182 438 1
438 182 1
182 444 1
444 182 1
182 488 1
488 182 1
182 497 1
497 182 1
183 201 1
201 183 1
183 274 1
274 183 1
183 280 1
280 183 1
183 294 -1
294 183 -1
183 311 1
311 183 1
183 312 1
312 183 1
183 337 1
337 183 1
183 345 1
345 183 1
183 373 -1
373 183 -1
183 374 1
374 183 1
183 388 1
388 183 1
183 393 1
393 183 1
183 406 1
406 183 1
183 427 1
427 183 1
183 443 1
443 183 1
184 188 1
188 184 1
184 219 -1
219 184 -1
184 233 1
233 184 1
184 263 1
263 184 1
184 314 1
314 184 1
184 379 1
379 184 1
184 426 1
426 184 1
185 197 -1
197 185 -1
185 318 1
318 185 1
185 322 1
322 185 1
185 344 1
344 185 1
185 359 1
359 185 1
185 385 1
385 185 1
185 394 1
394 185 1
185 409 -1
409 185 -1
185 458 1
458 185 1
185 482 1
482 185 1
186 196 1
196 186 1
186 197 1
197 186 1
186 202 -1
202 186 -1
186 253 1
253 186 1
186 267 1
267 186 1
186 271 1
271 186 1
186 282 1
282 186 1
186 301 1
301 186 1
186 303 1
303 186 1
186 353 1
353 186 1
186 368 1
368 186 1
186 376 1
376 186 1
186 378 1
378 186 1
186 396 1
396 186 1
186 401 1
401 186 1
186 404 1
404 186 1
186 455 1
455 186 1
186 489 1
489 186 1
186 492 1
492 186 1
187 192 1
192 187 1
187 273 1
273 187 1
187 277 1
277 187 1
187 334 1
334 187 1
187 343 -1
343 187 -1
187 352 -1
352 187 -1
187 362 1
362 187 1
187 364 1
364 187 1
187 390 1
390 187 1
187 399 1
399 187 1
187 471 1
471 187 1
187 485 1
485 187 1
187 492 1
492 187 1
188 233 -1
233 188 -1
188 263 1
263 188 1
188 269 -1
269 188 -1
188 314 1
314 188 1
188 379 -1
379 188 -1
188 426 1
426 188 1
189 190 1
190 189 1
189 235 1
235 189 1
189 238 1
238 189 1
189 251 1
251 189 1
189 293 -1
293 189 -1
189 324 1
324 189 1
189 327 1
327 189 1
189 328 1
328 189 1
189 357 -1
357 189 -1
189 422 1
422 189 1
189 462 1
462 189 1
190 235 1
235 190 1
190 238 1
238 190 1
190 251 1
251 190 1
190 254 -1
254 190 -1
190 259 -1
259 190 -1
190 293 -1
293 190 -1
190 324 1
324 190 1
190 327 -1
327 190 -1
190 328 1
328 190 1
190 338 1
338 190 1
190 422 1
422 190 1
190 462 1
462 190 1
191 237 -1
237 191 -1
191 326 1
326 191 1
191 336 1
336 191 1
191 339 -1
339 191 -1
191 358 1
358 191 1
191 360 1
360 191 1
191 367 1
367 191 1
191 423 1
423 191 1
191 463 1
463 191 1
191 472 -1
472 191 -1
192 273 1
273 192 1
192 277 1
277 192 1
192 334 1
334 192 1
192 343 1
343 192 1
192 352 1
352 192 1
192 362 1
362 192 1
192 364 1
364 192 1
192 399 1
399 192 1
192 430 1
430 192 1
192 471 1
471 192 1
192 485 1
485 192 1
192 492 1
492 192 1
193 198 1
198 193 1
193 200 1
200 193 1
193 203 1
203 193 1
193 266 1
266 193 1
193 287 1
287 193 1
193 302 1
302 193 1
193 361 1
361 193 1
193 491 -1
491 193 -1
193 496 -1
496 193 -1
194 325 1
325 194 1
194 349 1
349 194 1
194 354 1
354 194 1
194 384 -1
384 194 -1
194 389 1
389 194 1
194 421 -1
421 194 -1
194 494 1
494 194 1
194 498 1
498 194 1
195 204 -1
204 195 -1
195 211 1
211 195 1
195 216 1
216 195 1
195 269 -1
269 195 -1
195 278 1
278 195 1
195 321 1
321 195 1
195 346 1
346 195 1
195 347 1
347 195 1
195 367 -1
367 195 -1
195 395 1
395 195 1
195 430 1
430 195 1
195 475 -1
475 195 -1
196 197 1
197 196 1
196 253 1
253 196 1
196 267 1
267 196 1
196 271 1
271 196 1
196 282 1
282 196 1
196 301 -1
301 196 -1
196 303 1
303 196 1
196 353 1
353 196 1
196 368 1
368 196 1
196 378 1
378 196 1
196 396 1
396 196 1
196 401 1
401 196 1
196 404 1
404 196 1
196 440 -1
440 196 -1
196 455 1
455 196 1
196 462 -1
462 196 -1
196 489 1
489 196 1
197 253 1
253 197 1
197 267 1
267 197 1
197 282 -1
282 197 -1
197 301 1
301 197 1
197 303 1
303 197 1
197 353 1
353 197 1
197 368 1
368 197 1
197 376 1
376 197 1
197 378 1
378 197 1
197 396 1
396 197 1
197 401 1
401 197 1
197 404 1
404 197 1
197 440 -1
440 197 -1
197 455 1
455 197 1
197 489 1
489 197 1
198 203 1
203 198 1
198 266 1
266 198 1
198 287 1
287 198 1
198 294 -1
294 198 -1
198 302 1
302 198 1
198 361 -1
361 198 -1
198 388 -1
388 198 -1
199 212 1
212 199 1
199 213 1
213 199 1
199 222 1
222 199 1
199 225 1
225 199 1
199 252 1
252 199 1
199 268 1
268 199 1
199 271 -1
271 199 -1
199 284 1
284 199 1
199 288 1
288 199 1
199 371 -1
371 199 -1
199 391 1
391 199 1
199 392 -1
392 199 -1
199 445 -1
445 199 -1
199 457 1
457 199 1
199 488 -1
488 199 -1
200 203 1
203 200 1
200 266 1
266 200 1
200 287 1
287 200 1
200 302 1
302 200 1
200 361 1
361 200 1
201 247 1
247 201 1
201 274 1
274 201 1
201 280 1
280 201 1
201 294 1
294 201 1
201 311 1
311 201 1
201 312 -1
312 201 -1
201 337 1
337 201 1
201 345 -1
345 201 -1
201 373 1
373 201 1
201 388 1
388 201 1
201 393 1
393 201 1
201 406 -1
406 201 -1
201 427 1
427 201 1
201 443 1
443 201 1
202 223 1
223 202 1
202 259 1
259 202 1
202 383 1
383 202 1
202 402 1
402 202 1
202 419 1
419 202 1
202 432 1
432 202 1
202 439 1
439 202 1
202 452 1
452 202 1
202 473 1
473 202 1
203 266 1
266 203 1
203 285 -1
285 203 -1
203 287 1
287 203 1
203 302 1
302 203 1
203 361 1
361 203 1
204 211 1
211 204 1
204 212 -1
212 204 -1
204 216 1
216 204 1
204 269 1
269 204 1
204 283 1
283 204 1
204 321 1
321 204 1
204 346 1
346 204 1
204 347 1
347 204 1
204 395 1
395 204 1
204 430 1
430 204 1
205 224 1
224 205 1
205 248 1
248 205 1
205 258 1
258 205 1
205 341 1
341 205 1
205 369 1
369 205 1
205 374 1
374 205 1
205 387 1
387 205 1
205 407 1
407 205 1
205 408 1
408 205 1
205 413 1
413 205 1
205 424 -1
424 205 -1
205 425 1
425 205 1
205 428 -1
428 205 -1
205 436 1
436 205 1
205 455 -1
455 205 -1
205 476 1
476 205 1
205 477 -1
477 205 -1
206 210 -1
210 206 -1
206 227 1
227 206 1
206 256 1
256 206 1
206 261 1
261 206 1
206 308 -1
308 206 -1
206 316 1
316 206 1
206 333 1
333 206 1
206 416 1
416 206 1
206 453 1
453 206 1
206 467 1
467 206 1
207 217 1
217 207 1
207 219 1
219 207 1
207 220 1
220 207 1
207 230 1
230 207 1
207 265 1
265 207 1
207 292 1
292 207 1
207 300 -1
300 207 -1
207 317 1
317 207 1
207 323 -1
323 207 -1
207 348 1
348 207 1
207 365 1
365 207 1
207 377 1
377 207 1
207 381 -1
381 207 -1
207 435 1
435 207 1
207 478 1
478 207 1
207 481 1
481 207 1
207 484 1
484 207 1
207 497 -1
497 207 -1
208 242 -1
242 208 -1
208 243 1
243 208 1
208 245 1
245 208 1
208 286 1
286 208 1
208 291 1
291 208 1
208 310 -1
310 208 -1
208 321 -1
321 208 -1
208 342 -1
342 208 -1
208 363 1
363 208 1
208 380 1
380 208 1
208 398 1
398 208 1
208 412 1
412 208 1
208 450 1
450 208 1
208 480 1
480 208 1
208 495 1
495 208 1
209 232 -1
232 209 -1
209 306 1
306 209 1
209 307 1
307 209 1
209 313 1
313 209 1
209 372 -1
372 209 -1
209 459 1
459 209 1
209 461 1
461 209 1
209 468 1
468 209 1
209 487 1
487 209 1
209 493 1
493 209 1
210 227 1
227 210 1
210 261 1
261 210 1
210 316 1
316 210 1
210 320 1
320 210 1
210 333 1
333 210 1
210 413 -1
413 210 -1
210 416 1
416 210 1
210 453 1
453 210 1
210 467 1
467 210 1
211 216 1
216 211 1
211 269 1
269 211 1
211 278 -1
278 211 -1
211 283 1
283 211 1
211 321 1
321 211 1
211 346 1
346 211 1
211 347 1
347 211 1
211 395 -1
395 211 -1
211 430 1
430 211 1
212 213 1
213 212 1
212 222 1
222 212 1
212 225 1
225 212 1
212 252 1
252 212 1
212 268 -1
268 212 -1
212 281 1
281 212 1
212 284 1
284 212 1
212 288 1
288 212 1
212 371 1
371 212 1
212 391 1
391 212 1
212 392 1
392 212 1
212 400 -1
400 212 -1
212 445 1
445 212 1
212 457 1
457 212 1
213 222 1
222 213 1
213 225 1
225 213 1
213 252 1
252 213 1
213 268 1
268 213 1
213 281 1
281 213 1
213 288 1
288 213 1
213 371 -1
371 213 -1
213 391 1
391 213 1
213 392 1
392 213 1
213 402 -1
402 213 -1
213 445 1
445 213 1
213 457 1
457 213 1
214 240 1
240 214 1
214 290 -1
290 214 -1
214 418 1
418 214 1
214 420 1
420 214 1
214 464 1
464 214 1
214 466 -1
466 214 -1
214 483 -1
483 214 -1
214 494 -1
494 214 -1
214 496 -1
496 214 -1
214 500 1
500 214 1
215 246 1
246 215 1
215 257 1
257 215 1
215 274 -1
274 215 -1
215 275 1
275 215 1
215 276 -1
276 215 -1
215 279 1
279 215 1
215 290 1
290 215 1
215 308 1
308 215 1
215 382 -1
382 215 -1
215 395 -1
395 215 -1
215 429 -1
429 215 -1
215 434 1
434 215 1
215 441 1
441 215 1
215 454 1
454 215 1
215 465 -1
465 215 -1
215 474 1
474 215 1
215 475 1
475 215 1
216 240 -1
240 216 -1
216 269 -1
269 216 -1
216 278 1
278 216 1
216 283 -1
283 216 -1
216 321 1
321 216 1
216 337 -1
337 216 -1
216 346 1
346 216 1
216 347 1
347 216 1
216 395 1
395 216 1
216 430 1
430 216 1
217 219 1
219 217 1
217 220 1
220 217 1
217 230 1
230 217 1
217 265 -1
265 217 -1
217 292 1
292 217 1
217 296 1
296 217 1
217 300 1
300 217 1
217 323 1
323 217 1
217 348 -1
348 217 -1
217 365 1
365 217 1
217 377 1
377 217 1
217 381 1
381 217 1
217 435 -1
435 217 -1
217 478 1
478 217 1
217 481 1
481 217 1
217 484 1
484 217 1
218 226 1
226 218 1
218 236 -1
236 218 -1
218 260 1
260 218 1
218 270 1
270 218 1
218 285 1
285 218 1
218 295 1
295 218 1
218 297 -1
297 218 -1
218 304 1
304 218 1
218 309 1
309 218 1
218 321 -1
321 218 -1
218 329 -1
329 218 -1
218 331 1
331 218 1
218 335 1
335 218 1
218 366 1
366 218 1
218 460 1
460 218 1
218 462 -1
462 218 -1
219 220 -1
220 219 -1
219 230 1
230 219 1
219 265 1
265 219 1
219 292 -1
292 219 -1
219 295 -1
295 219 -1
219 296 -1
296 219 -1
219 317 1
317 219 1
219 323 1
323 219 1
219 348 1
348 219 1
219 365 1
365 219 1
219 377 1
377 219 1
219 381 -1
381 219 -1
219 435 1
435 219 1
219 478 1
478 219 1
219 481 1
481 219 1
219 484 -1
484 219 -1
220 230 1
230 220 1
220 237 -1
237 220 -1
220 265 1
265 220 1
220 292 1
292 220 1
220 296 1
296 220 1
220 300 1
300 220 1
220 317 1
317 220 1
220 323 1
323 220 1
220 348 1
348 220 1
220 365 -1
365 220 -1
220 377 1
377 220 1
220 381 1
381 220 1
220 435 -1
435 220 -1
220 481 1
481 220 1
220 482 -1
482 220 -1
220 484 1
484 220 1
221 227 -1
227 221 -1
221 325 1
325 221 1
221 349 1
349 221 1
221 354 1
354 221 1
221 384 -1
384 221 -1
221 389 1
389 221 1
221 421 1
421 221 1
221 494 1
494 221 1
221 498 1
498 221 1
222 225 1
225 222 1
222 252 1
252 222 1
222 268 1
268 222 1
222 281 1
281 222 1
222 284 1
284 222 1
222 288 1
288 222 1
222 314 1
314 222 1
222 371 1
371 222 1
222 391 1
391 222 1
222 392 1
392 222 1
222 445 1
445 222 1
222 457 1
457 222 1
223 259 1
259 223 1
223 383 1
383 223 1
223 418 -1
418 223 -1
223 419 1
419 223 1
223 432 1
432 223 1
223 439 1
439 223 1
223 452 1
452 223 1
223 473 -1
473 223 -1
224 228 1
228 224 1
224 248 -1
248 224 -1
224 258 -1
258 224 -1
224 261 -1
261 224 -1
224 341 -1
341 224 -1
224 369 1
369 224 1
224 374 1
374 224 1
224 387 1
387 224 1
224 407 1
407 224 1
224 408 1
408 224 1
224 413 1
413 224 1
224 425 1
425 224 1
224 428 1
428 224 1
224 436 1
436 224 1
224 476 1
476 224 1
225 252 1
252 225 1
225 281 -1
281 225 -1
225 284 1
284 225 1
225 288 -1
288 225 -1
225 371 1
371 225 1
225 377 -1
377 225 -1
225 391 -1
391 225 -1
225 392 1
392 225 1
225 445 1
445 225 1
225 457 1
457 225 1
225 492 -1
492 225 -1
226 236 -1
236 226 -1
226 260 1
260 226 1
226 270 1
270 226 1
226 285 1
285 226 1
226 295 1
295 226 1
226 297 1
297 226 1
226 304 1
304 226 1
226 309 1
309 226 1
226 331 1
331 226 1
226 335 1
335 226 1
226 366 1
366 226 1
226 460 1
460 226 1
226 475 -1
475 226 -1
226 478 -1
478 226 -1
227 256 1
256 227 1
227 261 1
261 227 1
227 316 1
316 227 1
227 320 -1
320 227 -1
227 333 -1
333 227 -1
227 453 1
453 227 1
227 467 1
467 227 1
227 499 -1
499 227 -1
228 248 1
248 228 1
228 258 1
258 228 1
228 341 1
341 228 1
228 369 1
369 228 1
228 374 1
374 228 1
228 387 1
387 228 1
228 407 1
407 228 1
228 408 1
408 228 1
228 413 1
413 228 1
228 424 -1
424 228 -1
228 425 1
425 228 1
228 428 1
428 228 1
228 436 1
436 228 1
228 469 -1
469 228 -1
228 476 -1
476 228 -1
229 250 1
250 229 1
229 281 -1
281 229 -1
229 299 1
299 229 1
229 315 -1
315 229 -1
229 340 1
340 229 1
229 370 1
370 229 1
229 405 1
405 229 1
229 410 -1
410 229 -1
229 414 -1
414 229 -1
229 431 1
431 229 1
229 448 1
448 229 1
230 265 1
265 230 1
230 292 -1
292 230 -1
230 296 1
296 230 1
230 300 1
300 230 1
230 317 1
317 230 1
230 323 1
323 230 1
230 348 1
348 230 1
230 365 1
365 230 1
230 377 -1
377 230 -1
230 381 1
381 230 1
230 412 -1
412 230 -1
230 478 1
478 230 1
230 481 1
481 230 1
230 484 -1
484 230 -1
230 490 -1
490 230 -1
231 239 1
239 231 1
231 244 1
244 231 1
231 247 -1
247 231 -1
231 283 -1
283 231 -1
231 319 1
319 231 1
231 330 1
330 231 1
231 433 1
433 231 1
231 442 1
442 231 1
231 489 -1
489 231 -1
232 306 1
306 232 1
232 313 1
313 232 1
232 372 1
372 232 1
232 450 -1
450 232 -1
232 459 1
459 232 1
232 461 1
461 232 1
232 468 1
468 232 1
232 487 1
487 232 1
232 493 -1
493 232 -1
232 495 -1
495 232 -1
233 263 1
263 233 1
233 314 1
314 233 1
233 351 -1
351 233 -1
233 379 1
379 233 1
233 403 -1
403 233 -1
233 426 1
426 233 1
234 254 1
254 234 1
234 262 1
262 234 1
234 272 1
272 234 1
234 332 1
332 234 1
234 355 1
355 234 1
234 375 1
375 234 1
234 400 1
400 234 1
234 447 1
447 234 1
234 449 1
449 234 1
234 479 1
479 234 1
234 490 1
490 234 1
235 236 -1
236 235 -1
235 238 1
238 235 1
235 251 1
251 235 1
235 293 -1
293 235 -1
235 324 1
324 235 1
235 328 1
328 235 1
235 338 1
338 235 1
235 357 1
357 235 1
235 422 -1
422 235 -1
235 462 1
462 235 1
236 260 1
260 236 1
236 270 1
270 236 1
236 285 1
285 236 1
236 288 -1
288 236 -1
236 295 1
295 236 1
236 297 1
297 236 1
236 304 1
304 236 1
236 329 1
329 236 1
236 331 1
331 236 1
236 335 -1
335 236 -1
236 366 1
366 236 1
236 460 1
460 236 1
237 264 -1
264 237 -1
237 326 1
326 237 1
237 336 -1
336 237 -1
237 339 1
339 237 1
237 358 1
358 237 1
237 360 1
360 237 1
237 367 1
367 237 1
237 423 1
423 237 1
237 472 1
472 237 1
238 251 1
251 238 1
238 276 -1
276 238 -1
238 293 1
293 238 1
238 324 1
324 238 1
238 327 1
327 238 1
238 328 1
328 238 1
238 338 1
338 238 1
238 357 1
357 238 1
238 422 1
422 238 1
238 457 -1
457 238 -1
238 462 1
462 238 1
239 244 1
244 239 1
239 247 1
247 239 1
239 263 1
263 239 1
239 319 1
319 239 1
239 330 1
330 239 1
239 433 1
433 239 1
239 442 1
442 239 1
240 386 -1
386 240 -1
240 398 -1
398 240 -1
240 418 1
418 240 1
240 420 1
420 240 1
240 464 1
464 240 1
240 466 1
466 240 1
240 496 1
496 240 1
240 500 1
500 240 1
241 249 -1
249 241 -1
241 264 1
264 241 1
241 411 1
411 241 1
241 417 1
417 241 1
241 438 -1
438 241 -1
241 444 1
444 241 1
241 477 1
477 241 1
241 488 1
488 241 1
241 497 1
497 241 1
242 243 1
243 242 1
242 286 1
286 242 1
242 289 -1
289 242 -1
242 291 1
291 242 1
242 310 1
310 242 1
242 342 1
342 242 1
242 363 1
363 242 1
242 380 1
380 242 1
242 389 -1
389 242 -1
242 397 1
397 242 1
242 398 1
398 242 1
242 412 1
412 242 1
242 450 -1
450 242 -1
242 480 1
480 242 1
242 495 1
495 242 1
243 245 -1
245 243 -1
243 286 1
286 243 1
243 291 1
291 243 1
243 301 1
301 243 1
243 310 1
310 243 1
243 342 1
342 243 1
243 363 1
363 243 1
243 397 -1
397 243 -1
243 398 1
398 243 1
243 412 1
412 243 1
243 450 1
450 243 1
243 480 1
480 243 1
243 495 1
495 243 1
244 247 -1
247 244 -1
244 255 -1
255 244 -1
244 319 -1
319 244 -1
244 433 1
433 244 1
244 442 1
442 244 1
244 443 1
443 244 1
245 286 -1
286 245 -1
245 291 1
291 245 1
245 310 -1
310 245 -1
245 342 -1
342 245 -1
245 363 -1
363 245 -1
245 380 1
380 245 1
245 397 1
397 245 1
245 398 1
398 245 1
245 405 -1
405 245 -1
245 412 1
412 245 1
245 432 -1
432 245 -1
245 450 1
450 245 1
245 480 1
480 245 1
245 495 1
495 245 1
246 257 1
257 246 1
246 275 1
275 246 1
246 279 1
279 246 1
246 290 -1
290 246 -1
246 308 1
308 246 1
246 382 1
382 246 1
246 429 1
429 246 1
246 434 1
434 246 1
246 437 1
437 246 1
246 441 1
441 246 1
246 454 1
454 246 1
246 465 -1
465 246 -1
246 474 -1
474 246 -1
246 475 1
475 246 1
247 319 1
319 247 1
247 330 1
330 247 1
247 419 -1
419 247 -1
247 433 1
433 247 1
247 442 1
442 247 1
248 258 1
258 248 1
248 265 -1
265 248 -1
248 341 1
341 248 1
248 369 1
369 248 1
248 374 -1
374 248 -1
248 387 -1
387 248 -1
248 408 1
408 248 1
248 413 1
413 248 1
248 424 -1
424 248 -1
248 425 1
425 248 1
248 428 1
428 248 1
248 436 1
436 248 1
248 474 -1
474 248 -1
248 476 1
476 248 1
249 264 1
264 249 1
249 350 1
350 249 1
249 411 1
411 249 1
249 417 1
417 249 1
249 438 1
438 249 1
249 444 1
444 249 1
249 477 -1
477 249 -1
249 488 1
488 249 1
249 497 1
497 249 1
250 299 1
299 250 1
250 315 1
315 250 1
250 340 1
340 250 1
250 370 1
370 250 1
250 403 1
403 250 1
250 405 1
405 250 1
250 414 1
414 250 1
250 448 -1
448 250 -1
251 293 1
293 251 1
251 327 -1
327 251 -1
251 328 1
328 251 1
251 338 1
338 251 1
251 357 1
357 251 1
251 387 -1
387 251 -1
251 421 -1
421 251 -1
251 422 1
422 251 1
251 462 1
462 251 1
252 268 1
268 252 1
252 281 1
281 252 1
252 284 1
284 252 1
252 288 1
288 252 1
252 347 -1
347 252 -1
252 391 1
391 252 1
252 392 1
392 252 1
252 445 1
445 252 1
252 457 1
457 252 1
253 267 1
267 253 1
253 271 1
271 253 1
253 282 1
282 253 1
253 301 1
301 253 1
253 303 1
303 253 1
253 308 -1
308 253 -1
253 353 1
353 253 1
253 376 1
376 253 1
253 378 1
378 253 1
253 396 -1
396 253 -1
253 401 1
401 253 1
253 404 1
404 253 1
253 440 1
440 253 1
253 455 1
455 253 1
253 489 1
489 253 1
254 272 1
272 254 1
254 332 1
332 254 1
254 355 1
355 254 1
254 375 1
375 254 1
254 400 1
400 254 1
254 447 1
447 254 1
254 448 -1
448 254 -1
254 449 -1
449 254 -1
254 479 1
479 254 1
254 490 1
490 254 1
254 491 1
491 254 1
255 289 1
289 255 1
255 298 1
298 255 1
255 305 1
305 255 1
255 351 1
351 255 1
255 356 1
356 255 1
255 415 1
415 255 1
255 451 1
451 255 1
255 456 1
456 255 1
255 469 1
469 255 1
255 470 1
470 255 1
255 486 1
486 255 1
255 499 1
499 255 1
256 261 1
261 256 1
256 289 -1
289 256 -1
256 316 1
316 256 1
256 320 1
320 256 1
256 333 1
333 256 1
256 383 -1
383 256 -1
256 416 1
416 256 1
256 453 1
453 256 1
256 467 -1
467 256 -1
257 275 1
275 257 1
257 276 1
276 257 1
257 279 1
279 257 1
257 290 1
290 257 1
257 308 1
308 257 1
257 349 -1
349 257 -1
257 382 1
382 257 1
257 429 1
429 257 1
257 434 1
434 257 1
257 437 1
437 257 1
257 441 1
441 257 1
257 454 1
454 257 1
257 465 1
465 257 1
257 474 1
474 257 1
258 310 1
310 258 1
258 341 1
341 258 1
258 369 -1
369 258 -1
258 374 -1
374 258 -1
258 387 1
387 258 1
258 407 1
407 258 1
258 408 1
408 258 1
258 424 -1
424 258 -1
258 425 1
425 258 1
258 428 -1
428 258 -1
258 436 1
436 258 1
258 476 1
476 258 1
259 383 1
383 259 1
259 402 1
402 259 1
259 419 1
419 259 1
259 432 1
432 259 1
259 439 1
439 259 1
259 452 1
452 259 1
259 473 1
473 259 1
260 270 1
270 260 1
260 285 1
285 260 1
260 295 1
295 260 1
260 297 1
297 260 1
260 309 1
309 260 1
260 329 -1
329 260 -1
260 331 1
331 260 1
260 335 1
335 260 1
260 352 -1
352 260 -1
260 366 1
366 260 1
260 393 -1
393 260 -1
260 460 1
460 260 1
261 320 1
320 261 1
261 333 1
333 261 1
261 416 1
416 261 1
261 453 1
453 261 1
261 467 1
467 261 1
261 476 -1
476 261 -1
262 272 1
272 262 1
262 332 1
332 262 1
262 355 -1
355 262 -1
262 375 1
375 262 1
262 400 1
400 262 1
262 447 1
447 262 1
262 449 1
449 262 1
262 479 1
479 262 1
262 489 -1
489 262 -1
262 490 1
490 262 1
262 491 1
491 262 1
263 314 1
314 263 1
263 379 1
379 263 1
263 486 -1
486 263 -1
264 350 1
350 264 1
264 411 1
411 264 1
264 417 1
417 264 1
264 438 1
438 264 1
264 444 1
444 264 1
264 477 1
477 264 1
264 488 -1
488 264 -1
264 497 1
497 264 1
265 292 -1
292 265 -1
265 296 1
296 265 1
265 300 1
300 265 1
265 317 1
317 265 1
265 323 1
323 265 1
265 348 1
348 265 1
265 365 1
365 265 1
265 377 1
377 265 1
265 381 1
381 265 1
265 435 1
435 265 1
265 478 1
478 265 1
265 484 -1
484 265 -1
266 287 1
287 266 1
266 302 1
302 266 1
266 361 1
361 266 1
266 388 -1
388 266 -1
266 408 -1
408 266 -1
267 271 1
271 267 1
267 282 1
282 267 1
267 301 1
301 267 1
267 303 -1
303 267 -1
267 353 1
353 267 1
267 368 -1
368 267 -1
267 376 1
376 267 1
267 378 1
378 267 1
267 396 1
396 267 1
267 404 -1
404 267 -1
267 440 1
440 267 1
267 455 1
455 267 1
267 489 1
489 267 1
268 281 1
281 268 1
268 284 1
284 268 1
268 288 -1
288 268 -1
268 293 -1
293 268 -1
268 328 -1
328 268 -1
268 371 1
371 268 1
268 391 1
391 268 1
268 392 1
392 268 1
268 445 1
445 268 1
268 457 1
457 268 1
269 278 1
278 269 1
269 283 1
283 269 1
269 321 1
321 269 1
269 346 1
346 269 1
269 347 1
347 269 1
269 395 1
395 269 1
269 427 -1
427 269 -1
269 430 -1
430 269 -1
270 285 1
285 270 1
270 295 -1
295 270 -1
270 297 1
297 270 1
270 304 -1
304 270 -1
270 309 1
309 270 1
270 329 1
329 270 1
270 331 1
331 270 1
270 335 1
335 270 1
270 460 1
460 270 1
271 282 -1
282 271 -1
271 301 1
301 271 1
271 303 1
303 271 1
271 353 1
353 271 1
271 368 1
368 271 1
271 376 -1
376 271 -1
271 378 -1
378 271 -1
271 396 1
396 271 1
271 401 1
401 271 1
271 404 1
404 271 1
271 440 1
440 271 1
271 455 1
455 271 1
271 489 1
489 271 1
272 332 1
332 272 1
272 340 -1
340 272 -1
272 375 1
375 272 1
272 400 1
400 272 1
272 447 1
447 272 1
272 449 1
449 272 1
272 479 1
479 272 1
272 490 1
490 272 1
272 491 1
491 272 1
273 277 1
277 273 1
273 343 1
343 273 1
273 352 1
352 273 1
273 362 1
362 273 1
273 364 1
364 273 1
273 390 1
390 273 1
273 399 1
399 273 1
273 471 1
471 273 1
273 485 1
485 273 1
273 492 1
492 273 1
274 280 1
280 274 1
274 294 1
294 274 1
274 305 -1
305 274 -1
274 311 1
311 274 1
274 312 -1
312 274 -1
274 337 -1
337 274 -1
274 345 1
345 274 1
274 373 -1
373 274 -1
274 388 1
388 274 1
274 393 1
393 274 1
274 406 1
406 274 1
274 427 1
427 274 1
274 443 1
443 274 1
275 276 -1
276 275 -1
275 279 1
279 275 1
275 290 1
290 275 1
275 349 -1
349 275 -1
275 360 -1
360 275 -1
275 382 1
382 275 1
275 429 1
429 275 1
275 434 1
434 275 1
275 437 1
437 275 1
275 441 1
441 275 1
275 454 1
454 275 1
275 465 1
465 275 1
275 474 1
474 275 1
275 475 1
475 275 1
276 279 -1
279 276 -1
276 290 1
290 276 1
276 308 1
308 276 1
276 382 1
382 276 1
276 429 1
429 276 1
276 434 -1
434 276 -1
276 437 1
437 276 1
276 441 1
441 276 1
276 454 1
454 276 1
276 465 1
465 276 1
276 474 1
474 276 1
276 475 1
475 276 1
277 334 1
334 277 1
277 343 1
343 277 1
277 352 1
352 277 1
277 362 1
362 277 1
277 390 -1
390 277 -1
277 394 -1
394 277 -1
277 399 1
399 277 1
277 471 1
471 277 1
277 485 -1
485 277 -1
277 492 -1
492 277 -1
278 283 1
283 278 1
278 321 1
321 278 1
278 346 1
346 278 1
278 347 1
347 278 1
278 395 1
395 278 1
278 430 1
430 278 1
278 445 1
445 278 1
279 290 1
290 279 1
279 308 1
308 279 1
279 382 1
382 279 1
279 429 -1
429 279 -1
279 434 1
434 279 1
279 437 1
437 279 1
279 441 1
441 279 1
279 454 1
454 279 1
279 465 1
465 279 1
279 474 1
474 279 1
279 475 1
475 279 1
279 494 -1
494 279 -1
280 294 1
294 280 1
280 311 1
311 280 1
280 312 1
312 280 1
280 337 1
337 280 1
280 345 1
345 280 1
280 373 1
373 280 1
280 388 1
388 280 1
280 393 1
393 280 1
280 406 1
406 280 1
280 427 1
427 280 1
280 443 1
443 280 1
280 483 -1
483 280 -1
281 284 1
284 281 1
281 288 1
288 281 1
281 371 1
371 281 1
281 391 1
391 281 1
281 392 1
392 281 1
281 445 1
445 281 1
281 457 1
457 281 1
282 301 1
301 282 1
282 303 1
303 282 1
282 368 -1
368 282 -1
282 376 1
376 282 1
282 378 1
378 282 1
282 396 1
396 282 1
282 401 1
401 282 1
282 404 1
404 282 1
282 416 1
416 282 1
282 440 -1
440 282 -1
282 455 1
455 282 1
282 489 1
489 282 1
283 298 -1
298 283 -1
283 321 1
321 283 1
283 346 1
346 283 1
283 347 1
347 283 1
283 395 1
395 283 1
283 430 1
430 283 1
284 288 1
288 284 1
284 371 1
371 284 1
284 391 1
391 284 1
284 392 1
392 284 1
284 438 -1
438 284 -1
284 445 1
445 284 1
284 457 1
457 284 1
285 297 1
297 285 1
285 304 1
304 285 1
285 309 1
309 285 1
285 329 1
329 285 1
285 331 -1
331 285 -1
285 335 1
335 285 1
285 366 1
366 285 1
285 460 1
460 285 1
286 291 1
291 286 1
286 310 -1
310 286 -1
286 342 1
342 286 1
286 363 1
363 286 1
286 380 -1
380 286 -1
286 397 1
397 286 1
286 398 -1
398 286 -1
286 415 -1
415 286 -1
286 450 1
450 286 1
286 480 -1
480 286 -1
286 495 1
495 286 1
287 351 -1
351 287 -1
287 361 1
361 287 1
287 396 -1
396 287 -1
288 371 1
371 288 1
288 391 1
391 288 1
288 445 1
445 288 1
288 446 -1
446 288 -1
288 457 1
457 288 1
289 298 1
298 289 1
289 305 1
305 289 1
289 351 1
351 289 1
289 356 -1
356 289 -1
289 415 1
415 289 1
289 446 1
446 289 1
289 451 1
451 289 1
289 469 1
469 289 1
289 470 1
470 289 1
289 486 1
486 289 1
289 499 1
499 289 1
290 308 1
308 290 1
290 382 1
382 290 1
290 429 1
429 290 1
290 434 1
434 290 1
290 437 1
437 290 1
290 441 1
441 290 1
290 454 1
454 290 1
290 474 1
474 290 1
290 475 1
475 290 1
291 307 -1
307 291 -1
291 342 -1
342 291 -1
291 363 1
363 291 1
291 380 1
380 291 1
291 397 1
397 291 1
291 398 1
398 291 1
291 412 1
412 291 1
291 413 -1
413 291 -1
291 450 1
450 291 1
291 480 1
480 291 1
291 495 1
495 291 1
292 296 1
296 292 1
292 300 1
300 292 1
292 317 1
317 292 1
292 323 1
323 292 1
292 365 1
365 292 1
292 370 -1
370 292 -1
292 377 1
377 292 1
292 381 -1
381 292 -1
292 435 1
435 292 1
292 478 1
478 292 1
292 481 1
481 292 1
292 484 1
484 292 1
293 324 1
324 293 1
293 327 1
327 293 1
293 328 1
328 293 1
293 338 1
338 293 1
293 357 1
357 293 1
293 422 1
422 293 1
293 462 1
462 293 1
294 311 1
311 294 1
294 312 1
312 294 1
294 337 1
337 294 1
294 345 1
345 294 1
294 373 1
373 294 1
294 388 1
388 294 1
294 393 1
393 294 1
294 427 1
427 294 1
294 443 1
443 294 1
295 297 -1
297 295 -1
295 304 1
304 295 1
295 309 1
309 295 1
295 329 1
329 295 1
295 331 1
331 295 1
295 335 -1
335 295 -1
295 366 1
366 295 1
295 460 1
460 295 1
296 300 1
300 296 1
296 317 1
317 296 1
296 318 -1
318 296 -1
296 323 1
323 296 1
296 348 1
348 296 1
296 365 1
365 296 1
296 377 1
377 296 1
296 381 1
381 296 1
296 435 -1
435 296 -1
296 478 1
478 296 1
296 481 1
481 296 1
296 484 1
484 296 1
297 304 1
304 297 1
297 309 1
309 297 1
297 329 1
329 297 1
297 331 1
331 297 1
297 366 1
366 297 1
297 460 1
460 297 1
298 305 1
305 298 1
298 351 1
351 298 1
298 356 1
356 298 1
298 415 1
415 298 1
298 446 1
446 298 1
298 451 1
451 298 1
298 456 1
456 298 1
298 469 1
469 298 1
298 470 1
470 298 1
298 499 1
499 298 1
299 315 1
315 299 1
299 340 1
340 299 1
299 394 -1
394 299 -1
299 403 1
403 299 1
299 405 1
405 299 1
299 414 1
414 299 1
299 431 1
431 299 1
299 448 -1
448 299 -1
299 465 -1
465 299 -1
300 317 1
317 300 1
300 323 1
323 300 1
300 348 -1
348 300 -1
300 365 1
365 300 1
300 377 1
377 300 1
300 381 1
381 300 1
300 415 -1
415 300 -1
300 426 -1
426 300 -1
300 435 -1
435 300 -1
300 478 1
478 300 1
300 481 1
481 300 1
300 484 -1
484 300 -1
301 303 1
303 301 1
301 353 1
353 301 1
301 368 1
368 301 1
301 376 -1
376 301 -1
301 378 1
378 301 1
301 396 1
396 301 1
301 401 1
401 301 1
301 404 1
404 301 1
301 440 1
440 301 1
301 489 1
489 301 1
302 361 1
361 302 1
302 500 -1
500 302 -1
303 330 -1
330 303 -1
303 353 1
353 303 1
303 368 -1
368 303 -1
303 376 1
376 303 1
303 378 1
378 303 1
303 396 1
396 303 1
303 401 1
401 303 1
303 440 1
440 303 1
303 455 1
455 303 1
303 489 1
489 303 1
304 305 -1
305 304 -1
304 309 1
309 304 1
304 329 1
329 304 1
304 331 1
331 304 1
304 335 1
335 304 1
304 366 1
366 304 1
304 460 1
460 304 1
305 351 -1
351 305 -1
305 356 1
356 305 1
305 415 1
415 305 1
305 446 1
446 305 1
305 451 1
451 305 1
305 456 1
456 305 1
305 469 -1
469 305 -1
305 470 1
470 305 1
305 486 1
486 305 1
305 499 1
499 305 1
306 307 -1
307 306 -1
306 313 1
313 306 1
306 372 1
372 306 1
306 399 1
399 306 1
306 459 1
459 306 1
306 461 -1
461 306 -1
306 468 1
468 306 1
306 487 1
487 306 1
306 493 1
493 306 1
307 313 1
313 307 1
307 372 -1
372 307 -1
307 384 -1
384 307 -1
307 459 -1
459 307 -1
307 461 1
461 307 1
307 468 1
468 307 1
307 487 1
487 307 1
307 493 -1
493 307 -1
308 382 1
382 308 1
308 429 1
429 308 1
308 434 1
434 308 1
308 437 -1
437 308 -1
308 441 1
441 308 1
308 454 1
454 308 1
308 465 -1
465 308 -1
308 474 -1
474 308 -1
308 475 1
475 308 1
309 329 -1
329 309 -1
309 331 1
331 309 1
309 335 1
335 309 1
309 340 -1
340 309 -1
309 366 1
366 309 1
309 460 1
460 309 1
309 483 -1
483 309 -1
310 342 1
342 310 1
310 363 1
363 310 1
310 380 1
380 310 1
310 397 -1
397 310 -1
310 398 1
398 310 1
310 412 1
412 310 1
310 443 -1
443 310 -1
310 450 1
450 310 1
310 480 1
480 310 1
310 495 -1
495 310 -1
311 312 1
312 311 1
311 337 1
337 311 1
311 345 1
345 311 1
311 373 1
373 311 1
311 388 1
388 311 1
311 393 1
393 311 1
311 406 1
406 311 1
311 427 1
427 311 1
311 473 -1
473 311 -1
312 337 1
337 312 1
312 345 1
345 312 1
312 373 1
373 312 1
312 393 1
393 312 1
312 406 1
406 312 1
312 427 1
427 312 1
312 443 1
443 312 1
313 372 1
372 313 1
313 459 1
459 313 1
313 461 -1
461 313 -1
313 487 -1
487 313 -1
313 493 1
493 313 1
314 409 -1
409 314 -1
314 426 1
426 314 1
315 340 1
340 315 1
315 370 1
370 315 1
315 403 1
403 315 1
315 405 1
405 315 1
315 414 1
414 315 1
315 431 1
431 315 1
315 448 1
448 315 1
315 496 -1
496 315 -1
316 320 -1
320 316 -1
316 333 1
333 316 1
316 366 -1
366 316 -1
316 416 1
416 316 1
316 453 1
453 316 1
316 467 1
467 316 1
317 323 1
323 317 1
317 338 -1
338 317 -1
317 348 1
348 317 1
317 365 1
365 317 1
317 377 1
377 317 1
317 381 1
381 317 1
317 435 1
435 317 1
317 478 1
478 317 1
317 481 -1
481 317 -1
317 484 1
484 317 1
318 322 -1
322 318 -1
318 344 1
344 318 1
318 359 1
359 318 1
318 385 1
385 318 1
318 394 1
394 318 1
318 409 1
409 318 1
318 410 1
410 318 1
318 482 1
482 318 1
319 330 1
330 319 1
319 335 1
335 319 1
319 433 -1
433 319 -1
319 442 1
442 319 1
320 333 1
333 320 1
320 416 1
416 320 1
320 453 1
453 320 1
320 467 1
467 320 1
321 347 1
347 321 1
321 395 1
395 321 1
321 430 1
430 321 1
322 327 1
327 322 1
322 344 1
344 322 1
322 385 1
385 322 1
322 394 -1
394 322 -1
322 409 1
409 322 1
322 410 1
410 322 1
322 458 1
458 322 1
322 482 -1
482 322 -1
323 348 -1
348 323 -1
323 365 1
365 323 1
323 377 1
377 323 1
323 382 -1
382 323 -1
323 435 -1
435 323 -1
323 478 1
478 323 1
323 481 -1
481 323 -1
323 484 1
484 323 1
324 327 1
327 324 1
324 328 1
328 324 1
324 338 1
338 324 1
324 357 1
357 324 1
324 422 1
422 324 1
324 462 1
462 324 1
325 349 1
349 325 1
325 354 1
354 325 1
325 384 1
384 325 1
325 389 1
389 325 1
325 421 -1
421 325 -1
325 494 1
494 325 1
325 498 1
498 325 1
326 336 1
336 326 1
326 339 1
339 326 1
326 358 1
358 326 1
326 360 1
360 326 1
326 367 1
367 326 1
326 381 -1
381 326 -1
326 463 1
463 326 1
326 472 -1
472 326 -1
327 328 -1
328 327 -1
327 338 1
338 327 1
327 357 1
357 327 1
327 366 -1
366 327 -1
327 422 1
422 327 1
327 462 1
462 327 1
328 338 1
338 328 1
328 357 1
357 328 1
328 462 1
462 328 1
328 493 -1
493 328 -1
329 331 1
331 329 1
329 335 -1
335 329 -1
329 366 1
366 329 1
329 460 1
460 329 1
329 500 -1
500 329 -1
330 433 1
433 330 1
330 442 1
442 330 1
331 335 1
335 331 1
331 366 -1
366 331 -1
331 372 -1
372 331 -1
331 460 1
460 331 1
331 468 1
468 331 1
332 334 -1
334 332 -1
332 355 1
355 332 1
332 375 1
375 332 1
332 400 -1
400 332 -1
332 447 1
447 332 1
332 449 1
449 332 1
332 479 1
479 332 1
332 490 1
490 332 1
332 491 -1
491 332 -1
333 346 -1
346 333 -1
333 416 1
416 333 1
333 453 1
453 333 1
333 467 -1
467 333 -1
334 343 1
343 334 1
334 352 1
352 334 1
334 362 1
362 334 1
334 364 -1
364 334 -1
334 390 1
390 334 1
334 399 1
399 334 1
334 448 1
448 334 1
334 471 -1
471 334 -1
334 485 1
485 334 1
334 492 1
492 334 1
335 366 -1
366 335 -1
335 392 -1
392 335 -1
335 460 1
460 335 1
336 339 1
339 336 1
336 355 -1
355 336 -1
336 358 1
358 336 1
336 360 1
360 336 1
336 367 1
367 336 1
336 423 1
423 336 1
336 463 -1
463 336 -1
336 472 1
472 336 1
336 485 -1
485 336 -1
337 345 1
345 337 1
337 373 1
373 337 1
337 388 1
388 337 1
337 406 1
406 337 1
337 427 1
427 337 1
337 443 1
443 337 1
338 357 1
357 338 1
338 422 -1
422 338 -1
338 462 1
462 338 1
339 354 -1
354 339 -1
339 358 -1
358 339 -1
339 360 -1
360 339 -1
339 423 1
423 339 1
339 463 -1
463 339 -1
339 472 -1
472 339 -1
340 370 1
370 340 1
340 403 -1
403 340 -1
340 405 -1
405 340 -1
340 414 1
414 340 1
340 431 1
431 340 1
340 448 1
448 340 1
341 369 -1
369 341 -1
341 374 -1
374 341 -1
341 387 -1
387 341 -1
341 407 1
407 341 1
341 408 1
408 341 1
341 413 1
413 341 1
341 424 -1
424 341 -1
341 425 1
425 341 1
341 428 1
428 341 1
341 436 1
436 341 1
341 476 1
476 341 1
342 363 1
363 342 1
342 380 -1
380 342 -1
342 397 1
397 342 1
342 398 1
398 342 1
342 412 1
412 342 1
342 423 -1
423 342 -1
342 450 1
450 342 1
342 480 -1
480 342 -1
342 495 1
495 342 1
343 352 1
352 343 1
343 362 1
362 343 1
343 364 1
364 343 1
343 390 -1
390 343 -1
343 399 -1
399 343 -1
343 471 -1
471 343 -1
343 485 1
485 343 1
343 492 1
492 343 1
344 359 1
359 344 1
344 385 1
385 344 1
344 394 1
394 344 1
344 409 -1
409 344 -1
344 410 1
410 344 1
344 458 1
458 344 1
345 388 1
388 345 1
345 393 1
393 345 1
345 406 1
406 345 1
345 427 -1
427 345 -1
345 443 1
443 345 1
346 347 1
347 346 1
346 360 -1
360 346 -1
346 395 1
395 346 1
346 430 -1
430 346 -1
347 395 1
395 347 1
347 430 1
430 347 1
348 365 1
365 348 1
348 377 -1
377 348 -1
348 381 1
381 348 1
348 412 -1
412 348 -1
348 435 -1
435 348 -1
348 478 1
478 348 1
348 481 -1
481 348 -1
348 484 1
484 348 1
349 384 1
384 349 1
349 389 -1
389 349 -1
349 421 -1
421 349 -1
349 494 1
494 349 1
349 498 1
498 349 1
350 377 -1
377 350 -1
350 411 -1
411 350 -1
350 417 -1
417 350 -1
350 434 -1
434 350 -1
350 438 1
438 350 1
350 444 -1
444 350 -1
350 477 1
477 350 1
350 488 1
488 350 1
350 497 1
497 350 1
351 356 1
356 351 1
351 415 1
415 351 1
351 446 1
446 351 1
351 451 1
451 351 1
351 456 1
456 351 1
351 469 1
469 351 1
351 470 1
470 351 1
351 486 1
486 351 1
351 499 1
499 351 1
352 364 1
364 352 1
352 390 1
390 352 1
352 396 -1
396 352 -1
352 399 1
399 352 1
352 471 1
471 352 1
352 485 1
485 352 1
352 492 1
492 352 1
353 368 1
368 353 1
353 375 1
375 353 1
353 376 -1
376 353 -1
353 378 1
378 353 1
353 396 -1
396 353 -1
353 401 1
401 353 1
353 404 1
404 353 1
353 440 1
440 353 1
353 455 1
455 353 1
353 489 -1
489 353 -1
354 384 1
384 354 1
354 389 1
389 354 1
354 421 1
421 354 1
354 426 -1
426 354 -1
354 494 1
494 354 1
354 498 1
498 354 1
355 375 1
375 355 1
355 400 1
400 355 1
355 447 1
447 355 1
355 449 1
449 355 1
355 479 1
479 355 1
355 490 1
490 355 1
355 491 1
491 355 1
356 415 1
415 356 1
356 446 -1
446 356 -1
356 451 1
451 356 1
356 456 1
456 356 1
356 469 1
469 356 1
356 470 -1
470 356 -1
356 486 1
486 356 1
356 499 -1
499 356 -1
357 422 1
422 357 1
357 462 1
462 357 1
358 360 -1
360 358 -1
358 367 1
367 358 1
358 382 -1
382 358 -1
358 423 -1
423 358 -1
358 463 1
463 358 1
358 472 1
472 358 1
359 373 -1
373 359 -1
359 385 1
385 359 1
359 393 -1
393 359 -1
359 394 1
394 359 1
359 409 1
409 359 1
359 410 1
410 359 1
359 458 1
458 359 1
359 482 1
482 359 1
360 367 1
367 360 1
360 423 1
423 360 1
360 463 -1
463 360 -1
360 472 1
472 360 1
361 401 1
401 361 1
362 364 1
364 362 1
362 390 1
390 362 1
362 399 1
399 362 1
362 460 -1
460 362 -1
362 471 1
471 362 1
362 485 1
485 362 1
362 492 1
492 362 1
363 380 -1
380 363 -1
363 397 1
397 363 1
363 398 1
398 363 1
363 412 1
412 363 1
363 450 1
450 363 1
363 466 -1
466 363 -1
363 480 1
480 363 1
363 495 1
495 363 1
364 365 1
365 364 1
364 390 1
390 364 1
364 399 1
399 364 1
364 450 -1
450 364 -1
364 471 1
471 364 1
364 485 1
485 364 1
364 492 1
492 364 1
365 377 1
377 365 1
365 381 -1
381 365 -1
365 435 1
435 365 1
365 478 1
478 365 1
365 481 1
481 365 1
365 484 1
484 365 1
366 460 1
460 366 1
367 423 1
423 367 1
367 463 1
463 367 1
367 472 1
472 367 1
368 376 1
376 368 1
368 378 1
378 368 1
368 396 1
396 368 1
368 401 1
401 368 1
368 404 1
404 368 1
368 418 -1
418 368 -1
368 440 1
440 368 1
368 455 1
455 368 1
368 489 1
489 368 1
369 374 1
374 369 1
369 387 1
387 369 1
369 407 1
407 369 1
369 408 1
408 369 1
369 413 -1
413 369 -1
369 424 1
424 369 1
369 425 1
425 369 1
369 428 1
428 369 1
369 476 1
476 369 1
370 403 1
403 370 1
370 405 1
405 370 1
370 414 1
414 370 1
370 431 1
431 370 1
370 448 -1
448 370 -1
371 391 1
391 371 1
371 392 1
392 371 1
371 445 1
445 371 1
371 457 1
457 371 1
372 459 1
459 372 1
372 461 1
461 372 1
372 468 1
468 372 1
372 487 1
487 372 1
372 493 1
493 372 1
373 388 -1
388 373 -1
373 393 1
393 373 1
373 406 1
406 373 1
373 427 1
427 373 1
373 443 1
443 373 1
373 459 1
459 373 1
374 387 1
387 374 1
374 407 -1
407 374 -1
374 408 1
408 374 1
374 413 1
413 374 1
374 424 1
424 374 1
374 425 1
425 374 1
374 436 -1
436 374 -1
374 437 -1
437 374 -1
374 476 1
476 374 1
375 447 1
447 375 1
375 449 -1
449 375 -1
375 479 1
479 375 1
375 490 -1
490 375 -1
375 491 1
491 375 1
376 378 1
378 376 1
376 396 1
396 376 1
376 401 1
401 376 1
376 404 1
404 376 1
376 407 -1
407 376 -1
376 440 1
440 376 1
376 455 1
455 376 1
376 489 -1
489 376 -1
377 381 1
381 377 1
377 435 1
435 377 1
377 478 1
478 377 1
377 481 1
481 377 1
378 401 -1
401 378 -1
378 404 1
404 378 1
378 431 -1
431 378 -1
378 440 -1
440 378 -1
378 455 1
455 378 1
378 489 -1
489 378 -1
379 426 -1
426 379 -1
379 454 -1
454 379 -1
379 459 -1
459 379 -1
380 397 1
397 380 1
380 398 1
398 380 1
380 412 1
412 380 1
380 450 1
450 380 1
380 456 1
456 380 1
380 480 1
480 380 1
380 495 1
495 380 1
381 435 1
435 381 1
381 478 1
478 381 1
381 481 1
481 381 1
381 484 1
484 381 1
382 429 -1
429 382 -1
382 434 1
434 382 1
382 437 1
437 382 1
382 441 1
441 382 1
382 454 1
454 382 1
382 465 1
465 382 1
382 475 1
475 382 1
383 402 1
402 383 1
383 419 1
419 383 1
383 432 1
432 383 1
383 439 1
439 383 1
383 452 1
452 383 1
383 473 -1
473 383 -1
383 486 -1
486 383 -1
384 389 1
389 384 1
384 421 1
421 384 1
384 494 1
494 384 1
384 498 1
498 384 1
385 394 1
394 385 1
385 409 1
409 385 1
385 410 1
410 385 1
385 458 -1
458 385 -1
385 477 1
477 385 1
385 482 1
482 385 1
386 418 -1
418 386 -1
386 420 1
420 386 1
386 464 1
464 386 1
386 466 1
466 386 1
386 467 -1
467 386 -1
386 483 1
483 386 1
386 496 -1
496 386 -1
386 500 1
500 386 1
387 407 -1
407 387 -1
387 408 -1
408 387 -1
387 413 1
413 387 1
387 424 1
424 387 1
387 425 1
425 387 1
387 428 1
428 387 1
387 436 -1
436 387 -1
388 393 -1
393 388 -1
388 406 1
406 388 1
388 427 1
427 388 1
388 443 1
443 388 1
389 421 1
421 389 1
389 452 1
452 389 1
389 498 1
498 389 1
390 399 1
399 390 1
390 434 1
434 390 1
390 471 1
471 390 1
390 485 1
485 390 1
390 492 1
492 390 1
391 392 1
392 391 1
391 411 -1
411 391 -1
391 457 -1
457 391 -1
391 484 -1
484 391 -1
392 445 1
445 392 1
392 457 1
457 392 1
393 406 1
406 393 1
393 427 1
427 393 1
393 443 1
443 393 1
394 409 1
409 394 1
394 410 1
410 394 1
394 458 1
458 394 1
394 482 1
482 394 1
396 401 -1
401 396 -1
396 404 1
404 396 1
396 440 1
440 396 1
396 455 1
455 396 1
396 489 1
489 396 1
397 398 1
398 397 1
397 412 1
412 397 1
397 421 -1
421 397 -1
397 450 -1
450 397 -1
397 480 1
480 397 1
397 495 1
495 397 1
398 412 1
412 398 1
398 420 -1
420 398 -1
398 480 -1
480 398 -1
398 495 1
495 398 1
399 471 -1
471 399 -1
399 485 1
485 399 1
399 492 1
492 399 1
400 447 1
447 400 1
400 449 1
449 400 1
400 479 -1
479 400 -1
400 490 1
490 400 1
400 491 1
491 400 1
401 404 1
404 401 1
401 440 -1
440 401 -1
401 455 1
455 401 1
401 489 1
489 401 1
402 419 1
419 402 1
402 432 1
432 402 1
402 439 1
439 402 1
402 452 1
452 402 1
402 473 1
473 402 1
403 405 1
405 403 1
403 414 1
414 403 1
403 431 1
431 403 1
403 448 1
448 403 1
404 423 -1
423 404 -1
404 440 1
440 404 1
404 455 1
455 404 1
404 489 -1
489 404 -1
405 414 1
414 405 1
405 431 1
431 405 1
405 470 -1
470 405 -1
406 427 -1
427 406 -1
406 432 -1
432 406 -1
406 443 1
443 406 1
406 482 -1
482 406 -1
407 408 1
408 407 1
407 413 1
413 407 1
407 424 1
424 407 1
407 425 -1
425 407 -1
407 428 1
428 407 1
407 436 1
436 407 1
407 476 1
476 407 1
408 413 1
413 408 1
408 424 -1
424 408 -1
408 428 1
428 408 1
408 436 1
436 408 1
408 453 1
453 408 1
408 476 1
476 408 1
409 410 1
410 409 1
409 430 -1
430 409 -1
409 458 1
458 409 1
409 482 1
482 409 1
410 458 1
458 410 1
410 482 -1
482 410 -1
411 417 1
417 411 1
411 425 -1
425 411 -1
411 438 1
438 411 1
411 444 -1
444 411 -1
411 477 1
477 411 1
411 488 1
488 411 1
411 497 1
497 411 1
412 450 1
450 412 1
412 480 1
480 412 1
412 495 1
495 412 1
413 424 1
424 413 1
413 425 1
425 413 1
413 428 1
428 413 1
413 436 1
436 413 1
413 476 1
476 413 1
414 431 1
431 414 1
414 448 1
448 414 1
415 446 -1
446 415 -1
415 451 1
451 415 1
415 456 1
456 415 1
415 469 1
469 415 1
415 470 1
470 415 1
415 486 1
486 415 1
415 499 1
499 415 1
416 453 1
453 416 1
416 467 1
467 416 1
417 438 1
438 417 1
417 444 -1
444 417 -1
417 477 -1
477 417 -1
417 488 -1
488 417 -1
417 497 1
497 417 1
418 420 -1
420 418 -1
418 466 1
466 418 1
418 483 1
483 418 1
418 496 1
496 418 1
418 500 1
500 418 1
419 432 1
432 419 1
419 452 1
452 419 1
419 473 1
473 419 1
420 464 -1
464 420 -1
420 466 1
466 420 1
420 472 -1
472 420 -1
420 483 -1
483 420 -1
420 496 1
496 420 1
420 500 1
500 420 1
421 494 1
494 421 1
422 440 -1
440 422 -1
422 462 1
462 422 1
423 463 1
463 423 1
423 472 1
472 423 1
424 425 1
425 424 1
424 428 1
428 424 1
424 436 1
436 424 1
424 476 1
476 424 1
425 428 1
428 425 1
425 436 -1
436 425 -1
425 476 -1
476 425 -1
427 442 -1
442 427 -1
427 443 -1
443 427 -1
428 436 1
436 428 1
428 476 1
476 428 1
429 434 1
434 429 1
429 437 1
437 429 1
429 454 1
454 429 1
429 465 1
465 429 1
429 474 1
474 429 1
429 475 -1
475 429 -1
431 448 -1
448 431 -1
432 439 1
439 432 1
432 452 1
452 432 1
432 473 1
473 432 1
434 437 1
437 434 1
434 441 -1
441 434 -1
434 454 1
454 434 1
434 465 1
465 434 1
434 474 1
474 434 1
434 475 -1
475 434 -1
435 463 1
463 435 1
435 478 1
478 435 1
435 481 1
481 435 1
435 484 1
484 435 1
435 493 -1
493 435 -1
436 476 1
476 436 1
437 441 -1
441 437 -1
437 454 1
454 437 1
437 465 1
465 437 1
437 474 1
474 437 1
437 475 1
475 437 1
438 444 1
444 438 1
438 447 -1
447 438 -1
438 477 1
477 438 1
438 488 1
488 438 1
438 497 -1
497 438 -1
439 452 1
452 439 1
439 466 -1
466 439 -1
439 473 1
473 439 1
440 455 1
455 440 1
440 489 1
489 440 1
441 454 1
454 441 1
441 465 1
465 441 1
441 474 1
474 441 1
441 475 1
475 441 1
441 481 1
481 441 1
444 470 -1
470 444 -1
444 477 1
477 444 1
444 488 1
488 444 1
444 497 1
497 444 1
445 457 1
457 445 1
446 451 1
451 446 1
446 456 1
456 446 1
446 469 -1
469 446 -1
446 470 1
470 446 1
446 486 1
486 446 1
446 499 1
499 446 1
447 449 1
449 447 1
447 467 -1
467 447 -1
447 490 1
490 447 1
447 491 1
491 447 1
449 479 -1
479 449 -1
449 490 1
490 449 1
449 491 1
491 449 1
450 480 1
480 450 1
450 495 1
495 450 1
451 456 1
456 451 1
451 470 1
470 451 1
451 486 1
486 451 1
451 499 1
499 451 1
452 473 1
473 452 1
453 467 1
467 453 1
454 465 -1
465 454 -1
454 474 1
474 454 1
454 475 1
475 454 1
454 478 1
478 454 1
455 489 1
489 455 1
456 469 1
469 456 1
456 470 1
470 456 1
456 486 1
486 456 1
456 499 1
499 456 1
458 482 -1
482 458 -1
458 485 -1
485 458 -1
458 497 -1
497 458 -1
459 461 1
461 459 1
459 468 1
468 459 1
459 487 -1
487 459 -1
459 493 1
493 459 1
461 468 1
468 461 1
461 487 1
487 461 1
461 493 1
493 461 1
463 472 1
472 463 1
464 466 1
466 464 1
464 483 1
483 464 1
464 496 1
496 464 1
464 500 1
500 464 1
465 474 -1
474 465 -1
465 475 1
475 465 1
466 483 -1
483 466 -1
466 496 1
496 466 1
466 500 1
500 466 1
468 487 1
487 468 1
468 493 -1
493 468 -1
469 470 1
470 469 1
469 486 1
486 469 1
469 499 1
499 469 1
470 486 1
486 470 1
471 485 1
485 471 1
471 492 -1
492 471 -1
474 475 -1
475 474 -1
477 488 -1
488 477 -1
477 497 1
497 477 1
478 481 1
481 478 1
478 484 1
484 478 1
479 490 1
490 479 1
479 491 1
491 479 1
480 495 1
495 480 1
481 484 1
484 481 1
483 496 1
496 483 1
483 500 -1
500 483 -1
486 499 1
499 486 1
487 493 1
493 487 1
490 491 -1
491 490 -1
494 498 1
498 494 1
496 500 -1
500 496 -1
