0 193 -1
0 198 1
1 236 1
2 357 -1
2 453 -1
2 472 -1
3 7 1
3 19 1
3 73 1
3 106 1
3 143 1
3 397 1
3 422 1
3 446 1
3 478 1
3 479 1
3 533 1
3 607 1
4 297 1
4 299 1
5 81 -1
5 117 1
5 158 1
5 255 1
5 469 1
6 235 1
6 236 1
6 494 1
6 495 1
7 23 1
7 66 1
7 617 -1
8 456 1
8 539 1
8 544 1
9 208 1
9 681 1
10 57 1
11 681 1
12 681 1
13 208 1
13 681 1
14 57 1
15 57 1
15 208 1
16 208 1
16 681 1
17 57 1
18 208 1
18 681 1
19 23 1
19 59 -1
19 60 -1
19 70 -1
19 209 1
19 421 -1
19 453 1
19 522 1
20 23 1
20 70 1
20 512 1
20 522 1
20 540 1
20 543 -1
20 575 1
21 673 1
22 297 1
23 113 1
23 186 1
23 232 1
23 393 1
23 422 1
24 556 1
25 556 1
26 515 1
26 625 1
27 360 1
27 361 1
28 360 1
28 361 1
29 198 1
29 352 1
29 558 1
29 609 -1
29 688 1
30 198 1
30 561 -1
31 357 -1
31 472 -1
31 609 -1
32 209 1
33 360 1
33 361 1
34 208 1
34 680 -1
35 208 1
36 208 1
36 680 -1
37 208 1
38 208 1
38 334 1
38 680 -1
39 208 1
40 208 1
40 680 -1
41 45 1
42 208 1
43 208 1
44 208 1
45 46 1
47 364 1
47 573 1
48 208 1
48 236 1
48 237 1
48 684 1
48 685 1
49 208 1
50 220 1
51 220 1
52 220 1
53 220 1
54 455 1
55 562 1
56 512 1
56 556 1
56 609 -1
56 617 -1
57 251 1
58 556 1
58 578 1
59 180 1
59 255 1
60 180 1
60 196 -1
60 255 1
61 135 -1
61 220 1
62 334 1
62 453 1
62 617 -1
62 680 1
63 334 -1
63 556 1
63 578 1
63 617 -1
63 680 -1
63 682 -1
64 371 1
65 66 1
66 287 -1
66 304 -1
66 336 1
66 355 -1
66 356 -1
67 127 1
67 199 1
67 343 1
67 344 1
67 345 -1
67 347 -1
67 351 1
67 446 -1
67 498 1
67 597 1
68 455 1
69 515 1
69 625 1
70 543 -1
71 571 1
72 571 1
73 453 1
73 456 1
73 617 -1
73 683 1
74 332 1
75 332 1
76 193 -1
77 124 -1
77 193 -1
78 625 1
79 334 1
80 124 -1
81 332 1
81 573 1
82 332 1
83 332 1
84 298 1
85 86 1
87 298 1
87 617 1
88 298 1
88 617 1
89 556 1
90 307 1
90 556 1
91 159 1
92 493 1
92 494 1
92 684 1
93 493 1
93 494 1
94 298 1
95 334 1
96 179 -1
96 334 1
96 624 -1
97 332 1
98 332 1
99 539 1
99 556 1
99 572 1
99 578 1
99 624 -1
100 469 1
100 539 1
100 572 1
101 539 1
101 624 -1
102 492 1
103 684 1
104 684 1
105 303 -1
105 472 -1
106 551 -1
106 684 1
107 208 1
108 208 1
109 360 1
109 361 1
109 472 1
110 371 1
111 327 1
112 159 1
112 230 1
112 415 1
113 371 1
113 617 -1
114 332 1
115 327 1
116 327 1
117 520 1
117 572 1
117 573 1
118 235 1
118 327 1
118 360 1
118 361 1
118 515 1
118 625 1
119 121 1
119 261 1
120 121 1
120 261 1
121 490 1
121 524 1
122 172 1
122 438 -1
123 235 1
123 684 1
124 235 1
124 355 -1
124 684 1
124 689 -1
125 235 1
125 472 -1
125 609 -1
125 686 -1
126 515 -1
126 624 -1
126 625 1
127 235 1
127 684 1
128 515 1
128 625 1
129 135 -1
129 208 1
129 220 1
129 682 1
130 135 -1
130 220 1
130 682 1
131 135 -1
131 220 1
132 135 -1
132 220 1
132 682 1
133 135 -1
133 208 1
133 220 1
134 135 -1
134 220 1
134 682 1
135 136 -1
135 139 -1
135 155 -1
135 156 -1
135 212 -1
135 220 1
135 439 -1
135 440 -1
135 441 -1
135 613 -1
135 614 -1
136 204 -1
136 206 1
136 220 1
136 616 -1
137 614 1
137 616 1
138 332 1
139 220 1
140 371 1
141 360 1
141 625 1
142 261 1
142 556 1
142 578 1
144 556 1
144 578 1
145 292 1
145 466 1
145 689 -1
146 466 1
146 689 -1
147 493 1
148 617 -1
149 332 1
150 515 1
151 355 -1
151 356 -1
151 360 1
151 361 1
152 332 1
153 332 1
154 673 1
155 220 1
155 682 1
156 220 1
156 682 1
157 371 1
158 573 1
159 234 1
159 609 -1
159 626 1
159 686 -1
160 453 1
160 456 -1
160 683 1
161 453 1
161 683 1
162 578 1
163 298 1
164 239 -1
165 235 1
165 472 -1
166 556 1
167 371 1
168 556 1
169 298 1
169 456 1
170 298 1
170 456 1
171 683 1
172 455 1
173 673 1
174 556 1
175 556 1
176 455 1
177 455 1
178 455 1
181 405 -1
181 689 -1
182 405 -1
183 689 -1
184 364 1
184 554 1
184 555 1
185 625 1
186 371 1
186 617 -1
187 327 1
187 455 1
188 455 1
189 327 1
190 455 1
191 455 1
192 201 1
192 220 1
193 512 1
193 556 1
194 556 1
195 553 1
196 198 1
196 201 1
196 355 -1
196 456 1
196 520 1
196 522 1
196 544 1
196 609 -1
196 617 -1
196 686 -1
197 198 1
197 201 1
197 522 1
197 609 -1
197 686 -1
198 199 1
198 202 1
198 352 1
199 201 1
200 201 1
201 202 1
201 203 1
201 211 1
201 314 1
201 341 1
201 355 -1
201 363 1
201 380 1
201 399 1
204 206 1
204 220 1
205 384 1
206 219 1
206 220 1
207 556 1
207 578 1
208 210 1
208 219 1
208 223 1
208 233 1
208 246 1
208 247 1
208 248 1
208 249 1
208 250 1
208 252 1
208 256 1
208 257 1
208 289 1
208 290 1
208 291 1
208 311 1
208 317 1
208 318 1
208 319 1
208 320 1
208 323 1
208 344 1
208 345 1
208 349 1
208 432 1
208 506 1
208 510 1
208 588 1
208 598 1
208 599 1
208 600 1
208 601 1
209 218 1
209 225 1
209 476 1
209 486 1
209 487 1
209 567 1
209 579 1
209 580 1
212 220 1
212 317 1
213 220 1
214 360 1
214 361 1
215 472 -1
215 684 1
216 556 1
217 413 -1
218 360 1
218 361 1
219 220 1
220 223 1
220 425 1
220 439 1
220 440 1
220 441 1
220 613 1
220 616 1
221 360 1
221 361 1
222 625 1
224 453 1
226 625 1
227 515 -1
227 625 1
228 360 1
228 361 1
229 360 1
229 361 1
231 625 1
232 298 1
233 516 -1
233 609 -1
235 241 1
235 253 1
235 283 1
235 445 1
235 472 1
235 524 1
235 525 1
236 355 -1
236 504 1
238 335 1
238 355 -1
238 688 1
239 295 -1
239 296 -1
239 407 -1
239 409 -1
240 684 1
241 357 -1
241 472 -1
242 684 1
243 684 1
244 540 1
245 540 1
248 516 -1
248 625 1
249 453 1
249 681 1
252 681 1
254 298 1
255 405 1
255 512 1
255 521 1
255 522 1
255 539 1
255 570 1
255 572 1
255 573 1
255 609 -1
255 688 1
258 292 1
258 617 -1
259 360 1
259 361 1
260 261 1
261 262 1
261 263 1
261 264 1
261 267 1
261 305 1
261 477 1
261 547 1
261 548 1
261 550 1
261 612 1
261 617 -1
262 360 1
262 361 1
263 360 1
263 361 1
263 625 1
264 360 1
264 361 1
265 360 1
265 361 1
266 360 1
266 361 1
266 515 1
266 625 1
267 515 1
267 625 1
268 539 1
268 540 1
268 541 1
268 542 1
268 543 1
269 539 1
269 541 1
269 542 1
269 543 1
270 540 1
270 556 1
270 578 1
271 464 -1
271 689 -1
272 355 -1
272 360 1
272 361 1
273 363 1
273 465 -1
273 551 -1
273 688 1
274 384 1
274 388 1
275 355 -1
275 356 -1
276 355 -1
276 465 -1
276 686 -1
276 689 -1
277 363 1
277 465 -1
277 551 -1
277 688 1
278 355 -1
278 465 -1
278 686 -1
278 689 -1
279 688 1
280 688 1
281 384 1
281 388 1
282 556 1
284 551 1
285 492 1
286 493 1
286 494 1
288 371 1
289 317 1
289 456 1
290 317 1
290 617 -1
291 317 1
292 293 1
292 294 1
292 342 1
292 458 1
292 466 1
292 467 1
292 468 1
292 469 -1
292 509 1
292 529 1
292 531 1
292 534 1
292 537 1
292 538 1
292 609 -1
292 687 -1
293 505 -1
293 617 -1
294 687 1
296 298 1
296 505 -1
296 520 1
296 522 1
296 617 -1
297 298 1
297 409 1
297 414 1
297 617 1
298 302 1
298 374 1
298 400 1
298 433 1
298 617 1
300 384 1
300 388 1
301 556 1
304 355 -1
304 356 -1
306 307 1
306 556 1
308 556 1
309 684 1
310 684 1
312 578 1
313 578 1
315 317 1
316 317 1
316 539 1
317 318 1
318 405 1
319 684 1
320 322 1
321 322 1
322 323 1
322 325 1
322 326 1
324 515 1
324 625 1
327 639 1
327 649 1
328 689 -1
329 331 1
330 355 -1
332 368 1
332 369 1
332 416 1
332 418 1
332 419 1
332 420 1
332 427 1
332 428 1
332 448 1
332 449 1
332 450 1
332 451 1
332 452 1
332 461 1
332 462 1
332 463 1
332 470 1
332 527 1
332 571 1
332 572 1
332 592 1
332 602 1
332 608 1
332 618 1
333 673 1
334 352 1
334 414 1
334 557 1
334 558 1
334 561 1
334 573 1
334 688 1
336 513 1
337 371 1
338 360 1
338 361 1
339 617 -1
340 617 -1
342 617 -1
343 349 1
343 408 1
344 349 1
345 349 1
346 349 1
347 349 1
348 349 1
349 350 1
352 609 -1
353 609 -1
353 688 1
354 556 1
354 578 1
355 383 -1
355 460 -1
355 563 -1
355 564 -1
355 565 -1
355 595 -1
355 630 -1
355 635 -1
355 637 -1
355 638 -1
355 652 -1
355 654 -1
355 684 -1
355 685 -1
356 460 -1
356 595 -1
356 630 -1
356 635 -1
356 637 -1
356 638 -1
356 652 -1
356 654 -1
358 556 1
358 578 1
359 364 1
359 555 1
360 362 1
360 399 1
360 417 1
360 454 1
360 525 1
360 535 1
360 548 1
360 549 1
360 590 1
360 595 1
360 606 1
360 612 1
360 640 1
360 651 1
360 658 1
361 362 1
361 399 1
361 417 1
361 454 1
361 525 1
361 535 1
361 548 1
361 549 1
361 590 1
361 595 1
361 606 1
361 640 1
361 658 1
364 556 1
364 578 1
365 402 1
366 611 1
367 554 -1
370 371 1
370 447 1
371 394 1
371 395 1
371 422 1
371 423 1
371 442 1
371 443 1
371 536 1
371 581 1
371 631 1
371 650 1
371 662 1
371 669 1
372 688 -1
373 472 -1
374 617 1
375 625 1
376 609 -1
377 609 -1
378 609 -1
379 571 1
381 556 1
381 573 1
382 573 1
384 385 1
384 386 1
384 387 1
384 388 1
384 389 1
384 523 1
384 561 1
384 624 1
384 665 1
384 672 1
388 389 1
388 523 1
388 665 1
390 556 1
391 582 1
392 684 1
393 617 -1
396 683 1
397 453 1
397 683 1
398 556 1
398 683 1
399 515 -1
399 625 1
399 683 1
401 556 1
401 578 1
403 405 1
403 408 1
403 688 1
404 405 1
404 408 1
404 688 1
405 409 1
405 410 1
405 411 1
405 600 1
406 409 -1
407 582 1
408 409 1
408 410 1
408 411 1
408 412 1
408 439 -1
408 440 -1
408 528 1
409 512 1
409 540 1
409 688 1
411 556 1
412 688 1
413 473 -1
413 617 1
414 453 1
422 617 -1
423 617 -1
424 619 1
424 620 1
424 621 1
424 622 1
425 520 -1
425 521 -1
426 483 1
429 556 1
430 556 1
431 556 1
431 578 1
434 556 1
434 578 1
435 625 1
436 684 1
437 625 1
444 465 1
445 684 1
446 684 1
453 456 1
453 474 -1
453 475 -1
453 484 -1
453 485 1
453 488 1
455 589 1
456 512 1
456 573 1
456 594 1
457 617 -1
458 617 -1
459 617 -1
466 687 1
468 617 -1
469 512 1
469 573 1
469 609 -1
469 617 -1
469 687 -1
470 578 1
470 609 -1
471 609 -1
472 609 -1
480 684 1
481 483 1
482 625 1
489 625 1
491 556 1
491 578 1
496 556 1
496 578 1
497 688 1
499 539 1
500 556 1
501 684 1
502 684 1
503 684 1
505 561 1
507 688 -1
508 556 1
508 578 1
511 573 1
512 529 1
512 554 1
512 555 1
512 561 1
512 569 1
512 688 1
514 617 -1
515 524 1
515 576 1
515 602 1
515 603 1
515 604 1
515 627 1
515 634 1
515 656 -1
515 659 -1
515 679 1
516 564 -1
517 617 1
518 624 -1
519 566 -1
520 564 1
521 555 1
522 555 1
522 564 1
523 672 1
524 625 1
525 625 1
525 684 1
526 556 1
529 617 -1
530 556 1
530 578 1
531 617 -1
532 617 -1
533 566 -1
539 571 1
539 572 1
539 574 1
544 577 1
545 556 1
545 578 1
546 556 1
546 578 1
547 625 1
549 556 1
549 578 1
552 556 1
552 609 -1
554 688 1
555 688 1
556 557 1
556 561 1
556 590 1
556 593 1
556 605 1
556 623 1
556 629 1
556 633 1
556 636 1
556 641 1
556 642 1
556 643 1
556 644 1
556 645 1
556 646 1
556 647 1
556 648 1
556 654 1
556 655 1
556 657 1
556 660 1
556 664 1
556 666 1
556 668 1
556 670 1
556 671 1
557 609 -1
558 688 1
559 609 -1
560 609 -1
561 569 1
561 609 -1
564 686 -1
564 689 -1
568 578 1
576 625 1
578 590 1
578 593 1
578 605 1
578 623 1
578 629 1
578 633 1
578 636 1
578 641 1
578 642 1
578 643 1
578 647 1
578 648 1
578 654 1
578 655 1
578 657 1
578 660 1
578 667 1
578 670 1
578 671 1
582 583 1
582 584 1
582 585 1
582 586 1
582 587 1
582 653 1
591 617 -1
594 683 1
596 625 1
602 625 1
603 625 1
604 625 1
610 625 1
613 615 1
613 682 1
614 615 1
615 616 1
617 674 -1
625 632 1
625 634 1
625 656 1
625 659 1
625 661 1
625 679 1
628 684 1
662 673 1
663 673 1
665 672 1
673 675 1
673 676 1
673 677 1
673 678 1
